KEY_CODE,HYOSYO,HTKSYU,CITYNAME,NAME,T000055001,T000055002,T000055003,T000055004,T000055005,T000055006
,,,,,ZɏZވʐ,,c؉,Pѓ艄ʐ,Pl艄ʐ,ʐ
12219,1,,ss,,99879,67271,24055,93.6,34.5,9344501
122190010,2,*,ss,C,,,,,,
122190020,2,,ss,܈C,-,-,-,-,-,-
122190030,2,*,ss,܈C,,,,,,
122190040,2,@,ss,,1149,707,391,90.6,34.8,104048
12219004000,3,@,ss,,923,584,300,91.1,34.8,84106
12219004001,3,,ss,P,117,67,48,96.2,37.4,11259
12219004002,3,,ss,Q,68,27,36,66.8,27.2,4541
12219004003,3,,ss,R,41,29,7,101,39.8,4142
122190050,2,@,ss,k,13,12,-,131.2,43.7,1706
12219005001,3,,ss,kP,-,-,-,-,-,-
12219005002,3,*,ss,kQ,,,,,,
12219005003,3,*,ss,kR,,,,,,
122190090,2,,ss,P,782,487,279,93.6,32.1,73214
12219009001,3,,ss,P,282,178,97,92.5,32.7,26092
12219009002,3,,ss,PP,170,107,59,98.1,32.3,16684
12219009003,3,,ss,PQ,330,202,123,92.2,31.5,30438
122190100,2,,ss,P,-,-,-,-,-,-
122190120,2,,ss,,425,285,126,116.2,41,49402
122190130,2,,ss,萼,20,15,4,111,35.2,2219
122190150,2,,ss,ʑO,512,169,295,68.6,29.9,35136
122190160,2,,ss,ʑO,33,23,9,104.6,36.7,3452
12219016000,3,,ss,ʑOP,12,9,2,99.3,35.1,1192
12219016002,3,,ss,ʑOQ,21,14,7,107.6,37.7,2260
12219016003,3,,ss,ʑOR,-,-,-,-,-,-
122190200,2,@,ss,o,293,168,118,87.5,35.8,25648
122190210,2,*,ss,oÐ,,,,,,
122190220,2,,ss,я,756,516,221,88.7,33.1,67085
122190230,2,,ss,,1069,780,240,94.9,33.8,101484
122190240,2,,ss,,102,93,9,123,41.3,12545
122190250,2,,ss,ܗ,240,203,35,127.4,40.8,30580
122190260,2,,ss,c,40,40,-,174.3,43,6971
122190270,2,,ss,C,294,250,37,126.8,40.1,37290
122190280,2,,ss,x,211,189,14,129.6,39.8,27335
122190290,2,,ss,c,39,38,-,133.1,38.5,5192
122190300,2,,ss,_,49,48,1,147.6,44.4,7231
122190310,2,,ss,\ܑ,38,34,4,129.9,37.7,4935
122190320,2,,ss,,28,27,-,139.7,43.5,3911
122190330,2,,ss,,40,39,-,159.7,40.4,6387
122190340,2,,ss,,53,47,4,105.7,40.3,5602
122190350,2,,ss,,426,355,62,119.5,38.3,50911
122190360,2,,ss,L,1360,1028,300,105,34.9,142857
12219036001,3,,ss,L,39,36,2,131.3,37.4,5120
12219036002,3,,ss,LP,280,231,45,110.5,35.9,30952
12219036003,3,,ss,LQ,168,117,44,110.8,35,18608
12219036004,3,,ss,LR,154,93,56,99.9,35.2,15391
12219036005,3,,ss,LS,157,128,28,105.9,35.2,16629
12219036006,3,,ss,LT,208,170,33,104.1,33.7,21652
12219036007,3,,ss,LU,354,253,92,97.5,34.3,34505
122190370,2,,ss,y,1108,706,374,96.4,35.3,106773
12219037001,3,,ss,y,261,186,72,96.6,36.4,25221
12219037002,3,,ss,yЂP,184,116,66,94.4,36,17367
12219037003,3,,ss,yЂQ,100,48,45,85.8,28,8577
12219037004,3,,ss,yЂR,212,95,107,85.3,35.4,18076
12219037005,3,,ss,yЂS,156,99,55,96.4,34.6,15039
12219037006,3,,ss,yЂT,195,162,29,115.4,37.7,22494
122190380,2,,ss,,294,165,112,87.6,32.4,25761
12219038001,3,,ss,,-,-,-,-,-,-
12219038002,3,,ss,΂P,182,107,65,84.7,32,15417
12219038003,3,,ss,΂Q,112,58,47,92.4,33,10344
122190390,2,,ss,c,570,282,262,90.8,33.1,51764
12219039001,3,,ss,c,74,44,29,94.2,35.6,6974
12219039002,3,,ss,cP,126,67,55,95.1,34.2,11989
12219039003,3,,ss,cQ,73,14,56,67.3,26.4,4916
12219039004,3,,ss,cR,168,78,78,92,34.4,15456
12219039005,3,,ss,cS,129,79,44,96.4,32.5,12429
122190400,2,,ss,쌩,114,93,21,120.1,39.4,13696
122190410,2,,ss,c,680,306,289,77.1,33.2,52415
122190420,2,,ss,܈,6095,2997,2334,78.5,31.8,478295
12219042001,3,,ss,܈,2266,995,1137,77.3,32,175081
12219042002,3,,ss,܈,1080,496,428,77.7,32.4,83883
12219042003,3,,ss,܈,1545,957,488,80.5,31.7,124323
12219042004,3,,ss,܈,1204,549,281,78.9,30.9,95009
122190430,2,,ss,܈䓌,1419,519,838,69.4,31.1,98420
12219043001,3,,ss,܈䓌P,609,132,439,60.2,29.3,36668
12219043002,3,,ss,܈䓌Q,365,148,204,74.7,31.7,27262
12219043003,3,,ss,܈䓌R,445,239,195,77.5,32.8,34491
122190460,2,,ss,܈,24,13,10,113.6,56.8,2727
12219046001,3,@,ss,܈P,24,13,10,113.6,56.8,2727
12219046002,3,,ss,܈Q,-,-,-,-,-,-
12219046003,3,*,ss,܈R,,,,,,
12219046004,3,,ss,܈S,-,-,-,-,-,-
122190500,2,,ss,N,2379,1002,1319,73,30.7,173630
12219050001,3,,ss,N,-,-,-,-,-,-
12219050002,3,,ss,N˂P,517,195,310,75.3,30.1,38915
12219050003,3,,ss,N˂Q,401,190,200,77.6,32.4,31105
12219050004,3,,ss,N˂R,412,144,264,68.1,29.9,28053
12219050005,3,,ss,N˂S,331,90,234,60.7,27.5,20103
12219050006,3,,ss,N˂T,718,383,311,77.2,31.9,55455
122190560,2,,ss,,926,417,489,65.6,31.5,60738
12219056001,3,,ss,P,176,65,107,68.8,34.3,12104
12219056002,3,,ss,Q,154,84,68,68.5,29.5,10547
12219056003,3,,ss,R,130,57,69,73.8,32,9596
12219056004,3,,ss,S,286,141,143,58.3,30.2,16683
12219056005,3,,ss,T,105,42,57,61.3,30.2,6433
12219056006,3,,ss,U,75,28,45,71.7,35.6,5375
122190620,2,,ss,Cݒ,73,11,19,51.1,23.5,3730
122190630,2,,ss,Y,21,-,15,36.6,16.7,768
12219063001,3,,ss,YP,-,-,-,-,-,-
12219063002,3,,ss,YQ,21,-,15,36.6,16.7,768
122190650,2,,ss,,4681,2662,1871,76.3,33.2,357204
12219065001,3,,ss,,3338,1986,1253,78.6,33.5,262288
12219065002,3,,ss,,1343,676,618,70.7,32.7,94917
122190660,2,,ss,k,440,144,259,51.2,28.8,22510
12219066001,3,,ss,kP,110,33,73,51.9,31.5,5710
12219066002,3,,ss,kQ,156,73,55,59.5,27.5,9287
12219066003,3,,ss,kR,174,38,131,43.2,28.7,7513
122190690,2,,ss,Β,591,294,290,74.3,31.8,43900
12219069001,3,,ss,Β˂P,268,168,96,84.6,33.9,22665
12219069002,3,,ss,Β˂Q,323,126,194,65.7,29.7,21235
122190710,2,,ss,܏,790,345,237,80.5,31.3,63608
122190720,2,,ss,܏,410,197,196,78.3,33.5,32089
122190730,2,,ss,܏,956,279,553,59.9,27.4,57282
122190740,2,,ss,܏,816,218,496,59.4,28,48436
122190750,2,,ss,J,13,8,5,75.7,25.9,984
122190770,2,,ss,S{,630,551,70,104.7,35.9,65962
12219077002,3,,ss,S{P,179,161,15,108.2,37.8,19365
12219077003,3,,ss,S{Q,178,152,24,95.9,35.5,17069
12219077004,3,,ss,S{R,110,93,16,96.1,34.5,10576
12219077005,3,,ss,S{S,108,94,12,110.5,33.3,11935
12219077006,3,,ss,S{T,55,51,3,127.6,39,7016
12219077007,3,,ss,S{U,-,-,-,-,-,-
122190840,2,,ss,,351,194,101,83.9,32.2,29457
12219084002,3,,ss,P,126,74,49,94.3,33.5,11877
12219084003,3,,ss,Q,101,58,38,81,37.3,8177
12219084004,3,,ss,R,124,62,14,75.8,27.5,9403
12219084005,3,,ss,S,-,-,-,-,-,-
122190880,2,,ss,Rc,747,374,356,79.5,31.6,59370
12219088001,3,,ss,Rc,111,52,58,74.4,32.8,8253
12219088002,3,,ss,RcP,299,84,207,69.5,32.4,20782
12219088003,3,,ss,RcQ,173,130,43,93.1,31.7,16112
12219088004,3,,ss,RcR,164,108,48,86.7,29.8,14224
122190890,2,,ss,\,1938,1600,252,101.4,36.1,196545
122190920,2,,ss,O,419,317,92,88.2,34.8,36953
12219092002,3,,ss,OP,64,54,9,108.6,38,6950
12219092003,3,,ss,OQ,355,263,83,84.5,34.2,30003
122190930,2,,ss,s,450,371,73,92.2,35.8,41504
122190940,2,,ss,R,900,579,145,92.9,34.7,83607
122190950,2,,ss,e,2323,875,134,78.4,28.7,182175
12219095000,3,,ss,e,2026,752,99,77.6,28.3,157205
12219095001,3,,ss,e,297,123,35,84.1,31.7,24970
122190960,2,,ss,Îs,830,528,278,84,33.1,69693
122190970,2,,ss,,425,401,17,122.3,39.7,51979
122190980,2,,ss,X,1690,1365,301,85.1,31.5,143855
122190990,2,,ss,{,1889,1671,180,98.4,37.1,185952
12219099001,3,,ss,{P,362,295,61,95.3,37.4,34497
12219099002,3,,ss,{Q,319,276,29,84.9,31.7,27078
12219099003,3,,ss,{R,317,288,29,90.8,35.2,28777
12219099004,3,,ss,{S,321,301,19,94,36.2,30169
12219099005,3,,ss,{T,231,197,19,108.8,39.4,25122
12219099006,3,,ss,{U,269,252,15,120,42.9,32269
12219099007,3,,ss,{V,70,62,8,114.9,43.2,8040
122191060,2,,ss,oC,6,2,-,59,19.7,354
122191070,2,,ss,Œ,1426,1116,266,101.5,37.3,144704
122191080,2,,ss,ł̖ؑ,569,528,37,103,36.6,58622
12219108001,3,,ss,ł̖ؑP,303,277,24,99.3,34.9,30090
12219108002,3,,ss,ł̖ؑQ,266,251,13,107.3,38.6,28532
122191100,2,,ss,o,4939,2914,1624,84.8,33.8,419053
12219110001,3,,ss,o,2470,1589,643,88.3,33.8,218158
12219110002,3,,ss,o,2440,1310,968,81.4,33.8,198554
12219110003,3,,ss,o,29,15,13,80.7,33,2341
122191110,2,,ss,Ж,47,46,-,134,38.2,6299
122191120,2,,ss,}c,155,73,15,96.3,36.1,14930
122191130,2,,ss,sl,443,344,36,88.1,31.8,39045
122191140,2,,ss,LH䓌,708,127,12,58.6,27.1,41461
12219114001,3,,ss,LH䓌P,279,27,1,41.8,32.6,11661
12219114002,3,,ss,LH䓌Q,275,71,9,68.6,26.6,18867
12219114003,3,,ss,LH䓌R,154,29,2,71,23.7,10934
122191170,2,,ss,LH䐼,722,61,35,61.2,20.3,44210
12219117001,3,,ss,LH䐼P,226,15,2,54.1,18.8,12232
12219117002,3,,ss,LH䐼Q,496,46,33,64.5,20.9,31978
122191190,2,,ss,VHc,145,139,6,138.1,44.5,20020
122191200,2,,ss,[,100,91,4,138.3,40.9,13833
122191210,2,,ss,L,45,44,1,154.7,40.9,6960
122191220,2,,ss,,112,104,5,126.6,35.6,14183
122191230,2,,ss,,97,73,3,118.2,41.7,11466
122191240,2,,ss,,78,71,4,129.4,42.2,10095
122191250,2,,ss,,283,191,35,93.8,33.9,26534
122191260,2,,ss,ÒR,703,485,192,99.8,37.4,70190
122191270,2,,ss,t,2895,2468,175,101.9,37.6,294973
12219127001,3,,ss,tP,380,228,24,86.2,30.5,32772
12219127002,3,,ss,tQ,481,357,45,86.5,32.6,41598
12219127003,3,,ss,tR,450,375,47,101.3,39.7,45568
12219127004,3,,ss,tS,407,389,15,118.5,43.2,48244
12219127005,3,,ss,tT,239,221,14,115.8,42.8,27679
12219127006,3,,ss,tU,382,365,14,107.8,39.1,41187
12219127007,3,,ss,tV,556,533,16,104.2,37.8,57924
122191340,2,,ss,,1274,1219,37,115,39.4,146479
12219134001,3,,ss,P,217,210,5,116.2,36,25217
12219134002,3,,ss,Q,437,428,5,116.3,39.7,50839
12219134003,3,,ss,R,347,329,16,111,39.6,38516
12219134004,3,,ss,S,273,252,11,116.9,41.5,31908
122191380,2,,ss,,1057,1027,18,128.5,40,135774
12219138001,3,,ss,P,187,178,6,113.1,34.5,21156
12219138002,3,,ss,Q,247,242,2,125.2,38.4,30914
12219138003,3,,ss,R,315,310,5,136.1,43,42871
12219138004,3,,ss,S,237,227,5,137.8,44.3,32661
12219138005,3,,ss,T,71,70,-,115.1,33.4,8172
122191430,2,,ss,Rq,226,176,45,111.7,39.6,25252
122191440,2,,ss,,270,254,11,111.4,37.2,30068
122191450,2,,ss,CmL,434,335,90,110.6,39.5,47991
122191460,2,,ss,,205,174,27,120.7,40.1,24735
122191470,2,,ss,V,77,71,6,135.7,38.3,10447
122191480,2,,ss,,71,69,2,128,37.1,9088
122191490,2,,ss,v,33,32,-,140.4,41.8,4635
122191500,2,,ss,{,94,91,2,131.5,45.8,12362
122191510,2,,ss,,63,60,2,148.6,41.8,9365
122191520,2,,ss,䏬,53,48,3,146.2,38.7,7749
122191530,2,,ss,,35,29,6,136,39.3,4760
122191540,2,,ss,Vx,182,177,3,136.6,42.1,24861
122191550,2,,ss,m,71,71,-,126.6,41.4,8986
122191560,2,,ss,PJ,419,276,13,105.3,36.4,44113
122191570,2,,ss,,127,124,1,138.1,40.1,17538
122191580,2,,ss,剱,70,70,-,139,35.6,9729
122191590,2,,ss,V,50,50,-,153.9,44.5,7694
122191600,2,,ss,,82,81,1,139.6,38.8,11447
122191610,2,,ss,C,20,19,-,129.1,42.3,2582
122191620,2,,ss,yF,142,140,2,159.3,42.6,22623
122191630,2,,ss,s,80,80,-,146.7,43.9,11732
122191640,2,,ss,Rc,136,123,12,135.5,40.6,18431
122191650,2,,ss,{,62,61,1,134.3,38.2,8324
122191660,2,,ss,,36,34,1,129.6,38.9,4667
122191670,2,,ss,,2290,2164,96,102.2,35.5,234138
12219167001,3,,ss,P,322,305,11,109.9,38.2,35383
12219167002,3,,ss,Q,316,292,21,99.1,34.9,31323
12219167003,3,,ss,R,605,579,21,97.5,34.8,58999
12219167004,3,,ss,S,565,531,25,100,34.3,56513
12219167005,3,,ss,T,482,457,18,107.7,36.5,51919
122191720,2,,ss,vX,63,62,1,115.8,37.6,7294
122191730,2,,ss,,924,781,99,108.8,38.7,100514
122191740,2,,ss,,140,132,5,120.3,38.8,16836
122191750,2,,ss,ig,109,107,1,135.3,39.7,14746
122191760,2,,ss,ԏ,20,19,1,165.2,39.8,3305
122191770,2,,ss,,58,58,-,151.6,45.1,8792
122191780,2,,ss,,1458,1310,104,112.3,42.2,163714
122191790,2,,ss,,30,29,-,150.1,51.8,4504
122191800,2,,ss,c,46,46,-,141.8,42.9,6523
122191810,2,,ss,q,48,48,-,139,47,6670
122191820,2,,ss,g,120,115,3,135.1,45.3,16214
122191830,2,,ss,n,146,144,2,131.4,38.1,19188
122191840,2,,ss,ޗ,56,56,-,143.2,40.3,8018
122191850,2,,ss,Ós,21,21,-,155.2,41.3,3259
122191860,2,,ss,쑽,678,517,83,95.8,33.9,64956
122191870,2,,ss,,137,127,8,130.5,42.3,17884
122191880,2,,ss,,40,40,-,119.1,36.9,4763
122191890,2,,ss,,27,27,-,136.8,40.6,3694
122191900,2,,ss,,93,93,-,145.3,41.2,13511
122191910,2,,ss,t,42,40,2,153.8,36.5,6461
122191920,2,,ss,c,75,69,4,121.7,40.6,9125
122191930,2,,ss,,205,192,10,113,37.4,23158
122191940,2,@,ss,_,85,80,3,125.5,40,10668
122191950,2,*,ss,RVn,,,,,,
122191970,2,,ss,,14,14,-,167.2,44.2,2341
122191980,2,,ss,,1038,940,79,105.3,35.2,109319
122191990,2,,ss,㍂,723,691,27,110.4,37.2,79830
122192000,2,,ss,n,1161,1011,136,100.2,34.4,116274
122192010,2,,ss,㌴,45,43,2,133.4,38.5,6005
122192020,2,,ss,,393,377,14,108.3,38.5,42569
122192030,2,,ss,J,77,70,-,129.9,42.2,10002
122192040,2,,ss,,190,182,5,118.4,35.1,22493
122192050,2,,ss,g,689,664,18,110.3,36.8,75989
122192060,2,,ss,,286,266,18,121.7,38.1,34802
122192070,2,,ss,,65,64,1,129.4,38.4,8409
122192080,2,,ss,,188,110,19,100.4,33.2,18881
122192090,2,,ss,v,769,478,268,94.3,36.7,72506
122192100,2,,ss,Fg,672,595,64,105.3,36.3,70735
122192110,2,,ss,,27,27,-,147.8,37.6,3989
122192120,2,,ss,呠,13,13,-,128.1,49,1665
122192130,2,,ss,,30,30,-,129,39.1,3871
122192140,2,,ss,M,60,59,1,125.6,37.3,7538
122192150,2,,ss,,332,317,11,101.2,33.7,33612
122192160,2,,ss,vJ,84,67,16,112.4,36.3,9440
122192170,2,,ss,đ,131,118,10,121.8,40,15954
122192180,2,,ss,^PJ,35,35,-,136.1,37.8,4762
122192190,2,,ss,h,64,63,-,149.8,42.2,9589
122192200,2,,ss,c,16,16,-,163.8,46,2621
122192210,2,,ss,xz,31,30,-,148.5,37.1,4604
122192220,2,,ss,s,24,24,-,150.6,40.2,3614
122192230,2,,ss,,47,47,-,157.3,45.9,7392
122192240,2,,ss,,19,19,-,150.2,39.6,2854
122192250,2,,ss,c,19,19,-,109.4,30.1,2079
122192260,2,,ss,ΐ,443,425,13,106.2,35.4,47043
122192270,2,,ss,]qc,140,129,6,101.5,36.3,14207
122192280,2,,ss,c,144,139,2,129.7,39.6,18670
122192290,2,,ss,c,28,28,-,129,35.4,3613
122192300,2,,ss,rac,116,114,2,132.2,40.4,15341
122192310,2,,ss,ߕ,482,386,12,102.5,39.9,49420
122192320,2,,ss,c,159,150,7,124.6,37,19818
122192330,2,,ss,R,51,46,2,141.3,35.3,7208
122192340,2,,ss,,174,171,3,138.5,41.1,24097
122192350,2,,ss,Č,128,126,1,121,40.2,15485
122192360,2,,ss,,39,38,1,132.1,47.3,5151
122192380,2,,ss,Oc,41,40,-,116.2,38.4,4763
122192390,2,,ss,v,155,154,-,139.8,40,21673
122192400,2,,ss,,31,30,-,138.7,41.3,4298
122192410,2,,ss,R,49,49,-,147,40.2,7203
122192420,2,,ss,{V,107,102,2,150.3,49.6,16080
122192430,2,,ss,{,95,92,3,133.7,39.4,12701
122192440,2,,ss,,85,83,2,149.9,41.1,12746
122192450,2,,ss,ac,40,39,-,147.4,45,5894
122192460,2,,ss,s,43,42,1,142.7,43.5,6136
122192470,2,,ss,V,30,30,-,128,40.4,3841
122192480,2,,ss,g,47,47,-,133.8,44.6,6289
122192490,2,,ss,Õ~J,162,159,3,127.5,45.3,20650
122192500,2,,ss,Jc,65,63,2,129.8,36.5,8437
122192510,2,,ss,,45,43,-,139.5,38.7,6277
122192520,2,,ss,,39,38,1,138.7,45.9,5411
122192530,2,,ss,ы,90,88,2,141.9,47.5,12768
122192540,2,,ss,c,47,45,1,139.1,41.4,6537
122192550,2,,ss,`ؑ,35,33,2,150.1,45.3,5255
122192560,2,,ss,,66,64,-,154.5,42.3,10199
122192570,2,,ss,c,99,98,-,149.4,47.3,14795
122192580,2,,ss,o,59,57,2,135.7,54.8,8007
122192590,2,,ss,˖,54,53,1,152.3,42.2,8222
122192600,2,,ss,,118,113,4,133.9,47.2,15799
122192610,2,,ss,ΐ_,54,49,1,136.3,46.6,7360
122192620,2,,ss,ܒ,51,50,1,132.7,44.8,6768
122192630,2,,ss,v,42,41,-,130.3,47.6,5475
122192640,2,,ss,{,49,48,1,142.8,40.9,6997
122192650,2,,ss,,81,77,3,140.1,46.7,11347
122192660,2,,ss,,28,27,1,124.8,38.4,3495
122192670,2,,ss,,26,26,-,129.6,40.1,3369
122192680,2,,ss,Β,24,24,-,143.2,49.1,3436
122192690,2,,ss,c|,48,47,-,131.1,38.9,6295
122192700,2,,ss,C䓌,2892,1327,548,73.9,27.4,213621
12219270001,3,,ss,C䓌P,348,284,28,102.5,34.1,35677
12219270002,3,,ss,C䓌Q,584,125,96,61.9,26.1,36159
12219270003,3,,ss,C䓌R,977,459,142,67.6,24.8,66053
12219270004,3,,ss,C䓌S,742,335,189,79.6,27.5,59035
12219270005,3,,ss,C䓌T,241,124,93,69.3,29.7,16696
122192750,2,,ss,C䐼,1367,786,72,84.1,28.1,114960
12219275001,3,,ss,C䐼P,297,153,28,85.9,27.8,25498
12219275002,3,,ss,C䐼Q,294,246,-,93.6,29.5,27533
12219275003,3,,ss,C䐼R,342,161,8,80.6,25.8,27568
12219275004,3,,ss,C䐼S,301,129,6,72.9,25.8,21951
12219275005,3,,ss,C䐼T,133,97,30,93.3,38.1,12410
122192800,2,,ss,䒆,1745,1035,670,87.5,32.2,152665
12219280001,3,,ss,䒆P,276,89,178,67.9,26.5,18738
12219280002,3,,ss,䒆Q,310,243,62,90,33.9,27889
12219280003,3,,ss,䒆R,281,77,195,59.3,27.9,16667
12219280004,3,,ss,䒆S,205,136,65,102.4,35.3,20987
12219280005,3,,ss,䒆T,219,163,53,97,30.5,21243
12219280006,3,,ss,䒆U,173,130,39,108.3,35,18738
12219280007,3,,ss,䒆V,281,197,78,101.1,36.4,28403
122192810,2,,ss,,931,500,419,85.9,33.8,80002
12219281001,3,,ss,P,257,92,162,71.2,29.6,18307
12219281002,3,,ss,Q,196,106,88,82.3,31.3,16138
12219281003,3,,ss,R,167,123,41,104.2,38.4,17405
12219281004,3,,ss,S,128,90,36,105.7,39.5,13533
12219281005,3,,ss,T,183,89,92,79.9,33.3,14618
122192820,2,,ss,썑,880,589,282,92.2,34.8,81142
12219282001,3,,ss,썑P,162,122,37,96.1,34.4,15573
12219282002,3,,ss,썑Q,154,116,35,103,36.6,15867
12219282003,3,,ss,썑R,170,112,58,92.3,33.3,15684
12219282004,3,,ss,썑S,193,105,88,86.5,35.6,16696
12219282005,3,,ss,썑T,201,134,64,86.2,34.4,17322
122192830,2,,ss,,682,357,307,83,32.8,56595
12219283001,3,,ss,P,316,142,166,80.4,33.2,25400
12219283002,3,,ss,Q,366,215,141,85.2,32.5,31195
122192840,2,,ss,k,1327,1019,285,95.4,35.2,126659
12219284001,3,,ss,kP,230,174,49,97.9,34.6,22527
12219284002,3,,ss,kQ,237,212,21,99.8,34.6,23654
12219284003,3,,ss,kR,196,166,28,100.8,37.9,19758
12219284004,3,,ss,kS,435,291,136,90.1,35.1,39191
12219284005,3,,ss,kT,229,176,51,94,34.6,21529
122192850,2,,ss,zK,309,196,103,104.1,34.6,32178
12219285001,3,,ss,zKP,185,128,49,101.9,34.9,18849
12219285002,3,,ss,zKQ,124,68,54,107.5,34.1,13329
122192870,2,,ss,܈䒆,691,122,533,52.7,29.7,36413
12219287001,3,,ss,܈䒆P,271,64,197,59.2,31,16051
12219287002,3,,ss,܈䒆Q,420,58,336,48.5,28.7,20361
122192880,2,,ss,,839,390,407,85.2,33.4,71522
12219288001,3,,ss,P,71,17,51,63.6,31.8,4515
12219288002,3,,ss,Q,147,65,76,83.2,31.9,12235
12219288003,3,,ss,R,153,68,82,90.4,34.3,13825
12219288004,3,,ss,S,76,31,24,76.5,28.2,5816
12219288005,3,,ss,T,164,97,61,97.2,34.8,15945
12219288006,3,,ss,U,-,-,-,-,-,-
12219288007,3,,ss,V,228,112,113,84.1,35.1,19186
122192890,2,,ss,܈䐼,2163,916,1161,76.8,29.8,166126
12219289001,3,,ss,܈䐼P,150,50,93,72.9,30.9,10935
12219289002,3,,ss,܈䐼Q,424,169,238,74.2,29.7,31463
12219289003,3,,ss,܈䐼R,194,77,114,75.2,29,14596
12219289004,3,,ss,܈䐼S,568,269,274,77.6,30,44089
12219289005,3,,ss,܈䐼T,343,117,207,67.3,27.9,23087
12219289006,3,,ss,܈䐼U,258,157,92,94,31.6,24244
12219289007,3,,ss,܈䐼V,226,77,143,78.4,29.7,17712
122192900,2,,ss,܈䒆,539,288,217,76.1,34.8,41003
12219290001,3,,ss,܈䒆P,244,123,101,70.7,34.2,17261
12219290002,3,,ss,܈䒆Q,229,129,90,78,34.3,17858
12219290003,3,,ss,܈䒆R,66,36,26,89.2,38.5,5884
122192910,2,,ss,͂䓌,1919,1608,286,103.6,34.3,198808
12219291001,3,,ss,͂䓌P,131,107,22,110.9,35.1,14532
12219291002,3,,ss,͂䓌Q,784,724,47,100.2,32.3,78565
12219291003,3,,ss,͂䓌R,22,17,4,114.5,40.6,2519
12219291004,3,,ss,͂䓌S,260,214,41,108.3,35,28169
12219291005,3,,ss,͂䓌T,246,168,77,100.3,36.9,24685
12219291006,3,,ss,͂䓌U,-,-,-,-,-,-
12219291007,3,,ss,͂䓌V,79,70,9,113.3,37.4,8950
12219291008,3,,ss,͂䓌W,180,153,26,110.1,36.5,19810
12219291009,3,,ss,͂䓌X,217,155,60,99.4,34.4,21577
122192920,2,,ss,͂䐼,1101,752,337,88.5,33.3,97427
12219292001,3,,ss,͂䐼P,144,97,46,99.2,38.4,14291
12219292002,3,,ss,͂䐼Q,18,4,10,51.6,34.4,928
12219292003,3,,ss,͂䐼R,76,24,48,71.3,27.6,5416
12219292004,3,,ss,͂䐼S,295,295,-,92.4,29.7,27254
12219292005,3,,ss,͂䐼T,361,127,231,62.6,33.6,22586
12219292006,3,,ss,͂䐼U,207,205,2,130.2,36.5,26951
122192930,2,,ss,͂,2626,2212,365,106.6,34,279847
12219293001,3,,ss,͂P,201,137,61,111.4,34.4,22394
12219293002,3,,ss,͂Q,397,241,147,99.1,36.6,39325
12219293003,3,,ss,͂R,265,239,23,125.7,37.4,33306
12219293004,3,,ss,͂S,132,91,40,98.7,33.6,13029
12219293005,3,,ss,͂T,742,681,45,101.2,31.1,75105
12219293006,3,,ss,͂U,889,823,49,108.8,34.3,96688
