KEY_CODE,HYOSYO,HTKSYU,CITYNAME,NAME,T000055001,T000055002,T000055003,T000055004,T000055005,T000055006
,,,,,ZɏZވʐ,,c؉,Pѓ艄ʐ,Pl艄ʐ,ʐ
12402,1,,Ԕ,,16450,13974,2136,113.6,38.5,1868383
124020011,2,,Ԕ,Ȃ,470,265,200,90.6,32.8,42565
12402001101,3,,Ԕ,ȂP,260,68,189,69.6,28.2,18084
12402001102,3,,Ԕ,ȂQ,210,197,11,116.6,37.4,24481
124020012,2,,Ԕ,ic,397,343,51,122.3,41.2,48541
124020021,2,,Ԕ,݂₱,410,385,15,108.9,40.2,44658
12402002101,3,,Ԕ,݂₱P,73,63,9,114.9,40.5,8387
12402002102,3,,Ԕ,݂₱Q,337,322,6,107.6,40.2,36271
124020022,2,,Ԕ,,749,412,300,80.7,34.2,60462
124020030,2,,Ԕ,oc,87,62,25,109.9,36.9,9560
124020040,2,,Ԕ,,132,124,8,128.6,40.9,16970
124020050,2,,Ԕ,_[,26,26,-,138.2,35.6,3594
124020060,2,,Ԕ,,33,32,-,145,38,4785
124020070,2,,Ԕ,c,18,17,1,166.5,54.5,2998
124020080,2,,Ԕ,,1774,1344,377,106.4,38.5,188701
124020090,2,,Ԕ,,196,141,50,108.8,39.6,21331
124020100,2,,Ԕ,J,105,103,1,111.6,39.7,11719
124020110,2,,Ԕ,ݖ,24,24,-,141.7,42,3400
124020120,2,,Ԕ,J,483,424,54,116.2,38.5,56148
124020130,2,,Ԕ,|,211,145,58,103,40,21731
124020140,2,,Ԕ,rc,105,91,13,117.5,38.2,12338
124020150,2,,Ԕ,,109,68,40,94.1,34.5,10253
124020160,2,,Ԕ,,63,61,1,138.2,44.4,8708
124020170,2,,Ԕ,{,59,59,-,145.7,42.8,8597
124020180,2,,Ԕ,R,22,22,-,178.8,38.9,3933
124020190,2,,Ԕ,L,241,214,21,110.5,35,26639
124020200,2,,Ԕ,JVc,354,313,32,105,36,37170
124020210,2,,Ԕ,k,58,56,2,135.6,43.2,7867
124020220,2,,Ԕ,쉡,1184,1083,93,111.9,37.5,132507
124020230,2,,Ԕ,xc,740,672,56,112.6,38,83348
124020240,2,,Ԕ,kђ,375,346,23,119.2,40.8,44711
124020250,2,,Ԕ,ђ,314,301,10,115,38.6,36099
124020260,2,,Ԕ,`,89,78,10,113.7,39.2,10117
124020270,2,,Ԕ,؍,407,388,16,115.5,37,47019
124020280,2,,Ԕ,,766,694,59,106.1,37.8,81284
124020290,2,,Ԕ,KJ,205,187,10,125.5,36.6,25733
124020300,2,,Ԕ,lV,815,761,17,128.2,38.8,104514
124020310,2,,Ԕ,ב,587,530,49,117.7,41.1,69115
124020320,2,,Ԕ,k,664,590,40,124.5,39.1,82682
124020330,2,,Ԕ,썡,723,683,27,130.1,40.7,94032
124020340,2,,Ԕ,jR,115,100,7,113.9,39.7,13104
124020350,2,,Ԕ,,78,73,3,133.5,41.8,10416
124020360,2,,Ԕ,kgc,75,70,4,118.4,42.1,8882
124020370,2,,Ԕ,\,71,67,3,124.4,36,8830
124020380,2,,Ԕ,PT,203,190,10,110.3,40,22382
124020390,2,,Ԕ,,41,38,3,144.4,34.8,5919
124020400,2,,Ԕ,ّ݂,1491,1099,369,103.6,34.5,154426
12402040001,3,,Ԕ,ّ݂P,654,414,226,96.6,34.9,63201
12402040002,3,,Ԕ,ّ݂Q,422,341,73,110.4,34.5,46599
12402040003,3,,Ԕ,ّ݂R,415,344,70,107.5,33.8,44625
124020410,2,,Ԕ,G̐X,873,851,16,137.4,46,119919
12402041001,3,,Ԕ,G̐XP,169,163,6,124.5,40.4,21037
12402041002,3,,Ԕ,G̐XQ,475,463,9,141.8,47.5,67375
12402041003,3,,Ԕ,G̐XR,55,54,-,131.6,49.9,7239
12402041004,3,,Ԕ,G̐XS,174,171,1,139.5,46.4,24269
12402041005,3,,Ԕ,G̐XT,-,-,-,-,-,-
124020420,2,,Ԕ,݂ǂ肪u,508,442,62,119.4,38.6,60680
12402042001,3,,Ԕ,݂ǂ肪uP,92,53,38,99.3,36.2,9133
12402042002,3,,Ԕ,݂ǂ肪uQ,252,240,10,127.5,39.7,32128
12402042003,3,,Ԕ,݂ǂ肪uR,114,101,13,119.7,36.6,13650
12402042004,3,,Ԕ,݂ǂ肪uS,50,48,1,115.4,41.8,5770
