KEY_CODE,HYOSYO,HTKSYU,CITYNAME,NAME,T000055001,T000055002,T000055003,T000055004,T000055005,T000055006
,,,,,ZɏZވʐ,,c؉,Pѓ艄ʐ,Pl艄ʐ,ʐ
12216,1,,Kus,,63402,34746,16368,75.4,30.6,4782211
122160010,2,,Kus,J,11067,5836,2560,73.1,29.6,808619
12216001001,3,,Kus,JÂP,1188,468,527,69.6,31.6,82721
12216001002,3,,Kus,JÂQ,1162,720,398,70.7,31.3,82160
12216001003,3,,Kus,JÂR,3388,1575,197,77.7,28.7,263370
12216001004,3,,Kus,JÂS,1245,962,130,65.4,27.3,81406
12216001005,3,,Kus,JÂT,2155,1198,714,79.3,32.7,170882
12216001006,3,,Kus,JÂU,1062,588,260,72.2,27,76642
12216001007,3,,Kus,JÂV,867,325,334,59.3,28.2,51439
122160020,2,,Kus,JÒ,116,99,11,78.6,30.2,9112
12216002001,3,,Kus,JÒP,109,96,8,79.1,30,8627
12216002004,3,,Kus,JÒS,7,3,3,69.3,34.6,485
122160030,2,,Kus,Óc,6828,3243,2158,68.2,29.5,465425
12216003001,3,,Kus,ÓcP,615,332,248,66.9,34.2,41135
12216003002,3,,Kus,ÓcQ,1379,404,315,60.6,25.7,83613
12216003003,3,,Kus,ÓcR,1769,809,612,61.9,27.2,109575
12216003004,3,,Kus,ÓcS,493,203,184,70,29.1,34499
12216003005,3,,Kus,ÓcT,885,560,294,76.5,32.5,67675
12216003006,3,,Kus,ÓcU,730,511,141,78.5,31,57312
12216003007,3,,Kus,ÓcV,957,424,364,74.8,32.6,71616
122160040,2,,Kus,PY,5205,2000,255,69.8,29,363330
12216004001,3,,Kus,PYP,937,744,170,82.8,30.8,77589
12216004002,3,,Kus,PYQ,1453,207,21,47.8,21,69491
12216004003,3,,Kus,PYR,1674,-,2,44.9,20.6,75200
12216004004,3,,Kus,PYS,277,260,10,129.1,49.6,35753
12216004005,3,,Kus,PYT,352,315,26,119.7,45.8,42140
12216004006,3,,Kus,PYU,512,474,26,123.4,45.1,63157
122160050,2,,Kus,,2968,1647,1114,79,32.3,234607
12216005001,3,,Kus,P,753,311,356,71,32.6,53472
12216005002,3,,Kus,Q,1077,637,369,78.8,31.5,84832
12216005003,3,,Kus,R,615,405,198,89.2,35.6,54843
12216005004,3,,Kus,S,337,223,94,85,30.2,28640
12216005005,3,,Kus,T,186,71,97,68.9,29.1,12820
122160060,2,,Kus,,2353,1387,770,81.2,33.2,191167
12216006001,3,,Kus,P,354,185,104,79.8,32.6,28233
12216006002,3,,Kus,Q,235,158,24,86.2,35.9,20253
12216006003,3,,Kus,R,999,671,302,86.9,34.6,86840
12216006004,3,,Kus,S,765,373,340,73,30.6,55841
122160070,2,,Kus,,5497,3367,1901,79.1,32.6,435038
12216007001,3,,Kus,P,557,322,207,80,33.8,44540
12216007002,3,,Kus,Q,1015,345,591,59.2,28,60078
12216007003,3,,Kus,R,803,559,221,90,35.2,72289
12216007004,3,,Kus,S,878,469,376,74.8,33.1,65684
12216007005,3,,Kus,T,1200,963,202,86.5,31.4,103763
12216007006,3,,Kus,U,691,479,192,86.9,35.6,60020
12216007007,3,,Kus,V,353,230,112,81.2,33.1,28664
122160080,2,,Kus,v,4034,2106,1716,67.6,30.3,272639
12216008001,3,,Kus,vۂP,1302,659,565,68.2,31.2,88782
12216008002,3,,Kus,vۂQ,1161,632,459,66.3,27.9,76933
12216008003,3,,Kus,vۂR,866,473,352,65,29.6,56328
12216008004,3,,Kus,vۂS,705,342,340,71.8,33.9,50596
122160090,2,,Kus,{v,4298,2439,1309,76.8,31.5,330176
12216009001,3,,Kus,{vۂP,764,453,230,79,32,60382
12216009002,3,,Kus,{vۂQ,1057,380,301,65.9,28,69614
12216009003,3,,Kus,{vۂR,744,435,295,79,34.4,58740
12216009004,3,,Kus,{vۂS,1141,823,293,87.8,34.4,100188
12216009005,3,,Kus,{vۂT,592,348,190,69.7,27.6,41251
122160100,2,,Kus,,1317,119,43,61.5,24.2,80992
12216010001,3,*,Kus,򒬂P,,,,,,
12216010002,3,@,Kus,򒬂Q,486,13,29,51.9,27,25236
12216010003,3,,Kus,򒬂R,831,106,14,67.1,23.2,55755
122160110,2,,Kus,ԍ,1843,1186,602,83.7,35.2,154228
12216011001,3,,Kus,ԍP,1108,691,378,82.6,35.5,91527
12216011002,3,,Kus,ԍQ,735,495,224,85.3,34.8,62701
122160120,2,,Kus,~,1580,921,344,80.4,30.7,127042
12216012001,3,,Kus,~P,388,249,81,85,32.7,32991
12216012002,3,,Kus,~Q,268,117,57,74.8,27.6,20039
12216012003,3,,Kus,~R,424,228,112,74.7,30.6,31664
12216012004,3,,Kus,~S,232,120,38,74.2,26.1,17221
12216012005,3,,Kus,~T,268,207,56,93.8,35.3,25127
122160130,2,,Kus,Vh,837,609,161,82.9,32.2,69417
12216013001,3,,Kus,VhP,625,428,132,77.4,30.3,48387
12216013002,3,,Kus,VhQ,212,181,29,99.2,37.4,21030
122160150,2,,Kus,Ku,6485,3814,1743,75.1,29.9,487251
12216015001,3,,Kus,KuP,629,332,118,72.8,27.1,45784
12216015002,3,,Kus,KuQ,495,71,32,64.4,32.4,31870
12216015003,3,,Kus,KuR,726,443,265,75.5,30.9,54813
12216015004,3,,Kus,KuS,1081,660,301,76.2,29.7,82359
12216015005,3,,Kus,KuT,987,688,240,77.6,29.9,76573
12216015006,3,,Kus,KuU,853,601,188,84.1,31.6,71751
12216015007,3,,Kus,KuV,38,-,-,43.1,14.5,1637
12216015008,3,,Kus,KuW,1676,1019,599,73.1,29.5,122465
122160160,2,,Kus,,2213,1585,64,97.3,31.9,215416
12216016001,3,,Kus,P,1032,491,5,74,25.8,76373
12216016002,3,,Kus,Q,253,241,8,126.6,38.9,32037
12216016003,3,,Kus,R,267,240,18,120.6,37.1,32192
12216016004,3,,Kus,S,166,156,4,88.6,28.2,14710
12216016005,3,,Kus,T,277,258,15,120.5,37.7,33381
12216016006,3,,Kus,U,218,199,14,122.6,38.8,26723
122160170,2,,Kus,ŉ,-,-,-,-,-,-
12216017001,3,,Kus,ŉP,-,-,-,-,-,-
12216017002,3,,Kus,ŉQ,-,-,-,-,-,-
12216017003,3,,Kus,ŉR,-,-,-,-,-,-
122160180,2,,Kus,H,2604,1899,95,84.7,30.1,220510
12216018001,3,,Kus,HÂP,722,692,17,77.4,27.5,55855
12216018002,3,,Kus,HÂQ,978,402,18,67.9,25.7,66389
12216018003,3,,Kus,HÂR,359,343,10,88.5,30.6,31761
12216018004,3,,Kus,HÂS,237,207,21,125.5,39,29740
12216018005,3,,Kus,HÂT,308,255,29,119.4,40.5,36765
122160190,2,,Kus,l,-,-,-,-,-,-
12216019001,3,,Kus,lP,-,-,-,-,-,-
12216019002,3,,Kus,lQ,-,-,-,-,-,-
12216019003,3,,Kus,lR,-,-,-,-,-,-
122160210,2,,Kus,,4157,2489,1522,76.3,32.1,317245
12216021001,3,,Kus,P,789,415,316,65.4,29.2,51603
12216021002,3,,Kus,Q,992,663,308,73.2,29.3,72600
12216021003,3,,Kus,R,348,169,169,81.8,34,28456
12216021004,3,,Kus,S,788,326,439,73.3,32.4,57756
12216021005,3,,Kus,T,605,421,172,84.8,35.4,51276
12216021006,3,,Kus,U,467,353,99,81.9,33.7,38232
12216021007,3,,Kus,{,168,142,19,103.1,41,17323
