KEY_CODE,HYOSYO,HTKSYU,CITYNAME,NAME,T000055001,T000055002,T000055003,T000055004,T000055005,T000055006
,,,,,ZɏZވʐ,,c؉,Pѓ艄ʐ,Pl艄ʐ,ʐ
12221,1,,s,,67343,42010,13086,83.6,31.8,5631180
122210010,2,,s,ac,3292,2242,897,87.1,34.2,286829
12221001001,3,,s,ac,1158,760,366,87,35.6,100741
12221001002,3,,s,ac,2134,1482,531,87.2,33.5,186089
122210020,2,,s,c,1613,1070,449,85.1,30.6,137301
122210030,2,,s,c,1414,853,507,87.2,31.3,123321
122210040,2,,s,,2804,2090,574,92.7,32.2,259953
122210051,2,,s,΂u,257,188,48,108.5,38.7,27891
12221005102,3,,s,΂uQ,105,53,37,93.6,36.1,9824
12221005103,3,,s,΂uR,152,135,11,118.9,40.2,18067
122210052,2,,s,acVc,9503,7382,1703,91.2,31.6,866297
12221005201,3,,s,acVc,3048,2329,566,92.3,31.2,281179
12221005202,3,,s,acVc,4519,3540,793,87.9,30.8,397414
12221005203,3,,s,acVc,1936,1513,344,97,34.4,187703
122210060,2,,s,K[,33,33,-,167,43.7,5510
122210070,2,,s,,101,99,1,141.6,41.3,14299
122210080,2,,s,g,401,307,58,115.6,36.3,46371
122210090,2,,s,^ؖ,13,12,-,157.6,48.8,2049
122210100,2,,s,_v,26,25,1,127.5,37.7,3315
122210110,2,,s,r,67,65,1,145.2,42.7,9731
122210120,2,,s,K,135,124,6,119.4,38.5,16116
122210130,2,,s,R,73,69,1,151.8,43.1,11084
122210140,2,,s,,92,89,2,142.2,42.5,13083
122210150,2,,s,c,132,123,5,127.9,40.8,16879
122210160,2,,s,c,413,399,6,117.1,38.4,48346
122210170,2,,s,,3271,2209,774,92.6,34.1,302906
122210180,2,,s,s,94,31,58,58.3,26.9,5481
122210190,2,,s,㍂,2472,2005,359,97.9,32.6,241963
122210200,2,,s,,32,32,-,147.5,39.7,4720
122210210,2,,s,Ė{,572,504,32,116.4,37,66579
122210220,2,,s,_,96,95,-,153,38.5,14690
122210230,2,,s,ەi,135,130,2,140.3,40.5,18936
122210240,2,,s,s,688,373,252,77.2,30.4,53095
12221024001,3,,s,sP,294,157,128,79.8,32.1,23450
12221024002,3,,s,sQ,394,216,124,75.2,29.3,29645
122210250,2,,s,c,4921,3598,1062,90,37.1,442962
12221025001,3,,s,cP,1101,613,456,61.7,29.7,67907
12221025002,3,,s,cQ,710,485,118,80.3,32.4,56978
12221025003,3,,s,cR,937,786,139,97.9,38.5,91699
12221025004,3,,s,cS,557,470,51,110.6,41.4,61619
12221025005,3,,s,cT,584,507,54,109.8,42.6,64103
12221025006,3,,s,cU,438,406,21,122.8,47.1,53792
12221025007,3,,s,cV,594,331,223,78.9,33.9,46864
122210260,2,,s,c,213,190,20,121,39.5,25776
122210270,2,,s,c,1200,888,271,87.4,33.3,104847
12221027001,3,,s,cP,201,120,76,82.4,30.5,16571
12221027002,3,,s,cQ,709,508,172,80.9,31.7,57324
12221027003,3,,s,cR,290,260,23,106.7,39,30951
122210280,2,,s,Ė{cn,3357,440,21,55,24.2,184551
12221028001,3,,s,Ė{cn,253,238,10,114.2,38.6,28892
12221028002,3,,s,Ė{cn,216,202,9,109.5,41.1,23652
12221028003,3,,s,Ė{cn,1114,-,2,46.4,20.8,51661
12221028004,3,,s,Ė{cn,1111,-,-,45.2,21,50217
12221028005,3,,s,Ė{cn,663,-,-,45.4,21,30129
122210290,2,,s,cn,4064,1669,143,51.5,23.6,209217
12221029001,3,,s,cn,1914,613,50,49.5,23.7,94697
12221029002,3,,s,cn,1176,628,62,53.9,24.4,63394
12221029003,3,,s,cn,974,428,31,52.5,22.5,51126
122210300,2,,s,Òcn,3932,984,42,46.4,19.6,182423
12221030001,3,,s,Òcn,548,32,-,46,19.5,25216
12221030002,3,,s,Òcn,799,1,2,47.1,20.2,37659
12221030003,3,,s,Òcn,835,-,-,47.2,18.9,39406
12221030004,3,,s,Òcn,-,-,-,-,-,-
12221030005,3,,s,Òcn,607,586,8,48.6,21.5,29487
12221030006,3,,s,Òcn,406,365,32,48.5,19.8,19707
12221030007,3,,s,Òcn,737,-,-,42,18.2,30948
122210310,2,,s,䓌,3665,2594,890,83.7,34.2,306925
12221031001,3,,s,䓌P,888,460,397,68.2,32.2,60556
12221031002,3,,s,䓌Q,429,292,56,90.6,35.2,38849
12221031003,3,,s,䓌R,643,488,138,84.2,33.7,54155
12221031004,3,,s,䓌S,579,421,134,91.8,38,53150
12221031005,3,,s,䓌T,547,441,94,90.5,35.7,49524
12221031006,3,,s,䓌U,579,492,71,87.5,31.9,50690
122210320,2,,s,,2276,1292,796,82.7,33.5,188332
12221032001,3,,s,P,912,484,360,72.9,32.4,66472
12221032002,3,,s,Q,602,465,111,103,39.9,61986
12221032003,3,,s,R,762,343,325,78.6,29.8,59874
122210330,2,,s,䐼,2474,1690,639,86.2,34.7,213253
12221033001,3,,s,䐼P,91,73,13,89.1,37.9,8112
12221033002,3,,s,䐼Q,94,56,30,98,41.7,9211
12221033003,3,,s,䐼R,180,107,65,92.2,39.6,16597
12221033004,3,,s,䐼S,247,146,90,79.7,37.2,19676
12221033005,3,,s,䐼T,146,123,18,109.1,40.2,15923
12221033006,3,,s,䐼U,139,51,27,60.2,26.1,8367
12221033007,3,,s,䐼V,159,105,50,95.8,38.4,15226
12221033008,3,,s,䐼W,688,557,110,78.7,31.8,54147
12221033009,3,,s,䐼X,277,99,169,74,27.7,20511
12221033010,3,,s,䐼PO,453,373,67,100.4,37.5,45484
122210340,2,,s,k,4954,3094,1304,84.5,34.4,418833
12221034001,3,,s,kP,203,95,94,75.3,37.9,15283
12221034002,3,,s,kQ,79,43,33,83.4,40.4,6592
12221034003,3,,s,kR,176,102,62,92.9,38.5,16343
12221034004,3,,s,kS,159,107,30,101.8,41.2,16188
12221034005,3,,s,kT,194,78,104,74.9,37.2,14537
12221034006,3,,s,kU,241,111,117,80.4,40.1,19386
12221034007,3,,s,kV,283,176,97,86.1,39.8,24377
12221034008,3,,s,kW,234,106,33,83.3,30.5,19500
12221034009,3,,s,kX,473,145,89,59.6,26.3,28178
12221034010,3,,s,kPO,351,212,116,83.7,32.2,29371
12221034011,3,,s,kPP,324,248,65,96.1,37.4,31152
12221034012,3,,s,kPQ,593,459,107,84.8,33.4,50308
12221034013,3,,s,kPR,332,259,52,97,34.5,32213
12221034014,3,,s,kPS,179,123,45,84,30.9,15040
12221034015,3,,s,kPT,379,233,127,83.7,34.8,31733
12221034016,3,,s,kPU,440,341,82,85.5,33.2,37604
12221034017,3,,s,kPV,314,256,51,98.8,35.8,31029
122210350,2,,s,̂,3721,1448,1132,82.9,30.4,308626
12221035001,3,,s,̂P,601,244,248,71.8,24.9,43153
12221035002,3,,s,̂Q,267,78,138,68.8,26.3,18359
12221035003,3,,s,̂R,744,3,28,68.7,28.3,51124
12221035004,3,,s,̂S,593,274,140,84.9,33.2,50355
12221035005,3,,s,̂T,657,339,275,91.5,31.2,60133
12221035006,3,,s,̂U,297,102,179,82.3,29.6,24457
12221035007,3,,s,̂V,208,146,53,110.3,36.6,22936
12221035008,3,,s,̂W,354,262,71,107.7,37.5,38108
122210360,2,,s,Ó,593,381,188,93.8,32.4,55612
12221036001,3,,s,ÓP,81,28,42,71.7,31.1,5807
12221036002,3,,s,ÓQ,91,53,35,80.9,30.2,7365
12221036003,3,,s,ÓR,188,140,47,100.7,33,18941
12221036004,3,,s,ÓS,233,160,64,100.9,32.9,23500
122210370,2,,s,΂u,2610,2098,361,91,33,237548
12221037001,3,,s,΂uP,1254,1047,152,90.7,34.4,113745
12221037002,3,,s,΂uQ,455,258,146,91,31,41387
12221037003,3,,s,΂uR,585,571,10,83.6,30,48886
12221037004,3,,s,΂uS,143,67,41,72.8,28.1,10414
12221037005,3,,s,΂uT,173,155,12,133.6,42.1,23117
122210390,2,,s,ӓcOyn搮ƒn,1129,601,478,82.4,30.4,93037
122210400,2,,s,w,505,494,3,123.7,38.3,62494
12221040001,3,*,s,wP,,,,,,
12221040002,3,@,s,wQ,182,178,3,127.7,39.7,23243
12221040003,3,,s,wR,156,156,-,120.1,39.4,18732
12221040004,3,,s,wS,115,113,-,120.1,34.7,13815
12221040005,3,,s,wT,52,47,-,128.9,38.8,6704
12221040006,3,,s,wU,-,-,-,-,-,-
