KEY_CODE,HYOSYO,HTKSYU,CITYNAME,NAME,T000055001,T000055002,T000055003,T000055004,T000055005,T000055006
,,,,,ZɏZވʐ,,c؉,Pѓ艄ʐ,Pl艄ʐ,ʐ
12227,1,,Ys,,66638,30673,25609,66.7,28.9,4443332
122270010,2,,Ys,㓇,4660,1494,2587,51.2,26.3,238801
12227001001,3,,Ys,㓇P,1590,355,1071,46.8,27.3,74478
12227001002,3,,Ys,㓇Q,1879,777,779,55.8,26.2,104787
12227001003,3,,Ys,㓇R,1191,362,737,50,25.4,59536
122270020,2,,Ys,kh,8648,2038,5163,46.4,24.2,401313
12227002001,3,,Ys,khP,1663,211,1072,40.6,24.6,67451
12227002002,3,,Ys,khQ,2604,475,1743,41.9,23.5,109230
12227002003,3,,Ys,khR,2628,556,1642,48.2,24.5,126632
12227002004,3,,Ys,khS,1753,796,706,55.9,24.2,98000
122270030,2,,Ys,L,5059,1757,2673,55.7,29,281870
12227003001,3,,Ys,LP,885,365,323,54,25.8,47822
12227003002,3,,Ys,LQ,1387,512,715,54.5,27,75656
12227003003,3,,Ys,LR,748,330,348,64.8,31.6,48475
12227003004,3,,Ys,LS,1013,319,644,59.7,33.5,60464
12227003005,3,,Ys,LT,1026,231,643,48.2,28.6,49453
122270040,2,,Ys,x],7250,2340,4350,54.1,27.3,392306
12227004001,3,,Ys,x]P,1472,368,937,53.5,26.9,78756
12227004002,3,,Ys,x]Q,1006,437,507,61,29.9,61410
12227004003,3,,Ys,x]R,975,352,569,60.9,29.3,59396
12227004004,3,,Ys,x]S,1792,730,891,53,26.7,94949
12227004005,3,,Ys,x]T,955,256,648,54,26.4,51561
12227004006,3,,Ys,x]U,1050,197,798,44,24.7,46234
122270050,2,,Ys,xm,7541,1746,4983,49,24.6,369760
12227005001,3,,Ys,xmP,1126,297,784,54.1,23.8,60889
12227005002,3,,Ys,xmQ,1319,284,924,51.4,24,67743
12227005003,3,,Ys,xmR,1989,350,1400,44.9,24.1,89363
12227005004,3,,Ys,xmS,1145,396,645,52.7,25.8,60293
12227005005,3,,Ys,xmT,1962,419,1230,46.6,25.3,91471
122270060,2,,Ys,Cy,2894,1102,1673,60.6,28.7,175256
12227006001,3,,Ys,CyP,1556,530,957,56.3,27.4,87645
12227006002,3,,Ys,CyQ,1338,572,716,65.5,30.2,87611
122270070,2,,Ys,,3386,2031,899,71.1,27.5,240697
12227007001,3,,Ys,P,1038,525,330,63.3,24.4,65678
12227007002,3,,Ys,Q,1648,1038,440,66.3,25.6,109345
12227007003,3,,Ys,R,700,468,129,93.8,37,65674
122270080,2,,Ys,l,3910,2545,270,84.9,30.6,332124
12227008001,3,,Ys,lP,1184,964,132,85.7,30.5,101452
12227008002,3,,Ys,lQ,892,-,-,59.9,22.3,53471
12227008003,3,,Ys,lR,420,382,21,128.3,44.8,53892
12227008004,3,,Ys,lS,474,415,31,119.7,41,56727
12227008005,3,,Ys,lT,940,784,86,70.8,26.3,66581
122270090,2,,Ys,D,4078,2979,783,78.4,30.2,319618
12227009001,3,,Ys,DP,411,395,12,87.4,32.8,35904
12227009002,3,,Ys,DQ,773,675,60,80.6,27.8,62325
12227009003,3,,Ys,DR,605,530,37,87.2,29.8,52755
12227009004,3,,Ys,DS,1184,403,614,58.5,31.4,69307
12227009005,3,,Ys,DT,310,272,12,91.6,30.8,28394
12227009006,3,,Ys,DU,795,704,48,89.2,30.2,70934
122270100,2,,Ys,x,2445,2026,185,82.3,29.2,201169
12227010001,3,,Ys,xP,309,290,12,106.2,37.5,32821
12227010002,3,,Ys,xQ,535,372,17,82.6,28.1,44218
12227010003,3,,Ys,xR,1321,1153,92,72.6,26,95943
12227010004,3,,Ys,xS,280,211,64,100.7,37.8,28188
122270110,2,,Ys,,2892,939,1467,62.5,32.2,180651
12227011001,3,,Ys,P,864,196,526,54.6,31.7,47184
12227011002,3,,Ys,Q,899,241,493,59.1,32.4,53115
12227011003,3,,Ys,R,582,170,295,67.2,30.9,39137
12227011004,3,,Ys,S,547,332,153,75.3,33.7,41215
122270120,2,,Ys,ٓV,2081,1500,307,93.4,34.6,194322
12227012001,3,,Ys,ٓVP,516,197,92,86,31.4,44369
12227012002,3,,Ys,ٓVQ,634,605,22,111.6,37.9,70776
12227012003,3,,Ys,ٓVR,468,419,33,83.2,30.1,38917
12227012004,3,,Ys,ٓVS,463,279,160,87,38.2,40260
122270130,2,,Ys,S|ʂ,27,-,-,50.6,40.2,1366
12227013001,3,@,Ys,S|ʂP,14,-,-,32.3,22.6,453
12227013002,3,*,Ys,S|ʂQ,,,,,,
12227013003,3,,Ys,S|ʂR,13,-,-,70.3,65.3,914
122270140,2,,Ys,l,1306,1143,66,126.8,41.5,165573
12227014001,3,,Ys,l,-,-,-,-,-,-
12227014002,3,,Ys,lQ,759,642,40,114.7,39.1,87038
12227014003,3,,Ys,lR,547,501,26,143.6,44.4,78535
122270150,2,,Ys,̏o,5018,3744,99,92.6,31.5,464425
12227015001,3,,Ys,̏o,910,490,31,82.8,30.4,75314
12227015002,3,,Ys,̏o,1687,1236,15,95.9,31.4,161852
12227015003,3,,Ys,̏o,2045,1655,47,95.2,33.1,194684
12227015004,3,,Ys,̏o,376,363,6,86.6,26.2,32575
122270160,2,,Ys,C,2844,1384,30,84.3,30.5,239811
122270170,2,,Ys,F,2592,1905,74,93.9,30.6,243460
12227017001,3,,Ys,FP,452,285,18,95.6,32.6,43202
12227017002,3,,Ys,FQ,250,-,-,55.3,19.6,13814
12227017003,3,,Ys,FR,334,280,38,118.2,37.3,39478
12227017004,3,,Ys,FS,-,-,-,-,-,-
12227017005,3,,Ys,FT,1090,1081,5,100.3,30.8,109360
12227017006,3,@,Ys,FU,466,259,13,80.7,28.8,37606
12227017007,3,,Ys,FV,-,-,-,-,-,-
12227017008,3,,Ys,FW,-,-,-,-,-,-
12227017009,3,*,Ys,FX,,,,,,
122270180,2,,Ys,`,7,-,-,116,116,812
122270190,2,,Ys,璹,-,-,-,-,-,-
