KEY_CODE,HYOSYO,HTKSYU,CITYNAME,NAME,T000055001,T000055002,T000055003,T000055004,T000055005,T000055006
,,,,,ZɏZވʐ,,c؉,Pѓ艄ʐ,Pl艄ʐ,ʐ
12214,1,,ss,,9823,8269,1082,119,37.8,1168722
122140010,2,,ss,C,1078,898,143,121,42.9,130464
122140020,2,,ss,,110,92,18,120.4,44.6,13242
122140030,2,,ss,n,365,317,43,117.6,42,42914
122140040,2,,ss,j,150,141,5,120.4,36.8,18055
122140050,2,,ss,z,401,312,81,112.3,37.6,45050
122140060,2,,ss,ᒪ,150,132,16,115.8,42,17377
122140071,2,,ss,ёq,529,378,140,105.4,36.9,55752
122140072,2,,ss,ёq,502,228,103,83.3,31.3,41794
122140080,2,,ss,],70,68,1,121.4,39.9,8500
122140090,2,,ss,L,65,61,3,129.7,39.2,8432
122140100,2,,ss,V,16,16,-,143.9,41.1,2302
122140110,2,,ss,T,25,25,-,144.5,36.1,3612
122140120,2,,ss,v,43,43,-,128.2,34.9,5512
122140130,2,,ss,ؐ,86,84,-,124.7,45.1,10727
122140140,2,,ss,cv,16,16,-,147.1,48,2354
122140150,2,,ss,x,34,32,2,132.5,40.6,4504
122140160,2,,ss,{,272,238,33,115,35.4,31285
122140170,2,,ss,,421,343,68,108.2,35,45539
122140180,2,,ss,,209,195,11,126.7,36,26477
122140190,2,@,ss,,157,141,15,114.2,34.6,17924
122140200,2,*,ss,݂ǂ蕽,,,,,,
122140210,2,,ss,,62,61,-,146.6,38.3,9088
122140220,2,,ss,R,67,63,-,126.8,42,8493
122140230,2,,ss,Y,108,107,-,144.5,35.8,15606
122140240,2,,ss,xV,34,34,-,122.1,36.1,4150
122140250,2,,ss,,42,42,-,153.7,44.2,6453
122140260,2,,ss,RK,58,57,-,133.5,45.5,7742
122140270,2,,ss,,78,67,11,117.3,41.2,9149
122140280,2,,ss,{{,27,27,-,152.9,34.4,4127
122140290,2,,ss,厛,219,216,1,134,38.5,29342
122140300,2,,ss,ђ,243,238,3,136.1,40.3,33075
122140310,2,,ss,Ď,8,8,-,139.1,39.7,1113
122140320,2,,ss,R,144,140,2,142,40.7,20449
122140330,2,,ss,,41,41,-,148.7,42.6,6098
122140340,2,,ss,_,27,27,-,157,65.2,4239
122140350,2,,ss,R,18,18,-,143.4,39.7,2581
122140360,2,,ss,R,33,32,1,178.2,50.3,5881
122140370,2,,ss,gc,236,231,3,137.7,40.1,32503
122140380,2,,ss,э,103,101,1,134.5,38.1,13853
122140390,2,,ss,,30,30,-,156.5,37,4696
122140400,2,,ss,Ўq,22,22,-,136.3,38.4,2998
122140410,2,,ss,x,40,40,-,161.7,39,6470
122140420,2,,ss,,49,48,-,149,48,7300
122140430,2,,ss,vR,47,38,7,121.3,41.9,5702
122140440,2,,ss,,54,54,-,145.1,40.2,7833
122140450,2,,ss,g,218,213,4,122.5,35.9,26703
122140460,2,,ss,J,203,200,3,141,37,28624
122140470,2,,ss,o,12,12,-,157,39.2,1884
122140480,2,,ss,,140,138,2,136.8,39.4,19147
122140490,2,,ss,,182,173,7,134.4,40.7,24457
122140500,2,,ss,,440,396,40,122.2,35.3,53758
122140510,2,,ss,,77,76,-,130.6,34.9,10055
122140520,2,,ss,J,183,159,22,120.1,34.8,21978
122140530,2,,ss,J,562,369,105,94.5,35.3,53106
122140540,2,,ss,,27,27,-,135.5,31.8,3660
122140550,2,,ss,,907,711,134,108.9,35.3,98764
122140560,2,,ss,tC,383,293,54,119.7,34.8,45831
