KEY_CODE,HYOSYO,HTKSYU,CITYNAME,NAME,T000055001,T000055002,T000055003,T000055004,T000055005,T000055006
,,,,,住宅に住む一般世帯,持ち家,民営借家,１世帯当たり延面積,１人当たり延面積,総延面積
12220,1,,流山市,,56557,39583,14555,90.6,34.1,5121546
122200010,2,,流山市,流山,1517,1022,310,93.4,33.1,141615
12220001001,3,,流山市,流山１丁目,132,84,45,90.4,31.3,11939
12220001002,3,,流山市,流山２丁目,261,218,41,94,35.8,24534
12220001003,3,,流山市,流山３丁目,124,95,24,97.4,38.4,12072
12220001004,3,,流山市,流山４丁目,153,74,74,91.1,35.3,13936
12220001005,3,,流山市,流山５丁目,127,90,33,97.6,33.3,12395
12220001006,3,,流山市,流山６丁目,101,95,5,111.1,36.9,11218
12220001007,3,,流山市,流山７丁目,128,102,23,112.5,36.3,14406
12220001008,3,,流山市,流山８丁目,320,211,65,91.2,30.6,29197
12220001009,3,,流山市,流山９丁目,171,53,-,69.7,25.3,11918
122200021,2,,流山市,加,2557,2081,386,93.4,31.9,238792
12220002101,3,,流山市,加１丁目,704,605,80,88.5,29.4,62292
12220002102,3,,流山市,加２丁目,335,234,99,102.5,35.9,34347
12220002103,3,,流山市,加３丁目,658,556,38,91.8,30.8,60385
12220002104,3,,流山市,加４丁目,438,351,85,91.8,30.6,40213
12220002105,3,,流山市,加５丁目,142,114,27,100.7,37.3,14299
12220002106,3,,流山市,加６丁目,280,221,57,97.3,36.7,27255
122200022,2,,流山市,大字加,47,41,6,108.9,40.6,5118
122200030,2,,流山市,大字三輪野山,1003,766,146,101.1,34.4,101438
122200040,2,,流山市,大字西平井,1121,870,230,87.4,31.4,97987
122200050,2,,流山市,大字鰭ケ崎,2276,1744,501,86.6,32.5,197134
122200060,2,,流山市,大字木,183,151,30,120.9,40.5,22120
122200070,2,,流山市,平和台,1737,1357,317,107.7,38.5,187074
12220007001,3,,流山市,平和台１丁目,187,177,9,110.3,39.9,20625
12220007002,3,,流山市,平和台２丁目,294,184,72,95.4,36.9,28037
12220007003,3,,流山市,平和台３丁目,145,59,81,83.9,31.1,12160
12220007004,3,,流山市,平和台４丁目,650,541,101,110.1,36.7,71586
12220007005,3,,流山市,平和台５丁目,461,396,54,118.6,43.8,54666
122200120,2,,流山市,南流山,6321,2404,3585,68.3,27.7,431534
12220012001,3,,流山市,南流山１丁目,913,189,659,58.7,26.8,53631
12220012002,3,,流山市,南流山２丁目,1060,269,771,59.1,27.4,62650
12220012003,3,,流山市,南流山３丁目,734,265,409,65.3,27.4,47899
12220012004,3,,流山市,南流山４丁目,494,143,318,66.3,28.4,32753
12220012005,3,,流山市,南流山５丁目,355,156,180,78,31.4,27706
12220012006,3,,流山市,南流山６丁目,1106,607,484,73.5,27.7,81276
12220012007,3,,流山市,南流山７丁目,816,382,386,77.8,28.8,63516
12220012008,3,,流山市,南流山８丁目,843,393,378,73.7,26.4,62102
122200150,2,@,流山市,大字深井新田,35,35,-,150.9,41.9,5282
122200160,2,*,流山市,大字平方村新田,,,,,,
122200170,2,,流山市,大字西深井,1216,722,434,85.4,36.5,103903
122200180,2,,流山市,大字東深井,5359,3509,1704,83.8,33.4,448966
12220018001,3,,流山市,大字東深井,2469,1386,1059,75.4,32.6,186276
12220018002,3,,流山市,大字東深井,1146,881,164,94,34.6,107704
12220018003,3,,流山市,大字東深井,1744,1242,481,88.9,33.7,154986
122200190,2,,流山市,大字平方,511,406,21,103.7,37.3,52968
122200210,2,,流山市,大字中野久木,388,354,30,117.9,38.5,45737
122200220,2,,流山市,大字北,188,184,4,124.5,40.8,23407
122200230,2,,流山市,大字小屋,33,32,-,138.8,37.2,4581
122200240,2,@,流山市,大字上新宿,71,64,5,124.5,39.1,8841
122200250,2,*,流山市,大字上新宿新田,,,,,,
122200260,2,,流山市,大字南,79,65,12,140.2,43.6,11074
122200270,2,@,流山市,大字桐ケ谷,32,31,-,153.1,47.6,4899
122200280,2,*,流山市,大字谷,,,,,,
122200290,2,,流山市,大字上貝塚,41,38,1,154.7,44,6341
122200300,2,,流山市,大字下花輪,91,81,9,131.3,40.4,11951
122200310,2,,流山市,大字大畔,42,42,-,130.3,39.4,5472
122200330,2,,流山市,江戸川台東,2174,1616,361,105.2,41.2,228742
12220033001,3,,流山市,江戸川台東１丁目,430,327,92,104.5,42.2,44955
12220033002,3,,流山市,江戸川台東２丁目,386,278,83,108.7,42.7,41974
12220033003,3,,流山市,江戸川台東３丁目,798,543,97,100.9,38.5,80544
12220033004,3,,流山市,江戸川台東４丁目,560,468,89,109.4,43.5,61269
122200340,2,,流山市,江戸川台西,1527,1035,310,99.1,39.5,151389
12220034001,3,,流山市,江戸川台西１丁目,321,235,82,100.7,41.9,32317
12220034002,3,,流山市,江戸川台西２丁目,401,259,137,104.2,43.7,41768
12220034003,3,,流山市,江戸川台西３丁目,407,178,61,81.4,31.8,33147
12220034004,3,,流山市,江戸川台西４丁目,398,363,30,110.9,41.5,44158
122200350,2,,流山市,若葉台,490,471,14,117.5,42.3,57577
122200360,2,,流山市,こうのす台,818,720,90,105.6,36.8,86397
122200370,2,,流山市,富士見台,1031,958,61,89.9,33.1,92683
12220037001,3,,流山市,富士見台１丁目,319,307,8,110.5,39.5,35241
12220037002,3,,流山市,富士見台２丁目,661,602,53,77.7,29.4,51386
12220037003,3,,流山市,富士見台,51,49,-,118.8,38.6,6057
122200400,2,,流山市,宮園,895,747,115,108,39.2,96682
12220040001,3,,流山市,宮園１丁目,149,88,52,97.1,34.7,14462
12220040002,3,,流山市,宮園２丁目,354,308,33,110.9,40.7,39243
12220040003,3,,流山市,宮園３丁目,392,351,30,109.6,39.6,42977
122200410,2,,流山市,思井,58,57,1,142.9,40.4,8290
122200420,2,,流山市,中,52,51,1,125.2,37.2,6509
122200430,2,,流山市,芝崎,44,44,-,116.3,41.3,5118
122200440,2,,流山市,古間木,329,310,14,115.2,41.2,37917
122200450,2,,流山市,前平井,43,41,2,132.1,45.8,5682
122200460,2,,流山市,後平井,67,66,-,138.8,43.5,9302
122200470,2,,流山市,市野谷,332,316,14,126.7,40.3,42065
122200480,2,,流山市,野々下,2674,2090,533,97.5,35.3,260710
12220048001,3,@,流山市,野々下１丁目,68,59,3,152.4,45.2,10361
12220048002,3,*,流山市,野々下２丁目,,,,,,
12220048003,3,,流山市,野々下３丁目,941,672,254,92,34.5,86542
12220048004,3,,流山市,野々下４丁目,319,261,51,105.3,37.9,33596
12220048005,3,,流山市,野々下５丁目,729,604,116,101.3,37.3,73832
12220048006,3,,流山市,野々下６丁目,617,494,109,91.4,31.6,56378
122200490,2,,流山市,長崎,556,455,88,100.6,34.5,55959
12220049001,3,,流山市,長崎１丁目,400,315,79,97.3,33.3,38936
12220049002,3,,流山市,長崎２丁目,156,140,9,109.1,37.5,17023
122200500,2,,流山市,前ケ崎,1463,1207,224,92.6,34.6,135486
122200510,2,,流山市,向小金,3350,1911,1276,77,31.1,257814
12220051001,3,,流山市,向小金１丁目,961,635,281,74.3,31.2,71389
12220051002,3,,流山市,向小金２丁目,1080,478,561,74.1,28.9,80030
12220051003,3,,流山市,向小金３丁目,1060,650,400,79.7,33.1,84526
12220051004,3,,流山市,向小金４丁目,249,148,34,87.8,32.6,21870
122200520,2,,流山市,名都借,778,613,152,100,33.9,77817
122200530,2,,流山市,駒木,1286,763,487,82.8,33.7,106430
122200540,2,,流山市,駒木台,933,820,97,105.7,37.4,98615
122200550,2,,流山市,青田,326,277,22,106.8,37.1,34813
122200560,2,,流山市,十太夫,334,294,38,112.6,40.2,37593
122200570,2,,流山市,美田,637,555,76,108.1,39.4,68854
122200600,2,,流山市,東初石,3577,2584,836,83.5,31.5,298640
12220060001,3,,流山市,東初石１丁目,573,482,75,96.5,35.1,55268
12220060002,3,,流山市,東初石２丁目,854,667,167,80.3,31.2,68601
12220060003,3,,流山市,東初石３丁目,1378,862,418,73.5,27.9,101278
12220060004,3,,流山市,東初石４丁目,553,376,154,89.6,35.9,49562
12220060005,3,,流山市,東初石５丁目,153,150,3,120,34.9,18360
12220060006,3,,流山市,東初石６丁目,66,47,19,84.4,35.3,5571
122200610,2,,流山市,西初石,3431,2685,653,88.8,33,304675
12220061001,3,,流山市,西初石１丁目,278,243,7,90.3,31.3,25111
12220061002,3,,流山市,西初石２丁目,701,587,106,88.2,31.6,61844
12220061003,3,,流山市,西初石３丁目,732,492,228,78.1,30.4,57190
12220061004,3,,流山市,西初石４丁目,1120,865,220,91.3,34.9,102298
12220061005,3,,流山市,西初石５丁目,416,333,76,93.3,34.6,38793
12220061006,3,,流山市,西初石６丁目,184,165,16,105.6,35.9,19439
122200620,2,,流山市,松ケ丘,2605,1900,548,97.7,38.2,254394
12220062001,3,,流山市,松ケ丘１丁目,353,177,122,84.5,38.3,29833
12220062002,3,,流山市,松ケ丘２丁目,506,391,103,114.2,47,57803
12220062003,3,,流山市,松ケ丘３丁目,287,177,57,80.4,30.7,23066
12220062004,3,,流山市,松ケ丘４丁目,412,332,67,102.3,40.7,42153
12220062005,3,,流山市,松ケ丘５丁目,890,671,194,95.1,35.2,84673
12220062006,3,,流山市,松ケ丘６丁目,157,152,5,107.4,36.9,16865
122200630,2,,流山市,西松ケ丘,252,172,77,81.6,33.2,20571
122200640,2,,流山市,鰭ケ崎,317,82,209,66.3,29.5,21032
122200650,2,,流山市,美原,1145,613,474,78,31,89261
12220065001,3,,流山市,美原１丁目,348,174,160,77.4,31.7,26953
12220065002,3,,流山市,美原２丁目,91,80,9,104,35.2,9466
12220065003,3,,流山市,美原３丁目,280,178,96,87.4,32.7,24472
12220065004,3,,流山市,美原４丁目,426,181,209,66.6,28.1,28371
122200660,2,,流山市,大字流山,185,131,51,77.3,29.9,14300
