KEY_CODE,HYOSYO,HTKSYU,CITYNAME,NAME,T000055001,T000055002,T000055003,T000055004,T000055005,T000055006
,,,,,ZɏZވʐ,,c؉,Pѓ艄ʐ,Pl艄ʐ,ʐ
12223,1,,s,,13393,10317,1912,99.9,38.5,1338630
122230010,2,,s,Ⓦ,191,147,39,101.7,37.9,19424
122230020,2,,s,,23,23,-,111.3,41.3,2561
122230030,2,,s,rc,116,69,1,84.2,32.9,9769
122230040,2,,s,c,34,33,-,125.7,50.3,4272
122230050,2,,s,cw,96,95,1,110.8,37.7,10633
122230060,2,,s,|,107,94,11,113.2,39.3,12113
122230070,2,,s,,71,70,-,130.4,37.5,9261
122230080,2,,s,,131,74,4,78.8,32.3,10324
122230090,2,,s,G,183,136,47,99.5,38.7,18205
122230100,2,,s,嗢,86,52,27,91.3,34.4,7854
122230110,2,,s,Ŗn,191,165,20,112.6,38.4,21514
122230120,2,,s,J,103,69,30,98.4,36.7,10136
122230130,2,,s,F,305,184,67,87.8,35.4,26791
122230140,2,,s,Ԗ[,305,242,38,103.1,38.3,31448
122230150,2,,s,l,44,44,-,143.7,44.5,6323
122230160,2,,s,a,221,195,25,119.8,39.2,26467
122230170,2,,s,L,836,544,206,95.6,37.5,79939
122230180,2,,s,,538,343,125,90.8,36.4,48870
122230190,2,,s,,1111,406,324,64.5,35.4,71695
122230200,2,,s,L,887,779,89,99.1,36.5,87873
122230210,2,,s,鑺,46,21,1,60,29.3,2758
122230220,2,,s,O,331,260,60,96.9,39,32074
122230230,2,,s,,1157,724,366,87.5,37.8,101276
122230240,2,,s,,169,163,5,130.9,44.8,22122
122230250,2,,s,,166,137,7,109.3,41.3,18151
122230260,2,,s,Ô,50,45,5,114.3,45.4,5714
122230270,2,,s,ޗǗ,49,48,-,127,46.4,6223
122230280,2,,s,,22,21,1,139.5,47.9,3069
122230290,2,,s,,54,53,1,135.1,44.5,7294
122230300,2,,s,唦,99,96,3,128.2,47.4,12695
122230310,2,,s,k,114,97,6,122.6,39.8,13975
122230320,2,,s,,37,32,5,105,40,3884
122230330,2,,s,,45,42,-,157.1,51.6,7071
122230340,2,,s,ז,58,56,2,130.4,42.7,7560
122230350,2,,s,,69,67,1,121,51.2,8348
122230360,2,,s,,55,52,2,133.7,46,7353
122230370,2,,s,,104,90,3,113.2,42.2,11769
122230380,2,,s,{R,83,77,1,124.6,42,10344
122230390,2,,s,{R,16,15,1,135.2,41.6,2163
122230400,2,,s,,172,126,8,106.2,40.5,18260
122230410,2,,s,k,158,133,25,109.8,37.6,17355
122230420,2,,s,쏬,185,170,15,119.4,40.3,22080
122230430,2,,s,㏬,77,75,1,132.4,46.6,10195
122230440,2,,s,,33,32,-,139.8,37.8,4614
122230450,2,,s,],202,191,9,109.2,38.3,22049
122230460,2,,s,],233,206,12,106.4,42.2,24797
122230470,2,,s,],53,53,-,126.4,46.9,6701
122230480,2,,s,]^,138,128,8,114.6,41,15811
122230490,2,,s,,68,68,-,124.9,35.2,8492
122230500,2,,s,,54,54,-,127.5,44.4,6883
122230510,2,,s,,47,47,-,125.2,44.6,5882
122230520,2,,s,,58,56,2,116.6,44.8,6764
122230530,2,,s,,55,51,3,129,42.8,7097
122230540,2,,s,,72,62,8,126.7,40.4,9123
122230550,2,,s,q,33,32,1,110,39,3631
122230560,2,,s,{,164,152,9,112.3,41.1,18419
122230570,2,,s,C,242,215,23,115.7,46.1,28005
122230580,2,,s,Cl,169,155,12,94.9,37.2,16042
122230590,2,,s,V,115,114,1,111.5,37.9,12824
122230600,2,,s,]v,55,50,4,115.3,36.9,6344
122230610,2,,s,]gY,82,76,5,108.9,35,8931
122230620,2,,s,R,13,13,-,145.1,42.9,1887
122230630,2,,s,Y,574,460,77,99,39.4,56843
122230640,2,,s,,293,249,12,87.2,33.9,25544
122230650,2,,s,V,1253,1041,131,99.4,36.3,124575
122230660,2,,s,l,416,377,20,101.2,36.8,42083
122230670,2,,s,,37,33,1,98.8,49.4,3655
122230680,2,,s,l,39,38,1,113.6,45.7,4430
