KEY_CODE,HYOSYO,HTKSYU,CITYNAME,NAME,T000055001,T000055002,T000055003,T000055004,T000055005,T000055006
,,,,,ZɏZވʐ,,c؉,Pѓ艄ʐ,Pl艄ʐ,ʐ
12229,1,,Ys,,19088,14256,3471,104.7,35.2,1999240
122290010,2,,Ys,ˎs,438,348,57,113.8,37.7,49845
122290021,2,,Ys,ޗǗ,226,88,133,86.7,38.3,19591
12229002101,3,,Ys,ޗǗւP,136,39,94,71,34.6,9657
12229002102,3,,Ys,ޗǗւQ,90,49,39,110.4,42.6,9934
122290022,2,,Ys,ޗǗ,795,615,155,109.7,37,87243
122290030,2,,Ys,,1587,1040,442,95.1,34.2,150937
12229003001,3,,Ys,P,288,184,92,97,35.9,27933
12229003002,3,,Ys,Q,285,180,75,100.9,35.2,28744
12229003003,3,,Ys,R,484,300,124,96.6,34.5,46742
12229003004,3,,Ys,S,530,376,151,89.7,32.4,47519
122290091,2,,Ys,_[,698,409,274,91.5,32.5,63889
12229009101,3,,Ys,_[P,262,177,78,102,36.8,26718
12229009102,3,,Ys,_[Q,436,232,196,85.3,30,37171
122290092,2,,Ys,_[,1218,952,220,108.8,37.5,132518
122290100,2,,Ys,쑳,-,-,-,-,-,-
122290111,2,,Ys,,603,465,119,83.4,32.4,50294
12229011101,3,,Ys,P,215,165,45,82.7,32.7,17784
12229011102,3,,Ys,Q,222,180,36,100,35.5,22196
12229011103,3,,Ys,R,166,120,38,62.1,27.1,10314
122290112,2,,Ys,,73,65,7,130.5,40.2,9527
122290161,2,,Ys,g,3103,1861,757,90,31.6,279135
12229016101,3,,Ys,gP,697,184,118,67.3,24.3,46878
12229016102,3,,Ys,gQ,349,221,117,97.3,37.4,33957
12229016103,3,,Ys,gR,232,158,57,97.6,33.4,22632
12229016104,3,,Ys,gS,331,205,119,90.5,33.1,29964
12229016105,3,,Ys,gT,437,343,92,100.5,34,43902
12229016106,3,,Ys,gU,628,483,97,99,33.1,62190
12229016107,3,,Ys,gV,429,267,157,92.3,32,39612
122290162,2,,Ys,g,1141,788,288,103.4,33.9,117934
122290231,2,,Ys,vۓc,117,64,49,94,33.5,10995
12229023101,3,,Ys,vۓcP,55,22,30,86,35.5,4728
12229023102,3,,Ys,vۓcQ,62,42,19,101.1,32.1,6267
122290232,2,,Ys,vۓc,767,649,76,110.5,35.7,84725
122290260,2,,Ys,h,447,258,39,96.3,34.5,43036
122290270,2,,Ys,,-,-,-,-,-,-
122290280,2,,Ys,k,-,-,-,-,-,-
122290301,2,,Ys,YwO,2207,1391,646,87.9,32.8,194081
12229030101,3,,Ys,YwOP,198,108,88,73.1,33.7,14473
12229030102,3,,Ys,YwOQ,432,234,190,81.7,33.2,35275
12229030103,3,,Ys,YwOR,147,66,80,78.2,31.7,11490
12229030104,3,,Ys,YwOS,264,239,17,104.5,36.1,27593
12229030105,3,,Ys,YwOT,300,259,38,101.4,36.8,30434
12229030106,3,,Ys,YwOU,419,252,51,90.2,30.7,37804
12229030107,3,,Ys,YwOV,235,148,87,88.8,29.4,20877
12229030108,3,,Ys,YwOW,212,85,95,76.1,30.2,16134
122290302,2,,Ys,Y,8,6,2,123.5,35.3,988
122290380,2,,Ys,ѕx,366,302,4,121.2,36.6,44362
122290390,2,,Ys,Vc,92,71,-,108.5,35.9,9979
122290400,2,,Ys,Oc,91,87,3,156.4,37.7,14236
122290410,2,,Ys,],155,151,2,149.1,39.2,23104
122290420,2,,Ys,c,68,65,1,145.9,41.7,9921
122290430,2,,Ys,,40,39,-,137.1,38.1,5484
122290440,2,,Ys,̂ݖ,950,915,24,116.5,37.6,110690
122290450,2,,Ys,in,99,96,-,157.1,40.4,15555
122290460,2,,Ys,,89,87,-,136.2,36.3,12121
122290470,2,,Ys,J,178,170,7,132.6,41.6,23609
122290480,2,,Ys,O,372,342,21,110.7,36.4,41186
122290490,2,,Ys,쌴,280,263,9,126.4,37.9,35393
122290500,2,,Ys,,72,69,1,131.4,36.5,9459
122290510,2,,Ys,엢,480,454,18,117.5,38.4,56391
122290520,2,,Ys,,368,323,7,123.1,37,45301
122290530,2,,Ys,ig,57,57,-,136.6,48.6,7784
122290540,2,,Ys,,92,88,-,140.7,38.6,12943
122290550,2,,Ys,Sږ,168,161,5,136.8,39.2,22988
122290560,2,,Ys,c,1013,903,93,117.6,37.3,119132
122290570,2,,Ys,咹,58,57,1,149.4,41.3,8667
122290580,2,,Ys,O,28,27,1,161.9,36.6,4534
122290590,2,,Ys,J,35,34,1,158.9,37.6,5561
122290600,2,,Ys,,35,35,-,160,44.4,5599
122290610,2,,Ys,,67,62,5,116.7,33.5,7817
122290620,2,,Ys,J,13,12,1,130.6,28.3,1697
122290630,2,,Ys,ŉz,59,57,1,116,33.7,6844
122290640,2,,Ys,|,34,32,-,125.4,33.8,4263
122290650,2,,Ys,̌,127,127,-,123.9,33.5,15731
122290660,2,,Ys,gc,70,68,2,131.7,35.2,9217
122290670,2,,Ys,ʖ,22,22,-,154.4,40.4,3396
122290680,2,,Ys,{c,53,52,-,139.4,37.7,7388
122290690,2,,Ys,{c,29,29,-,143.1,42.3,4149
122290700,2,,Ys,ł̐X,-,-,-,-,-,-
