KEY_CODE,HYOSYO,HTKSYU,CITYNAME,NAME,T000055001,T000055002,T000055003,T000055004,T000055005,T000055006
,,,,,ZɏZވʐ,,c؉,Pѓ艄ʐ,Pl艄ʐ,ʐ
12443,1,,h,,2895,2570,207,114.9,43.7,332778
124430010,2,,h,v,345,269,60,103.5,42.7,35698
124430020,2,,h,l,253,227,20,111.7,40.8,28254
124430030,2,,h,Rc,93,90,1,130.1,46.9,12095
124430040,2,,h,v,405,320,47,103.6,38.5,41943
124430050,2,,h,V,478,422,45,110.9,44.4,53014
124430060,2,,h,Z,228,209,14,104.2,40.6,23769
124430070,2,,h,ac,402,365,12,122.4,41.7,49209
124430080,2,,h,J,138,132,1,127.3,40.4,17568
124430090,2,,h,z{,214,207,3,126,41.6,26961
124430100,2,,h,h,339,329,4,130.6,63.7,44267
