KEY_CODE,HYOSYO,HTKSYU,CITYNAME,NAME,T000055001,T000055002,T000055003,T000055004,T000055005,T000055006
,,,,,ZɏZވʐ,,c؉,Pѓ艄ʐ,Pl艄ʐ,ʐ
12207,1,,ˎs,,186791,108550,55273,75.7,30.7,14146761
122070010,2,,ˎs,HR,1266,1061,110,92.2,31,116759
122070020,2,,ˎs,,166,142,21,111.8,37.6,18556
12207002001,3,,ˎs,P,5,5,-,121.9,38.1,609
12207002002,3,,ˎs,Q,78,71,6,109,35.3,8501
12207002003,3,,ˎs,R,56,47,9,125.7,44.5,7037
12207002004,3,,ˎs,S,27,19,6,89.2,30.9,2408
122070030,2,,ˎs,␣,2052,1072,600,71.4,31.1,146440
122070040,2,,ˎs,,2052,1120,666,70.7,28.4,145086
12207004001,3,,ˎs,P,407,181,148,63.8,24.9,25975
12207004002,3,,ˎs,Q,336,136,108,69.2,27.3,23239
12207004003,3,,ˎs,R,378,167,147,63.9,27.8,24137
12207004004,3,,ˎs,S,515,314,179,75.2,31,38719
12207004005,3,,ˎs,T,416,322,84,79.4,30.1,33017
122070050,2,,ˎs,勴,1270,1002,212,94.8,33.2,120366
122070060,2,,ˎs,J,1169,721,322,77.4,31.4,90492
122070090,2,,ˎs,P,2865,2036,752,86,32.6,246380
12207009000,3,,ˎs,P,2763,1963,730,85.8,32.6,237012
12207009001,3,,ˎs,P,102,73,22,91.8,32,9368
122070100,2,,ˎs,~,2020,1132,827,87.9,34.4,177541
12207010000,3,,ˎs,~,1634,845,734,87.9,34.9,143557
12207010001,3,,ˎs,~P,355,259,92,82.2,31.8,29196
12207010002,3,,ˎs,~Q,9,9,-,129.5,44.8,1165
12207010003,3,,ˎs,~R,22,19,1,164.7,39.4,3623
122070110,2,,ˎs,{,6875,3519,2663,70.9,30.8,487388
12207011001,3,,ˎs,{,3413,1630,1332,68.6,30,234107
12207011002,3,,ˎs,{,2311,1321,843,77.1,32.1,178281
12207011003,3,,ˎs,{,1151,568,488,65.2,30.7,75000
122070120,2,,ˎs,,1428,1030,339,88,32.6,125690
122070130,2,,ˎs,͌,1869,1217,483,88.4,31.5,165292
122070140,2,,ˎs,k,1182,526,617,64.7,32.1,76451
12207014001,3,,ˎs,k˂P,291,105,175,49.7,30.4,14457
12207014002,3,,ˎs,k˂Q,523,251,260,70,33.7,36585
12207014003,3,,ˎs,k˂R,368,170,182,69,31.1,25409
122070150,2,,ˎs,Vc,704,462,157,88.8,33.7,62505
122070160,2,,ˎs,쒬,547,383,141,93.4,33.8,51095
122070170,2,,ˎs,vە,574,415,95,77.2,27.6,44333
122070180,2,,ˎs,IP,598,476,113,95.6,32.8,57158
122070190,2,,ˎs,IR,815,369,426,72.6,35.3,59178
122070210,2,,ˎs,Kc,1188,826,139,93.4,32.9,110912
12207021001,3,,ˎs,KcP,115,95,15,113.2,39.3,13014
12207021002,3,,ˎs,KcQ,380,170,60,81.9,29.1,31129
12207021003,3,,ˎs,KcR,244,162,22,93.6,33.3,22830
12207021004,3,,ˎs,KcS,77,76,1,115.1,38,8865
12207021005,3,,ˎs,KcT,372,323,41,94.3,33.2,35075
122070260,2,,ˎs,KJ,1145,699,417,85.2,33.3,97507
122070270,2,,ˎs,ÃP,4008,2774,1100,75.1,29.3,301006
12207027000,3,,ˎs,ÃP,1100,607,433,76.3,32.3,83885
12207027001,3,,ˎs,ÃPP,186,135,48,74.6,27.2,13880
12207027002,3,,ˎs,ÃPQ,1051,782,232,72.5,28.2,76159
12207027003,3,,ˎs,ÃPR,743,540,184,77.4,28.8,57492
12207027004,3,,ˎs,ÃPS,928,710,203,75,28.2,69590
122070280,2,,ˎs,,1663,912,579,75.6,32.6,125753
122070290,2,,ˎs,㑍,519,289,209,79.3,32.8,41156
122070300,2,,ˎs,悵Pu,1508,916,496,76.1,32.3,114772
12207030001,3,,ˎs,悵PuP,325,168,137,70.5,30.9,22904
12207030002,3,,ˎs,悵PuQ,380,210,122,84.5,34.4,32098
12207030003,3,,ˎs,悵PuR,413,274,128,75.1,33.9,31007
12207030004,3,,ˎs,悵PuS,244,187,49,72.1,29.1,17602
12207030005,3,,ˎs,悵PuT,146,77,60,76.4,31.2,11161
122070310,2,,ˎs,u,845,538,281,75.6,31.9,63874
12207031001,3,,ˎs,uP,144,97,42,82.4,31.2,11861
12207031002,3,,ˎs,uQ,377,260,105,80.1,33.5,30214
12207031003,3,,ˎs,uR,324,181,134,67.3,30.3,21799
122070330,2,,ˎs,,9121,4998,1457,77.8,30.8,709458
12207033001,3,,ˎs,P,788,423,238,87.1,34.7,68655
12207033002,3,,ˎs,Q,473,384,77,96,35.9,45387
12207033003,3,,ˎs,R,1631,336,152,55.8,23.4,90955
12207033004,3,,ˎs,S,1025,547,258,83.6,33.1,85702
12207033005,3,,ˎs,T,900,665,224,102.7,37.7,92448
12207033006,3,,ˎs,U,1753,741,98,52.6,22.1,92162
12207033007,3,,ˎs,V,1150,960,134,89.1,34.8,102460
12207033008,3,,ˎs,W,658,412,138,90.6,33.2,59638
12207033009,3,,ˎs,X,743,530,138,97,35.9,72052
122070420,2,,ˎs,܍Z,111,1,61,51.2,17.9,5687
122070430,2,,ˎs,{,1109,595,441,68.7,30.4,76147
122070440,2,,ˎs,R,1989,1377,499,73.4,30,145994
122070450,2,,ˎs,Ә^,2195,1321,533,75.2,29.7,165106
122070460,2,,ˎs,h,4888,3266,1371,68.8,27.8,336149
12207046001,3,,ˎs,hP,373,220,141,65.6,27.6,24459
12207046002,3,,ˎs,hQ,404,273,122,70.3,28.9,28418
12207046003,3,,ˎs,hR,538,360,159,65.5,28.4,35225
12207046004,3,,ˎs,hS,537,406,115,66.8,27.3,35892
12207046005,3,,ˎs,hT,747,410,308,66.5,28.2,49699
12207046006,3,,ˎs,hU,542,355,143,71.1,27.6,38554
12207046007,3,,ˎs,hV,825,590,213,73.6,28.6,60760
12207046008,3,,ˎs,hW,922,652,170,68.5,26.2,63142
122070470,2,,ˎs,EqVc,47,44,2,131,32.9,6158
122070480,2,,ˎs,,1590,976,587,87.1,35.6,138546
122070490,2,,ˎs,V,1515,613,379,73.3,32.5,111075
122070500,2,,ˎs,V,12181,7034,4289,69.6,28.7,847797
12207050001,3,,ˎs,V˂P,1083,330,698,53.2,29.2,57603
12207050002,3,,ˎs,V˂Q,538,105,407,49.2,31.1,26496
12207050003,3,,ˎs,V˂R,3291,2057,1087,68.8,28.3,226312
12207050004,3,,ˎs,V˂S,1672,905,666,65.5,28.4,109454
12207050005,3,,ˎs,V˂T,1431,996,279,72.2,27.3,103264
12207050006,3,,ˎs,V˂U,1484,768,589,74.2,28.4,110178
12207050007,3,,ˎs,V˂V,2682,1873,563,80,29.6,214489
122070570,2,,ˎs,V˓,2034,1185,770,79.6,30.1,161987
12207057001,3,,ˎs,V˓P,974,500,431,72.9,29,71043
12207057002,3,,ˎs,V˓Q,593,400,172,82.2,30.7,48757
12207057003,3,,ˎs,V˓R,467,285,167,90.3,31.4,42188
122070600,2,,ˎs,ʖx,2335,1632,652,85.5,32.6,199651
12207060000,3,,ˎs,ʖx,2178,1494,635,84.7,32.6,184475
12207060001,3,,ˎs,ʖx,157,138,17,96.7,32.7,15177
122070620,2,,ˎs,ːVc,4172,2756,475,77.4,30.2,322841
12207062001,3,,ˎs,ːVc,1910,1474,304,87.9,30.7,167803
12207062002,3,,ˎs,ːVc,2262,1282,171,68.5,29.6,155038
122070630,2,@,ˎs,Vc,219,187,31,96,31.8,21025
122070640,2,*,ˎs,,,,,,,
122070650,2,,ˎs,|P,707,393,288,69.6,31,49213
122070660,2,,ˎs,cVc,81,66,12,92.7,33.2,7507
122070670,2,,ˎs,Օ,10397,2916,1776,59.2,27.4,615599
12207067001,3,,ˎs,ՕP,786,300,361,66,27.1,51915
12207067002,3,,ˎs,ՕQ,1938,437,200,59.9,28,115992
12207067003,3,,ˎs,ՕR,2405,410,433,48.5,25.8,116537
12207067004,3,,ˎs,ՕS,2423,608,163,52.4,24.7,126987
12207067005,3,,ˎs,ՕT,708,352,299,76.9,32.6,54440
12207067006,3,,ˎs,ՕU,679,454,160,89,34.8,60455
12207067007,3,,ˎs,ՕV,1458,355,160,61.2,26.8,89273
122070740,2,,ˎs,ՕwO,742,240,465,59.7,28.5,44296
122070750,2,,ˎs,ՕE,757,538,194,98.2,37.1,74372
122070760,2,,ˎs,Օot,522,323,110,88.6,37,46262
122070770,2,,ˎs,Օ,579,331,212,83.6,34.3,48397
122070790,2,,ˎs,a,1018,629,336,77,30.5,78347
122070800,2,,ˎs,䒬,985,472,489,75.4,34.2,74252
12207080001,3,,ˎs,䒬P,360,163,193,71.7,34.6,25811
12207080002,3,,ˎs,䒬Q,294,148,136,83,36.2,24390
12207080003,3,,ˎs,䒬R,331,161,160,72.7,31.9,24051
122070840,2,,ˎs,,888,747,102,102.2,34.9,90795
12207084001,3,,ˎs,P,228,218,7,114.1,36,26014
12207084002,3,,ˎs,Q,117,89,27,91.8,31.8,10739
12207084003,3,,ˎs,R,203,154,45,103.8,38.1,21074
12207084004,3,,ˎs,S,223,171,21,96.2,34.9,21444
12207084005,3,,ˎs,T,117,115,2,98.5,31.1,11524
122070890,2,,ˎs,,531,203,191,67.7,32,35952
122070900,2,,ˎs,Ò,310,50,234,52.3,26.6,16224
122070910,2,,ˎs,,484,161,190,69.9,32.7,33817
122070920,2,,ˎs,aq,1493,983,459,84.1,32.7,125580
122070930,2,,ˎs,nL蒬,503,254,231,60.3,29.8,30337
122070940,2,,ˎs,n쒬,559,249,290,62.9,28.8,35146
122070950,2,,ˎs,nK,557,100,396,54.5,26,30347
122070960,2,,ˎs,n,802,102,610,51.6,26.1,41410
122070970,2,,ˎs,\Iu`̖ؒ,221,134,82,90.7,34.7,20044
122070980,2,,ˎs,\Iu,259,152,99,84.5,31.5,21888
122070990,2,,ˎs,\Iu,271,96,97,78.3,27,21216
122071000,2,,ˎs,\Iu엢,355,204,146,89,31.4,31583
122071010,2,,ˎs,\IuˎR,324,272,46,104.7,37.2,33922
122071020,2,,ˎs,\IuێR,207,130,70,90.2,33.8,18662
122071030,2,,ˎs,\Iu,731,381,327,80.1,31.9,58570
122071040,2,,ˎs,ؓ,1334,908,391,84.5,32.3,112760
122071050,2,,ˎs,{,2616,1352,1051,60.3,30.5,157759
122071060,2,,ˎs,e,726,-,16,44.2,20.1,32090
122071071,2,,ˎs,P,5819,4428,1045,91.9,33.2,534582
12207107101,3,,ˎs,PP,429,363,62,98,35.5,42047
12207107102,3,,ˎs,PQ,552,490,50,87.2,28.8,48125
12207107103,3,,ˎs,PR,1098,948,125,98.9,34.3,108592
12207107104,3,,ˎs,PS,660,444,50,85.2,33.2,56255
12207107105,3,,ˎs,PT,673,480,180,96,33.6,64602
12207107106,3,,ˎs,PU,1121,796,230,89.5,32.8,100382
12207107107,3,,ˎs,PV,770,549,203,88.5,33,68126
12207107108,3,,ˎs,PW,516,358,145,90,34.7,46454
122071072,2,,ˎs,P,27,11,15,60.2,27.1,1625
122071080,2,,ˎs,PΒ,387,302,79,85.7,31.3,33172
122071100,2,,ˎs,,1625,915,625,75,32,121794
122071110,2,,ˎs,,3430,1806,1308,73.7,30.8,252710
12207111000,3,,ˎs,,237,159,69,85,29.4,20136
12207111001,3,,ˎs,P,407,160,227,58.2,29.3,23671
12207111002,3,,ˎs,Q,367,211,142,68.5,29.8,25143
12207111003,3,,ˎs,R,563,181,289,65.6,28.5,36935
12207111004,3,,ˎs,S,246,143,92,92.8,37.1,22820
12207111005,3,,ˎs,T,596,238,243,74.4,31.8,44316
12207111006,3,,ˎs,U,313,159,137,76,32,23781
12207111007,3,,ˎs,V,701,555,109,79.8,30.7,55909
122071150,2,,ˎs,,1189,595,522,66,29,78471
122071160,2,,ˎs,,849,607,201,89.8,32.9,76279
122071170,2,,ˎs,c,1880,1168,651,76.1,30.4,143119
122071180,2,,ˎs,{,580,169,292,52.2,34,30269
122071190,2,,ˎs,q̌,3818,1856,280,67.5,28.1,257842
12207119000,3,,ˎs,q̌,2105,528,73,46.8,23.1,98603
12207119001,3,,ˎs,q̌P,818,735,57,93.3,31.1,76289
12207119002,3,,ˎs,q̌Q,895,593,150,92.7,33.9,82950
122071220,2,,ˎs,,7445,3562,3232,64.2,30.2,478305
12207122001,3,,ˎs,,2397,1231,1029,67.6,32.3,161921
12207122002,3,,ˎs,,3063,1362,1610,63,31.7,193122
12207122003,3,,ˎs,,1985,969,593,62.1,25.9,123262
122071230,2,,ˎs,ːVc,5457,3232,1772,76.1,31.3,415262
12207123001,3,,ˎs,ːVc,2269,1366,681,81.4,32.3,184789
12207123002,3,,ˎs,ːVc,3188,1866,1091,72.3,30.5,230473
122071240,2,,ˎs,,2921,1914,705,83.2,31.7,243080
12207124000,3,,ˎs,,2685,1731,659,82.4,31.3,221184
12207124001,3,,ˎs,,236,183,46,92.8,35.8,21896
122071250,2,,ˎs,n,2953,1344,1437,66.5,31.1,196507
12207125001,3,,ˎs,n,635,321,294,71.1,31.4,45148
12207125002,3,,ˎs,n,2318,1023,1143,65.3,31,151360
122071260,2,,ˎs,OP,1015,541,299,73.7,27.7,74813
122071280,2,,ˎs,΃Pu,813,338,418,66.3,31.3,53880
12207128001,3,,ˎs,΃PuP,417,158,214,65.9,30.9,27469
12207128002,3,,ˎs,΃PuQ,396,180,204,66.7,31.8,26411
122071290,2,,ˎs,ԓ,1917,877,865,66.7,29.7,127951
12207129000,3,,ˎs,ԓ,273,148,114,69.5,27,18983
12207129001,3,,ˎs,ԓP,389,159,147,67.5,31.6,26240
12207129002,3,,ˎs,ԓQ,297,161,128,70.3,29.5,20888
12207129003,3,,ˎs,ԓR,575,172,341,65.3,31.2,37556
12207129004,3,,ˎs,ԓS,383,237,135,63.4,28.4,24284
122071300,2,,ˎs,,5411,3160,2053,75.9,30.5,410792
12207130001,3,,ˎs,,2238,1141,999,74.9,32,167717
12207130002,3,@,ˎs,,3173,2019,1054,76.6,29.6,243074
12207130003,3,*,ˎs,,,,,,,
122071320,2,,ˎs,O,1590,975,527,91.7,34.9,145827
12207132001,3,,ˎs,OP,192,103,74,81,30.7,15552
12207132002,3,,ˎs,OQ,264,174,85,100.2,39.1,26446
12207132003,3,,ˎs,OR,344,192,148,84,33.2,28912
12207132004,3,,ˎs,OS,340,188,139,88.4,33.8,30063
12207132005,3,,ˎs,OT,450,318,81,99.7,36.3,44852
122071340,2,,ˎs,吅Vc,57,54,1,129,33.6,7350
122071350,2,,ˎs,{,1021,448,539,72.9,29.6,74394
12207135001,3,,ˎs,{P,436,209,210,75.2,31.5,32778
12207135002,3,,ˎs,{Q,585,239,329,71.1,28.3,41616
122071360,2,,ˎs,g䒬,344,212,108,72.3,32.4,24856
122071370,2,,ˎs,Z,5627,4331,766,85,28.8,478361
12207137001,3,,ˎs,ZP,294,201,65,74.5,26.2,21904
12207137002,3,,ˎs,ZQ,593,471,108,88.7,30.8,52613
12207137003,3,,ˎs,ZR,441,188,78,80.6,28.8,35532
12207137004,3,,ˎs,ZS,630,470,142,87.8,31.7,55312
12207137005,3,,ˎs,ZT,732,595,86,91.5,30.5,66951
12207137006,3,,ˎs,ZU,456,402,45,104.2,36.5,47519
12207137007,3,,ˎs,ZV,1210,963,136,70.7,23.9,85606
12207137008,3,,ˎs,ZW,855,792,55,93.5,27.9,79955
12207137009,3,,ˎs,ZX,416,249,51,79.3,28,32969
122071460,2,,ˎs,aPJ,1176,874,265,93.7,32.8,110245
122071470,2,,ˎs,]ːӐ,-,-,-,-,-,-
12207147001,3,,ˎs,]ːӐikj,-,-,-,-,-,-
12207147002,3,,ˎs,]ːӐi암j,-,-,-,-,-,-
122071500,2,,ˎs,n,3760,2680,953,74.8,29,281427
12207150001,3,,ˎs,nP,996,552,391,68,29,67678
12207150002,3,,ˎs,nQ,694,583,96,74.8,28.2,51920
12207150003,3,,ˎs,nR,948,739,182,72.9,29.5,69097
12207150004,3,,ˎs,nS,786,544,217,81.3,29,63890
12207150005,3,,ˎs,nT,336,262,67,85.8,29.5,28843
122071520,2,,ˎs,|PԐ,379,157,206,67,31.4,25402
122071530,2,,ˎs,h,1322,1024,279,83.2,29.2,110044
12207153001,3,,ˎs,hP,357,217,135,72.8,27.6,25979
12207153002,3,,ˎs,hQ,191,140,45,88,30.5,16817
12207153003,3,,ˎs,hR,364,315,47,85.4,28,31081
12207153004,3,,ˎs,hS,205,188,14,93,31.4,19065
12207153005,3,,ˎs,hT,205,164,38,83.4,30.7,17102
122071540,2,,ˎs,V˖k,1768,1051,526,65.6,26.8,115948
12207154001,3,,ˎs,V˖kP,812,437,333,63.7,26.9,51711
12207154002,3,,ˎs,V˖kQ,956,614,193,67.2,26.8,64237
122071550,2,,ˎs,V˓,383,208,129,67.8,26.8,25950
122071560,2,,ˎs,cؓt,221,178,35,83.6,32.5,18480
122071570,2,,ˎs,Z,2707,1872,760,84.5,31.5,228717
12207157001,3,,ˎs,ZP,427,346,74,93.8,31.8,40072
12207157002,3,,ˎs,ZQ,437,304,121,86.6,32.3,37843
12207157003,3,,ˎs,ZR,632,414,205,81.6,32,51569
12207157004,3,,ˎs,ZS,275,185,77,84.3,32.7,23183
12207157005,3,,ˎs,ZT,317,219,71,80.5,31.7,25532
12207157006,3,,ˎs,ZU,536,334,200,80.9,29.8,43364
12207157007,3,,ˎs,ZV,83,70,12,86.2,30.2,7154
122071580,2,,ˎs,܍,4055,2839,1127,86.6,32.5,351081
12207158001,3,,ˎs,܍P,532,400,120,81,31,43072
12207158002,3,,ˎs,܍Q,696,476,204,86.4,31.4,60109
12207158003,3,,ˎs,܍R,399,316,79,91.8,33.3,36637
12207158004,3,,ˎs,܍S,730,515,197,89.4,32.1,65297
12207158005,3,,ˎs,܍T,199,155,38,91.2,32.9,18143
12207158006,3,,ˎs,܍U,467,316,137,89.5,36.4,41803
12207158007,3,,ˎs,܍V,683,422,247,85.5,33.3,58388
12207158008,3,,ˎs,܍W,349,239,105,79.2,30.4,27633
122071590,2,,ˎs,܍,2381,1694,543,87.2,32.6,207546
12207159001,3,,ˎs,܍P,623,374,220,76.9,33.1,47931
12207159002,3,,ˎs,܍Q,889,668,201,90.2,34.5,80203
12207159003,3,,ˎs,܍R,461,367,71,92.8,30.3,42780
12207159004,3,,ˎs,܍S,238,199,31,92,32.2,21897
12207159005,3,,ˎs,܍T,65,50,13,108.6,35.3,7056
12207159006,3,,ˎs,܍U,105,36,7,73.1,25.2,7678
122071600,2,,ˎs,܍,1671,1120,488,78.4,31.7,131028
12207160001,3,,ˎs,܍P,353,235,95,73.3,29.9,25865
12207160002,3,,ˎs,܍Q,856,569,259,76.3,30.2,65275
12207160003,3,,ˎs,܍R,462,316,134,86.3,35.7,39889
