KEY_CODE,HYOSYO,HTKSYU,CITYNAME,NAME,T000055001,T000055002,T000055003,T000055004,T000055005,T000055006
,,,,,ZɏZވʐ,,c؉,Pѓ艄ʐ,Pl艄ʐ,ʐ
12224,1,,PJs,,37155,27524,7248,86.2,31.7,3202190
122240010,2,,PJs,ێR,1514,1173,319,87.7,32.9,132731
12224001001,3,,PJs,ێRP,656,516,128,84.2,33.3,55250
12224001002,3,,PJs,ێRQ,480,387,89,96.5,32.6,46337
12224001003,3,,PJs,ێRR,378,270,102,82.4,32.5,31144
122240020,2,,PJs,PJ,3862,3029,743,85.7,31.1,331114
12224002001,3,,PJs,PJP,419,285,120,78.3,29,32796
12224002002,3,,PJs,PJQ,681,601,72,91.5,31.8,62336
12224002003,3,,PJs,PJR,390,257,121,84.7,31.6,33037
12224002004,3,,PJs,PJS,337,229,100,91.2,31.8,30726
12224002005,3,,PJs,PJT,503,376,116,81.5,30.5,40975
12224002006,3,,PJs,PJU,218,169,29,84.2,32.3,18359
12224002007,3,,PJs,PJV,498,415,78,89,31.3,44315
12224002008,3,,PJs,PJW,326,289,32,77,28.4,25102
12224002009,3,,PJs,PJX,490,408,75,88.7,32.6,43469
122240030,2,,PJs,PJ,1844,1453,249,84.6,30.4,156034
12224003001,3,,PJs,PJP,289,223,57,79.5,29.6,22964
12224003002,3,,PJs,PJQ,909,770,129,83.1,30.3,75564
12224003003,3,,PJs,PJR,646,460,63,89,30.8,57506
122240040,2,,PJs,슙PJ,1333,1003,313,84.1,31.6,112046
12224004001,3,,PJs,슙PJP,476,389,79,86,32.2,40943
12224004002,3,,PJs,슙PJQ,254,162,89,77.4,30.4,19665
12224004003,3,,PJs,슙PJR,180,91,88,79.3,33.5,14277
12224004004,3,,PJs,슙PJS,423,361,57,87.9,30.9,37161
122240050,2,,PJs,,320,268,49,91.6,31.8,29310
122240060,2,,PJs,,2852,2286,447,88.9,32.3,253667
12224006001,3,,PJs,ӂP,148,129,18,101.8,34.2,15070
12224006002,3,,PJs,ӂQ,309,149,98,72,31.1,22258
12224006003,3,,PJs,ӂR,581,518,55,87.2,31.1,50648
12224006004,3,,PJs,ӂS,504,409,83,93,32.4,46864
12224006005,3,,PJs,ӂT,340,281,54,98.6,35.5,33536
12224006006,3,,PJs,ӂU,396,357,29,86.9,30.5,34402
12224006007,3,,PJs,ӂV,574,443,110,88.7,32.8,50889
122240070,2,,PJs,,1469,1324,76,70.7,28,103895
122240080,2,,PJs,n,333,282,41,89.3,35.4,29744
122240090,2,,PJs,,534,415,76,106.4,33.5,56831
122240100,2,,PJs,,3254,2016,456,84.2,30.9,273970
12224010001,3,,PJs,P,566,427,126,80.2,29.5,45420
12224010002,3,,PJs,Q,1510,546,206,78.3,29.8,118296
12224010003,3,,PJs,R,739,658,73,96.4,32.5,71255
12224010004,3,,PJs,S,439,385,51,88.8,33.1,39000
122240110,2,,PJs,k,1355,922,412,82.6,30.5,111986
12224011001,3,,PJs,kP,308,186,114,82,32.1,25245
12224011002,3,,PJs,kQ,693,479,204,83.1,29.8,57611
12224011003,3,,PJs,kR,354,257,94,82.3,30.8,29130
122240120,2,,PJs,x,1418,1262,139,100.9,33.5,143072
122240130,2,,PJs,쏉x,3308,2474,736,85.6,30.2,283201
12224013001,3,,PJs,쏉xP,645,565,64,95.7,32.6,61707
12224013002,3,,PJs,쏉xQ,590,412,169,85.5,29.5,50432
12224013003,3,,PJs,쏉xR,541,432,98,85.5,30.7,46254
12224013004,3,,PJs,쏉xS,760,509,202,81.8,29.5,62164
12224013005,3,,PJs,쏉xT,442,266,168,81.6,29.6,36072
12224013006,3,,PJs,쏉xU,330,290,35,80.5,28.2,26572
122240140,2,,PJs,E,470,330,127,80.5,30.2,37841
122240150,2,,PJs,,846,568,196,87.3,34.3,73897
12224015001,3,,PJs,P,293,192,93,90.4,37.3,26481
12224015002,3,,PJs,Q,553,376,103,85.7,32.9,47416
122240160,2,,PJs,x,956,639,295,85.9,34.1,82073
12224016001,3,,PJs,xP,204,116,83,78.7,31.4,16056
12224016002,3,,PJs,xQ,526,367,150,87.4,35.5,45958
12224016003,3,,PJs,xR,226,156,62,88.8,33.6,20059
122240170,2,,PJs,x,2626,2174,358,99.2,35.6,260477
12224017001,3,,PJs,xP,396,352,39,94.7,34.1,37498
12224017002,3,,PJs,xQ,348,249,34,87.3,28,30386
12224017003,3,,PJs,xR,584,490,89,103.5,36.2,60451
12224017004,3,,PJs,xS,424,378,42,116.8,42.6,49529
12224017005,3,,PJs,xT,669,551,105,95.4,35.7,63849
12224017006,3,,PJs,xU,205,154,49,91.5,36.9,18763
122240180,2,,PJs,ʂR,2267,1370,478,76.2,28.9,172811
12224018001,3,,PJs,ʂRP,579,329,83,73.8,27.2,42723
12224018002,3,,PJs,ʂRQ,459,340,113,80.8,30.1,37093
12224018003,3,,PJs,ʂRR,456,339,105,81.7,31.1,37265
12224018004,3,,PJs,ʂRS,390,265,121,75,31.6,29250
12224018005,3,,PJs,ʂRT,383,97,56,69.1,25.4,26480
122240190,2,,PJs,Vc,25,24,-,97.7,35.9,2442
122240200,2,,PJs,,741,594,78,95.3,32.2,70613
122240210,2,,PJs,Ê,247,198,46,93.5,34.9,23096
122240220,2,,PJs,Ê,545,435,99,91.4,33,49834
12224022001,3,,PJs,ÊԂP,291,232,54,92.1,32.6,26814
12224022002,3,,PJs,ÊԂQ,254,203,45,90.6,33.5,23020
122240230,2,,PJs,Ê,903,687,166,82,31.1,74073
12224023001,3,,PJs,ÊԂP,494,323,125,77.8,31.2,38426
12224023002,3,,PJs,ÊԂQ,409,364,41,87.2,31,35647
122240240,2,,PJs,썲Ê,216,139,71,90.5,34.2,19555
122240250,2,,PJs,y,215,207,5,118.9,38.5,25573
122240260,2,,PJs,Ӓ,1651,1018,522,82.7,32.7,136571
12224026001,3,,PJs,ӒP,354,192,80,81.7,32.1,28932
12224026002,3,,PJs,ӒQ,190,99,86,76.1,32.1,14453
12224026003,3,,PJs,ӒR,454,346,100,85.3,32.6,38730
12224026004,3,,PJs,ӒS,458,250,200,82.1,34.2,37600
12224026005,3,,PJs,ӒT,195,131,56,86.4,31.5,16857
122240270,2,,PJs,x{,891,595,278,81.7,30.9,72781
12224027001,3,,PJs,x{P,545,335,200,76.9,30.3,41912
12224027002,3,,PJs,x{Q,346,260,78,89.2,31.7,30870
122240280,2,,PJs,kx,353,105,223,58.1,26.5,20507
122240290,2,,PJs,Ӗ{,807,534,250,77.4,30.6,62449
12224029001,3,,PJs,Ӗ{P,311,129,168,69,30.9,21458
12224029002,3,,PJs,Ӗ{Q,496,405,82,82.6,30.4,40991
