KEY_CODE,HYOSYO,HTKSYU,CITYNAME,NAME,T000055001,T000055002,T000055003,T000055004,T000055005,T000055006
,,,,,ZɏZވʐ,,c؉,Pѓ艄ʐ,Pl艄ʐ,ʐ
12461,1,,xY,,1829,1612,86,119.4,41.4,218417
124610010,2,,xY,얳J,281,266,5,127.2,42.1,35743
124610020,2,,xY,L,169,164,2,127.6,41,21563
124610030,2,,xY,,490,414,27,112.9,40.5,55336
124610040,2,,xY,c,426,344,16,113.3,40.7,48253
124610050,2,,xY,,67,65,1,128.7,38,8624
124610060,2,,xY,[,159,131,26,115.4,43.7,18352
124610070,2,,xY,,80,74,6,120.5,46.6,9637
124610080,2,,xY,{{,45,45,-,124.9,41.9,5620
124610090,2,,xY,,60,58,2,132.8,40.7,7971
124610100,2,,xY,O,27,27,-,140.2,44.5,3786
124610110,2,,xY,,12,11,1,133.5,42.2,1603
124610120,2,,xY,q,13,13,-,148.6,44.9,1932
