KEY_CODE,HYOSYO,HTKSYU,CITYNAME,NAME,T000055001,T000055002,T000055003,T000055004,T000055005,T000055006
,,,,,ZɏZވʐ,,c؉,Pѓ艄ʐ,Pl艄ʐ,ʐ
12210,1,,Όs,,33260,24989,6445,101.2,36.8,3365420
122100010,2,,Όs,Ό,1832,1242,472,91.8,37.5,168226
122100020,2,@,Όs,t,2538,1640,770,93.2,37.3,236476
12210002000,3,,Όs,t,2400,1581,698,93.6,37.5,224709
12210002001,3,@,Όs,t,138,59,72,85.3,33.2,11767
122100029,2,*,Όs,,,,,,,
122100030,2,,Όs,t,249,124,120,83.1,37,20698
12210003001,3,,Όs,tP,37,32,5,105.2,46.3,3891
12210003002,3,,Όs,tQ,72,27,44,83,34.8,5977
12210003003,3,,Όs,tR,140,65,71,77.4,35.7,10829
122100040,2,,Όs,,389,337,48,117.2,40.6,45584
12210004001,3,,Όs,P,181,150,29,116.3,39.5,21053
12210004002,3,,Όs,Q,131,118,12,114.8,42.2,15037
12210004003,3,,Όs,R,77,69,7,123.3,40.6,9494
122100050,2,,Όs,,633,483,136,85,31.6,53784
122100060,2,,Όs,h,338,196,127,91.2,34.9,30833
122100070,2,,Όs,Ό,360,274,16,103.9,35,37415
122100080,2,,Όs,,99,78,15,118.8,43.5,11756
122100090,2,,Όs,J,219,180,9,109.7,35.6,24027
122100100,2,,Όs,J,132,99,27,100.1,36.9,13207
122100110,2,,Όs,nc,71,70,-,130.4,39.2,9262
122100120,2,,Όs,Vc,300,216,79,100.3,38.1,30088
122100130,2,,Όs,Ό,505,338,100,95.2,35.4,48074
122100140,2,,Όs,Ό,659,484,149,100.5,36.4,66242
122100150,2,,Όs,c,79,58,15,104.5,40.5,8255
12210015001,3,,Όs,cP,35,23,10,96.6,34.1,3380
12210015002,3,,Όs,cQ,44,35,5,110.8,46.4,4876
122100160,2,,Όs,,333,107,180,65,33.6,21639
12210016001,3,,Όs,P,177,43,111,60.5,31.4,10713
12210016002,3,,Όs,Q,120,57,52,77.2,36.9,9266
12210016003,3,,Όs,R,36,7,17,46.1,31.9,1661
122100170,2,,Όs,\,145,49,94,78.4,32.6,11374
122100180,2,,Όs,,994,593,358,96.3,34.8,95767
12210018001,3,,Όs,P,186,105,73,95.2,35.8,17710
12210018002,3,,Όs,Q,420,206,191,88.3,33.2,37087
12210018003,3,,Όs,R,331,232,87,104.2,35.3,34495
12210018004,3,,Όs,S,57,50,7,113.6,39.5,6475
122100190,2,,Όs,,222,174,40,115.6,39.1,25653
122100200,2,,Όs,璬,547,499,39,109.5,36.2,59922
122100210,2,,Όs,Zc,798,707,72,110.9,37.3,88523
122100220,2,,Όs,؍,348,254,81,100,36.7,34814
122100230,2,,Όs,J{,197,182,8,110.1,37.5,21687
122100240,2,,Όs,{D,275,225,45,102.9,38.2,28287
122100250,2,,Όs,D,86,83,3,127.8,36,10987
122100260,2,,Όs,VD,368,232,129,88.8,36.4,32691
122100270,2,,Όs,n,414,371,39,115.8,37.8,47931
122100280,2,,Όs,,2426,1773,539,93.6,34.2,227081
122100290,2,,Όs,,464,271,141,93.7,39.6,43486
122100300,2,,Όs,,785,549,222,100.7,35.5,79087
122100310,2,,Όs,o,39,38,1,128.9,40.5,5028
122100320,2,,Όs,,1141,766,324,94.8,36,108137
122100330,2,,Όs,aJ,129,121,6,120.3,41.1,15521
122100340,2,,Όs,,211,178,31,111.6,39.4,23543
122100350,2,,Όs,k,351,337,8,117.7,38.6,41314
122100360,2,,Όs,{,243,209,7,113.4,34.5,27548
122100370,2,,Όs,^,203,98,3,86.4,31.5,17541
122100380,2,,Όs,R,117,90,2,118,38.7,13810
122100390,2,,Όs,,444,395,43,107.1,37.3,47574
122100400,2,,Όs,,26,26,-,153.5,37,3992
122100410,2,,Όs,g,39,38,-,121,32.6,4720
122100420,2,,Όs,,18,18,-,148.5,50.4,2672
122100430,2,,Όs,΃u,1023,942,44,120.8,40.4,123600
12210043001,3,,Όs,΃uP,267,252,11,122.2,38.4,32641
12210043002,3,,Όs,΃uQ,69,62,4,122.4,48.8,8447
12210043003,3,,Όs,΃uR,296,277,13,122.2,40.9,36160
12210043004,3,,Όs,΃uS,314,295,14,118.5,40.7,37194
12210043005,3,,Όs,΃uT,77,56,2,118.9,38,9158
122100440,2,,Όs,,2301,1411,637,85.8,34.5,197345
122100450,2,,Όs,j,370,311,51,107,34,39580
122100460,2,,Όs,P,113,113,-,135.9,38.6,15356
122100470,2,,Όs,ΐ_,55,54,1,121.9,37.7,6703
122100480,2,,Όs,,363,280,42,102.2,36.1,37113
122100490,2,,Όs,Zc,180,152,21,111.6,43,20079
122100500,2,,Όs,Β,535,367,60,88.2,34.8,47169
122100510,2,,Όs,,133,95,28,92.4,35.3,12292
122100520,2,,Όs,ig,633,464,61,97.2,35.2,61527
122100530,2,,Όs,ig,1727,1336,335,97.5,36.5,168451
122100540,2,,Όs,,114,113,1,130.3,39.6,14854
122100550,2,,Όs,OPJ,337,300,32,115.5,38.7,38932
122100560,2,,Όs,,113,113,-,150.4,40.8,16990
122100570,2,,Όs,c,45,41,4,133.6,44.5,6011
122100580,2,,Όs,싍,36,34,1,145.4,39.4,5236
122100590,2,,Όs,̓,664,555,94,105.9,39.4,70307
122100600,2,,Όs,{[,1275,986,258,102.4,38.7,130614
122100610,2,,Όs,|_[,19,19,-,171.2,40.7,3254
122100620,2,,Όs,c,114,105,9,126.1,39.4,14380
122100630,2,,Όs,@,646,582,54,118.7,37.5,76664
122100640,2,,Όs,,139,101,24,101.5,35.4,14108
122100650,2,,Όs,c,139,131,2,129,36.4,17926
122100660,2,,Όs,㑾c,115,111,1,134,37.5,15405
122100670,2,,Όs,,62,62,-,140.9,38.8,8738
122100680,2,,Όs,Ė,40,39,1,123.1,40,4924
122100690,2,,Όs,j,40,40,-,152.8,40.5,6111
122100700,2,,Όs,g,135,123,1,118.2,36.8,15961
122100710,2,,Όs,,271,256,11,129,41,34958
122100720,2,,Όs,|n,170,161,9,121.5,42.5,20649
122100730,2,,Όs,,638,558,66,110.3,40.3,70350
122100740,2,,Όs,䑠,86,72,13,114.5,38.2,9848
122100750,2,,Όs,,124,107,16,107.8,36.6,13367
122100760,2,,Όs,,197,178,13,111.6,37.8,21983
122100770,2,,Όs,gc,542,475,57,111.4,39.2,60375
