KEY_CODE,HYOSYO,HTKSYU,CITYNAME,NAME,T000055001,T000055002,T000055003,T000055004,T000055005,T000055006
,,,,,ZɏZވʐ,,c؉,Pѓ艄ʐ,Pl艄ʐ,ʐ
12103,1,,ы,,61318,35253,17155,74.5,31.1,4565717
121030010,2,,ы,,2670,1424,1084,67.7,31.4,180772
12103001001,3,,ы,P,683,521,153,74.6,29.7,50976
12103001002,3,,ы,Q,1072,461,494,66.2,31.7,70978
12103001003,3,,ы,R,624,248,367,60.6,33.3,37837
12103001004,3,,ы,S,291,194,70,72.1,31.8,20981
121030020,2,,ы,쒬,68,22,45,59.4,32.3,4037
121030030,2,,ы,ߑ,1942,396,44,44.8,20.8,87090
121030040,2,,ы,u,556,329,193,86.7,38.1,48233
121030050,2,,ы,,1407,825,468,80.6,34,113387
12103005001,3,,ы,тP,358,183,92,76.4,32.8,27360
12103005002,3,,ы,тQ,331,251,78,90.5,35.6,29972
12103005003,3,,ы,тR,718,391,298,78.1,33.8,56055
121030060,2,,ы,ё䒬,952,534,334,76.2,35.3,72560
121030070,2,,ы,ђ,1280,724,512,86.7,33,111017
12103007001,3,,ы,ђS,12,5,7,67.8,22.6,813
12103007002,3,,ы,ђT,1268,719,505,86.9,33.1,110203
121030080,2,,ы,ѓ,3847,2216,1332,71.3,30.9,274121
12103008001,3,,ы,ѓP,560,421,121,78.2,31.5,43812
12103008002,3,,ы,ѓQ,498,241,240,71.9,35.7,35816
12103008003,3,,ы,ѓR,864,354,418,62.7,32,54139
12103008004,3,,ы,ѓS,425,177,132,68.1,28.6,28944
12103008005,3,,ы,ѓT,599,331,238,70.6,32.6,42318
12103008006,3,,ы,ѓU,901,692,183,76.7,27.8,69092
121030090,2,,ы,,1302,1207,51,71.6,28.6,93270
121030100,2,,ы,,1879,817,983,67.8,33.7,127410
12103010001,3,,ы,P,697,175,491,50.4,31.8,35149
12103010002,3,,ы,Q,552,327,221,79.2,35.1,43728
12103010003,3,,ы,R,294,123,132,66.6,29.1,19593
12103010004,3,,ы,S,336,192,139,86.1,38.3,28940
121030110,2,,ы,,1841,742,1006,59.5,31.3,109601
12103011001,3,,ы,P,885,298,543,55,30.6,48719
12103011002,3,,ы,Q,299,121,151,68.2,31.3,20393
12103011003,3,,ы,R,657,323,312,61.6,32.1,40489
121030120,2,,ы,,7548,4739,1997,71,30,536199
12103012001,3,,ы,P,979,900,65,79.5,29.6,77826
12103012002,3,,ы,Q,359,126,163,62.7,34.3,22509
12103012003,3,,ы,R,718,270,288,67.4,34.1,48396
12103012004,3,,ы,S,404,247,143,75.2,35.5,30378
12103012005,3,,ы,T,583,349,-,69.7,25.8,40629
12103012006,3,,ы,U,873,277,537,58.9,30.2,51401
12103012007,3,,ы,V,1373,940,350,69.9,28.3,95978
12103012008,3,,ы,W,1508,1121,320,72,28.3,108649
12103012009,3,,ы,X,751,509,131,80.5,33.3,60434
121030130,2,,ы,䒬,3110,1878,882,74,28.1,230148
121030140,2,,ы,[,1245,839,323,87.4,33.9,108872
121030150,2,,ы,쑐,1634,1011,584,70.7,30.6,115571
121030160,2,,ы,R,2716,1869,666,81.5,29.9,221329
121030170,2,,ы,,6901,4871,1392,80.5,30.4,555312
12103017001,3,,ы,,4198,3020,871,79.6,30.8,334077
12103017002,3,,ы,,2703,1851,521,81.8,29.8,221235
121030180,2,,ы,瑐,2072,-,-,46.6,23.4,96618
12103018001,3,,ы,瑐P,703,-,-,47.6,22.9,33456
12103018002,3,,ы,瑐Q,1369,-,-,46.1,23.6,63162
121030190,2,,ы,V,2997,1701,920,73,31.7,218864
12103019001,3,,ы,VP,613,237,94,74.1,28.9,45412
12103019002,3,,ы,VQ,708,338,301,66.2,32.8,46880
12103019003,3,,ы,VR,546,336,202,71,32.4,38773
12103019004,3,,ы,VS,484,330,147,78.9,33.4,38184
12103019005,3,,ы,VT,449,291,150,77.7,32.6,34900
12103019006,3,,ы,VU,197,169,26,74.7,30.3,14715
121030200,2,,ы,V䒬,25,25,-,115.3,45,2882
121030210,2,,ы,,3315,1113,1110,61.4,27.9,203446
12103021001,3,,ы,P,875,341,422,60.3,32.1,52728
12103021002,3,,ы,Q,831,69,283,54.3,25.4,45113
12103021003,3,,ы,R,510,147,43,66.2,21.8,33787
12103021004,3,,ы,S,418,138,225,59.5,30.3,24851
12103021005,3,,ы,T,681,418,137,69,31.3,46967
121030220,2,,ы,,3145,2384,612,94,34.3,295493
121030230,2,,ы,,1767,1380,281,95.8,35,169306
121030240,2,,ы,䒬,584,480,95,113.8,43.7,66453
121030250,2,,ы,Β,1397,414,908,54.6,32.5,76279
12103025001,3,,ы,ΒP,1070,276,731,48.9,30.6,52373
12103025002,3,,ы,ΒQ,327,138,177,73.1,37.5,23906
121030260,2,,ы,{ؒ,3358,2419,787,94.6,35.7,317733
12103026001,3,,ы,{ؒ,2260,1554,575,90.9,33.7,205391
12103026002,3,,ы,{ؒ,1098,865,212,102.3,40.2,112341
121030270,2,,ы,퐶,417,96,196,47.3,26.6,19717
121030280,2,,ы,Z,535,404,117,89.3,34.7,47779
121030290,2,,ы,쑐,808,394,233,77,33.4,62220
12103029001,3,,ы,쑐P,622,300,141,76.2,33.4,47425
12103029002,3,,ы,쑐Q,186,94,92,79.5,33.2,14795
