KEY_CODE,HYOSYO,HTKSYU,CITYNAME,NAME,T000055001,T000055002,T000055003,T000055004,T000055005,T000055006
,,,,,ZɏZވʐ,,c؉,Pѓ艄ʐ,Pl艄ʐ,ʐ
12228,1,,lXs,,29628,23368,5113,101.6,36.3,3009445
122280010,2,,lXs,T,97,95,2,151.6,44.3,14705
122280020,2,,lXs,,907,658,235,98.4,35.9,89205
122280030,2,,lXs,,43,40,1,114.5,36.5,4923
122280040,2,,lXs,IR,1798,1312,352,96.8,35.2,174000
122280051,2,,lXs,r,448,434,11,127.4,38.9,57096
12228005101,3,,lXs,rԂP,249,249,-,129,38.3,32119
12228005102,3,,lXs,rԂQ,199,185,11,125.5,39.6,24977
122280052,2,@,lXs,c,235,218,14,131.6,44.1,30932
122280060,2,*,lXs,,,,,,,
122280070,2,,lXs,uÐVc,1133,770,342,92.2,34.3,104491
122280080,2,,lXs,lX,1169,623,232,78.9,29.3,92289
122280090,2,,lXs,lX,1632,1101,485,81.9,32.6,133601
12228009001,3,,lXs,lXP,473,262,195,86,36.1,40700
12228009002,3,,lXs,lXQ,665,436,211,82.1,31.8,54612
12228009003,3,,lXs,lXR,494,403,79,77.5,30.7,38289
122280100,2,,lXs,,1453,1048,300,99.6,34,144707
122280110,2,,lXs,,2384,1633,583,90.4,34.2,215403
122280120,2,,lXs,,2238,1801,402,96.2,33.5,215313
122280130,2,,lXs,Pu,241,232,7,135.3,42.9,32617
122280140,2,,lXs,n,1942,1276,619,94.7,37,183917
122280150,2,,lXs,aǔ,2598,1921,602,93.1,34.7,241850
122280160,2,,lXs,R,206,199,5,135.4,43.2,27895
122280171,2,,lXs,̑,878,854,17,124.7,37.8,109530
12228017101,3,,lXs,̑P,-,-,-,-,-,-
12228017102,3,,lXs,̑Q,379,374,3,126.3,37.7,47861
12228017103,3,,lXs,̑R,147,137,9,117,36.7,17198
12228017104,3,,lXs,̑S,352,343,5,126.3,38.4,44472
122280172,2,,lXs,g,152,125,24,130.2,41.6,19784
122280181,2,,lXs,߂,1167,969,168,116.4,36.8,135785
12228018101,3,,lXs,߂P,235,125,101,94,31.4,22096
12228018102,3,,lXs,߂Q,183,155,23,116.7,35.8,21354
12228018103,3,,lXs,߂R,359,330,22,127.1,37.7,45646
12228018104,3,,lXs,߂S,194,178,14,128.3,39.2,24898
12228018105,3,,lXs,߂T,196,181,8,111.2,39.9,21791
122280182,2,,lXs,,93,90,2,135.5,39.5,12606
122280190,2,,lXs,R,13,12,1,138.8,38.4,1804
122280200,2,,lXs,,84,72,7,121.8,42.1,10229
122280210,2,,lXs,,9,9,-,152.9,51,1376
122280220,2,,lXs,g,54,45,6,121.2,40.6,6545
122280230,2,,lXs,,32,32,-,140,41.1,4478
122280240,2,,lXs,ac,46,35,11,124.4,41.5,5723
122280250,2,,lXs,݂̂蒬,205,127,74,80.7,33.3,16539
122280260,2,,lXs,c,2725,2615,80,105,38.4,286241
12228026001,3,,lXs,cP,587,563,16,101.1,36.5,59344
12228026002,3,,lXs,cQ,294,287,4,113,40.2,33218
12228026003,3,,lXs,cR,519,492,25,121.3,44.6,62936
12228026004,3,,lXs,cS,624,600,11,105.5,39,65829
12228026005,3,,lXs,cT,701,673,24,92.6,34.1,64915
122280310,2,,lXs,Pu,1504,1427,43,115.5,41.6,173776
12228031001,3,,lXs,PuP,266,250,10,113.8,41,30262
12228031002,3,,lXs,PuQ,412,389,14,112.9,41.3,46495
12228031003,3,,lXs,PuR,245,236,7,115.4,40.8,28285
12228031004,3,,lXs,PuS,259,248,6,118.4,42.8,30659
12228031005,3,,lXs,PuT,322,304,6,118.2,42.3,38075
122280360,2,,lXs,݂,1571,1522,37,117.4,40.6,184513
12228036001,3,,lXs,݂P,483,468,10,115.4,38,55729
12228036002,3,,lXs,݂Q,339,328,9,114.6,40.8,38845
12228036003,3,,lXs,݂R,368,358,9,120.7,42.6,44430
12228036004,3,,lXs,݂S,381,368,9,119.4,42,45509
122280400,2,,lXs,,625,608,12,117.8,40.7,73631
12228040001,3,,lXs,P,328,315,9,117.9,40.6,38661
12228040002,3,,lXs,Q,123,121,2,118.1,42,14523
12228040003,3,,lXs,R,174,172,1,117.5,40.1,20447
122280430,2,,lXs,Pu,216,208,5,113,40.8,24405
122280440,2,,lXs,u,482,456,16,116.1,40.8,55964
12228044001,3,,lXs,uP,242,224,14,119.2,43.1,28836
12228044002,3,,lXs,uQ,240,232,2,113,38.7,27128
122280460,2,,lXs,u,1248,801,418,99,33.4,123575
12228046001,3,,lXs,uP,512,350,157,95.8,31.6,49064
12228046002,3,,lXs,uQ,325,245,64,113.4,38.1,36858
12228046003,3,,lXs,uR,411,206,197,91.6,32,37653
