KEY_CODE,HYOSYO,HTKSYU,CITYNAME,NAME,T000055001,T000055002,T000055003,T000055004,T000055005,T000055006
,,,,,ZɏZވʐ,,c؉,Pѓ艄ʐ,Pl艄ʐ,ʐ
12203,1,,ss,,194912,97474,78333,67.6,29.3,13166882
122030010,2,,ss,{,2331,1439,610,87.5,35.9,203942
12203001001,3,,ss,{P,450,141,99,68.5,33.7,30817
12203001002,3,,ss,{Q,43,34,4,92,32.7,3957
12203001003,3,,ss,{R,421,278,128,93.4,37.5,39311
12203001004,3,,ss,{S,399,234,153,91.3,35.9,36441
12203001005,3,,ss,{T,686,470,194,87.6,34.9,60107
12203001006,3,,ss,{U,332,282,32,100.3,38.5,33310
122030020,2,,ss,s,5644,2480,2817,62.8,33.1,354326
12203002001,3,,ss,sP,1696,638,918,57.5,33.3,97445
12203002002,3,,ss,sQ,1511,591,822,62,32.2,93642
12203002003,3,,ss,sR,1786,954,753,66.3,33.3,118338
12203002004,3,,ss,sS,651,297,324,69,34.3,44902
122030030,2,,ss,s,6528,3002,2587,60.1,29.3,392356
12203003001,3,,ss,sP,1211,382,758,50.7,30.4,61372
12203003002,3,,ss,sQ,1024,295,205,64.7,28.4,66284
12203003003,3,,ss,sR,2886,1820,791,64.4,29.8,185726
12203003004,3,,ss,sS,1265,434,766,56,28.1,70865
12203003005,3,,ss,sT,142,71,67,57.1,29.5,8110
122030040,2,,ss,^,3582,1849,1566,74.8,36,268061
12203004001,3,,ss,^ԂP,1015,321,655,59.5,33.4,60414
12203004002,3,,ss,^ԂQ,844,476,338,78.8,37.7,66524
12203004003,3,,ss,^ԂR,478,279,184,87.2,42.2,41676
12203004004,3,,ss,^ԂS,578,339,180,71.8,32.9,41503
12203004005,3,,ss,^ԂT,667,434,209,86.9,35.8,57945
122030050,2,,ss,Vc,6425,2585,3385,62.1,30.7,398866
12203005001,3,,ss,VcP,772,424,319,79.8,36.4,61576
12203005002,3,,ss,VcQ,1925,631,1161,57,30.2,109705
12203005003,3,,ss,VcR,1631,724,809,60.8,27.1,99176
12203005004,3,,ss,VcS,1239,474,621,58,29.8,71908
12203005005,3,,ss,VcT,858,332,475,65.9,35.5,56501
122030060,2,,ss,c,3525,1670,1642,65.4,31,230373
12203006001,3,,ss,cP,741,329,362,72.5,35.6,53709
12203006002,3,,ss,cQ,590,304,268,72.7,37.2,42914
12203006003,3,,ss,cR,1553,693,732,59.3,27.6,92018
12203006004,3,,ss,cS,641,344,280,65.1,28.9,41732
122030070,2,,ss,F,3531,1915,1290,64.8,28,228672
12203007001,3,,ss,FP,844,509,313,65.3,28.7,55134
12203007002,3,,ss,FQ,847,482,284,66.3,28.7,56154
12203007003,3,,ss,FR,954,464,299,66.9,26.8,63831
12203007004,3,,ss,FS,886,460,394,60.4,28.1,53554
122030080,2,,ss,ac,3356,1710,1473,63.4,27.1,212640
12203008001,3,,ss,acP,410,133,254,59.4,28.2,24353
12203008002,3,,ss,acQ,439,192,182,64.9,27.8,28477
12203008003,3,,ss,acR,1019,531,453,63.3,28.4,64488
12203008004,3,,ss,acS,940,559,355,61.6,25.1,57902
12203008005,3,,ss,acT,548,295,229,68.3,26.8,37421
122030090,2,,ss,ac,1732,661,836,53.4,26.2,92558
12203009001,3,,ss,acP,1148,379,633,50.3,26.6,57748
12203009002,3,,ss,acQ,584,282,203,59.6,25.6,34810
122030100,2,,ss,ז,1785,1022,648,71.8,28.9,128202
12203010001,3,,ss,ז؂P,663,384,203,72.6,29.6,48152
12203010002,3,,ss,ז؂Q,487,278,195,69.5,28.1,33857
12203010003,3,,ss,ז؂R,635,360,250,72.7,28.7,46193
122030110,2,,ss,,5139,3013,1859,82.3,37.5,423032
12203011001,3,,ss,P,973,498,432,69,33.5,67110
12203011002,3,,ss,Q,698,309,355,61.7,33.8,43063
12203011003,3,,ss,R,1284,700,529,75.8,36.1,97272
12203011004,3,,ss,S,668,384,267,91.8,41.1,61303
12203011005,3,,ss,T,701,543,126,108.8,43.4,76302
12203011006,3,,ss,U,815,579,150,95.7,37.8,77981
122030120,2,,ss,씪,7417,3081,3743,55.6,27.9,412743
12203012001,3,,ss,씪P,1564,593,866,55.3,28.7,86497
12203012002,3,,ss,씪Q,1042,612,384,62.3,26.6,64933
12203012003,3,,ss,씪R,1974,564,1138,50.3,27.4,99312
12203012004,3,,ss,씪S,1300,570,616,55.6,28.3,72289
12203012005,3,,ss,씪T,1537,742,739,58.4,28.5,89712
122030130,2,,ss,,3750,2472,1066,93.2,36.9,349488
12203013001,3,,ss,P,793,561,212,97.3,40.8,77162
12203013002,3,,ss,Q,707,411,275,94.6,41.6,66864
12203013003,3,,ss,R,398,299,78,105.4,41.2,41949
12203013004,3,,ss,S,749,512,201,93.4,33.2,69974
12203013005,3,,ss,T,581,314,168,76.5,28.2,44422
12203013006,3,,ss,U,522,375,132,94.1,38.6,49116
122030140,2,,ss,,4041,2753,1071,87.2,35.1,352348
12203014001,3,,ss,P,1007,664,297,92.7,39.8,93359
12203014002,3,,ss,Q,769,516,215,84.9,34,65318
12203014003,3,,ss,R,1106,719,305,84.7,34.6,93729
12203014004,3,,ss,S,922,714,166,88.6,33.4,81658
12203014005,3,,ss,T,237,140,88,77.1,29.1,18284
122030150,2,,ss,{v,4297,2989,1196,81.6,30.7,350706
12203015001,3,,ss,{vۂP,1051,663,362,75.4,31.1,79279
12203015002,3,,ss,{vۂQ,521,324,168,90.5,36.2,47154
12203015003,3,,ss,{vۂR,1165,730,407,77.2,29.9,89936
12203015004,3,,ss,{vۂS,425,331,88,84.2,30,35804
12203015005,3,,ss,{vۂT,638,497,125,79.2,27.1,50547
12203015006,3,,ss,{vۂU,497,444,46,96.5,32.1,47985
122030160,2,,ss,Sz,1312,625,635,66.6,31.6,87368
12203016001,3,,ss,SzP,601,329,250,71.7,32.4,43106
12203016002,3,,ss,SzQ,711,296,385,62.3,30.9,44262
122030170,2,,ss,S,4821,3030,1496,65.7,27,316919
12203017001,3,,ss,SP,430,183,163,62.8,23.7,27003
12203017002,3,,ss,SQ,2196,1178,891,61.1,28.6,134251
12203017003,3,,ss,SR,1858,1416,373,68.1,26.1,126562
12203017004,3,,ss,SS,337,253,69,86.4,27.5,29104
122030180,2,,ss,ΐ_,878,420,420,71.5,32.8,62786
122030190,2,,ss,R,1857,1120,598,84,35.4,155967
12203019001,3,,ss,RP,573,355,144,84.1,32.7,48184
12203019002,3,,ss,RQ,336,237,82,94.3,36.4,31682
12203019003,3,,ss,RR,406,235,167,80.3,36.2,32593
12203019004,3,,ss,RS,542,293,205,80.3,37.3,43508
122030200,2,,ss,{,2366,1689,556,87.1,34.2,206070
12203020001,3,,ss,{P,405,268,128,84.4,35.7,34198
12203020002,3,,ss,{Q,622,415,172,83.3,33.8,51784
12203020003,3,,ss,{R,1339,1006,256,89.7,34,120088
122030210,2,,ss,k,2301,1369,717,86.6,34.6,199170
12203021001,3,,ss,kP,685,342,268,77.1,33.8,52824
12203021002,3,,ss,kQ,925,530,314,88.8,35.9,82102
12203021003,3,,ss,kR,691,497,135,93,33.8,64244
122030220,2,,ss,{k,2531,1725,717,87.2,31.9,220828
12203022001,3,,ss,{kP,987,687,269,93.2,34.1,92021
12203022002,3,,ss,{kQ,1024,649,328,75.3,28.9,77089
12203022003,3,,ss,{kR,520,389,120,99.5,33.2,51718
122030230,2,,ss,k,1848,1210,410,83.9,30.1,155038
122030240,2,,ss,,2405,1722,628,89.5,33.6,215264
12203024001,3,,ss,P,556,418,129,84.2,31.3,46823
12203024002,3,,ss,Q,518,290,210,86,33.3,44572
12203024003,3,,ss,R,523,422,91,95.1,34.3,49750
12203024004,3,,ss,S,381,279,101,87.9,34.3,33480
12203024005,3,,ss,T,226,160,51,97.9,36,22123
12203024006,3,,ss,U,89,68,20,104.5,39.2,9302
12203024007,3,,ss,V,112,85,26,82.3,31.9,9214
122030250,2,,ss,,2511,2002,422,101.1,36.8,253779
12203025001,3,,ss,P,311,261,30,106.6,38.5,33141
12203025002,3,,ss,Q,409,278,118,91.3,35.1,37345
12203025003,3,,ss,R,550,416,119,99.1,34.6,54502
12203025004,3,,ss,S,524,410,85,100.5,37.2,52684
12203025005,3,,ss,T,717,637,70,106.1,38.4,76106
122030260,2,,ss,xV,1055,468,524,80.3,30.1,84678
12203026001,3,,ss,xVP,41,29,12,100,38,4099
12203026002,3,,ss,xVQ,35,32,3,105.8,37.4,3705
12203026003,3,,ss,xVR,624,194,377,69.3,26.5,43218
12203026004,3,,ss,xVS,277,141,128,94.4,34.8,26136
12203026005,3,,ss,xVT,78,72,4,96.4,32.8,7521
122030270,2,,ss,k,2069,1523,483,91.1,33.7,188463
12203027001,3,,ss,kP,470,308,136,86.9,32.8,40823
12203027002,3,,ss,kQ,610,453,146,93.6,35.3,57106
12203027003,3,,ss,kR,477,374,90,94.6,35.5,45130
12203027004,3,,ss,kS,512,388,111,88.7,31.3,45404
122030280,2,,ss,{ac,1999,1248,686,84.8,34.6,169424
12203028001,3,,ss,{acP,1146,620,486,77.1,31.8,88361
12203028002,3,,ss,{acQ,853,628,200,95,38.1,81063
122030290,2,,ss,z,987,769,199,79.4,28.4,78349
122030300,2,,ss,]J,5610,4115,1264,79.4,29.5,445556
12203030001,3,,ss,]JP,870,471,351,76.1,29.7,66250
12203030002,3,,ss,]JQ,647,428,165,82.5,31.6,53354
12203030003,3,,ss,]JR,905,722,167,83.5,30.2,75554
12203030004,3,,ss,]JS,822,724,85,83.2,29,68385
12203030005,3,,ss,]JT,875,614,224,77.1,28.9,67436
12203030006,3,,ss,]JU,291,181,77,76.6,31.5,22303
12203030007,3,,ss,]JV,806,643,143,74.3,27.7,59864
12203030008,3,,ss,]JW,394,332,52,82.3,28.6,32410
122030310,2,,ss,L,1559,1034,465,80.1,29.9,124908
12203031001,3,,ss,L˂P,621,366,228,81.3,30,50465
12203031002,3,,ss,L˂Q,677,447,209,75.6,28.7,51156
12203031003,3,,ss,L˂R,261,221,28,89.2,32.6,23287
122030320,2,@,ss,,702,372,184,79.6,28.7,55862
12203032001,3,,ss,P,265,123,113,72.4,29.2,19182
12203032002,3,@,ss,Q,437,249,71,83.9,28.4,36680
12203032003,3,,ss,R,-,-,-,-,-,-
122030330,2,,ss,l,-,-,-,-,-,-
122030340,2,*,ss,cK,,,,,,
122030350,2,,ss,cK,4021,2522,1149,63.2,26.6,254156
12203035001,3,,ss,cKP,240,237,1,79.4,28.2,19061
12203035002,3,,ss,cKQ,205,131,57,71,31.7,14561
12203035003,3,,ss,cKR,1148,936,186,69.1,25.9,79376
12203035004,3,,ss,cKS,1387,724,469,55.1,25.7,76468
12203035005,3,,ss,cKT,1041,494,436,62.1,27.2,64690
122030360,2,,ss,J,18,7,10,80.1,35.2,1442
122030370,2,,ss,J,1687,499,1061,58.7,27.8,99096
12203037001,3,,ss,JP,618,107,472,49.2,26.3,30404
12203037002,3,,ss,JQ,944,334,526,63.4,28.5,59887
12203037003,3,,ss,JR,125,58,63,70.4,28.4,8805
122030380,2,,ss,JV,-,-,-,-,-,-
122030390,2,,ss,,21,18,3,125.7,41.9,2640
122030400,2,,ss,,3952,1881,1826,62.8,27.3,248337
12203040001,3,,ss,؂P,1877,745,981,56.8,25.6,106549
12203040002,3,,ss,؂Q,692,229,441,58.1,28.9,40206
12203040003,3,,ss,؂R,1216,778,374,69.6,27.4,84680
12203040004,3,,ss,؂S,167,129,30,101.2,37.9,16902
122030410,2,,ss,,1212,7,8,39.2,18.1,47506
122030420,2,@,ss,,1832,821,846,58.7,27.2,107471
12203042001,3,,ss,񖓂P,829,441,302,59.5,26.4,49290
12203042002,3,@,ss,񖓂Q,1003,380,544,58,27.9,58181
122030430,2,*,ss,񖓐V,,,,,,
122030440,2,,ss,,3765,2722,885,81.9,29,308409
12203044001,3,,ss,P,1562,1163,315,83.9,28.5,131113
12203044002,3,,ss,Q,1590,1228,325,81.8,29.6,130117
12203044003,3,,ss,R,613,331,245,77,28.8,47179
122030450,2,,ss,쒬,4671,2941,1430,82.2,30.8,383983
12203045001,3,,ss,쒬P,926,712,197,94.7,35,87657
12203045002,3,,ss,쒬Q,1077,631,368,79.8,29.5,85938
12203045003,3,,ss,쒬R,1568,738,677,72.4,28.9,113538
12203045004,3,,ss,쒬S,1100,860,188,88,31.2,96851
122030460,2,,ss,䒬,3045,2059,550,85.4,30.7,260173
12203046001,3,,ss,䒬P,1631,978,328,80.3,29.5,131041
12203046002,3,,ss,䒬Q,945,650,190,81.6,29.8,77142
12203046003,3,,ss,䒬R,289,276,11,108.1,36.1,31241
12203046004,3,,ss,䒬S,180,155,21,115.3,36,20749
122030470,2,,ss,咬,1694,743,139,75,29.3,127125
122030480,2,,ss,ƒ,510,378,28,86.5,29.1,44130
122030490,2,,ss,{s,1146,614,456,74.3,30.5,85091
122030500,2,,ss,Vc,-,-,-,-,-,-
122030510,2,,ss,璹,-,-,-,-,-,-
122030520,2,,ss,l,-,-,-,-,-,-
122030530,2,,ss,փP,615,289,274,67.5,27.8,41531
122030540,2,,ss,ɐh,842,376,397,58.3,28.6,49052
122030550,2,,ss,Vh,623,266,284,64.4,27,40114
122030560,2,,ss,͌,503,233,253,69,28.1,34719
122030570,2,,ss,͌,12,-,-,43.1,18.5,517
122030580,2,,ss,T,5168,1611,2721,64.3,26.3,332470
12203058001,3,,ss,TP,606,330,258,78.9,30,47792
12203058002,3,,ss,TQ,789,217,414,67.8,24.9,53507
12203058003,3,,ss,TR,1008,283,591,59.8,28,60250
12203058004,3,,ss,TS,807,141,511,61.4,24.6,49523
12203058005,3,,ss,TT,1173,317,580,59.8,24.2,70128
12203058006,3,,ss,TU,785,323,367,65.3,27.9,51270
122030590,2,,ss,,655,204,399,63.3,30.5,41440
122030600,2,,ss,,603,220,347,61,30.6,36810
122030610,2,,ss,Vc,295,99,187,57.1,28.3,16834
122030620,2,,ss,Vc,1837,528,1099,51.5,26.1,94614
12203062001,3,,ss,VcP,1074,329,632,53,25.8,56957
12203062002,3,,ss,VcQ,763,199,467,49.4,26.6,37657
122030630,2,,ss,,2100,803,1150,56.4,26.4,118544
12203063001,3,,ss,P,878,417,423,62.3,28.6,54741
12203063002,3,,ss,Q,1222,386,727,52.2,24.8,63803
122030640,2,,ss,^,3525,1157,1965,51.3,25.8,180880
12203064001,3,,ss,^ԂP,944,436,465,63.5,26.6,59954
12203064002,3,,ss,^ԂQ,2581,721,1500,46.9,25.5,120926
122030650,2,,ss,V,5231,1450,3136,48.8,25.3,255169
12203065001,3,,ss,VP,1768,837,550,59.7,25.7,105507
12203065002,3,,ss,VQ,1002,243,679,46.2,24.8,46312
12203065003,3,,ss,VR,1562,239,1200,41.9,25,65456
12203065004,3,,ss,VS,899,131,707,42.2,24.9,37894
122030660,2,,ss,V,4422,1419,2595,54.6,27,241252
12203066001,3,,ss,VP,1428,665,651,63.4,28.1,90484
12203066002,3,,ss,VQ,809,163,582,52.7,26.5,42599
12203066003,3,,ss,VR,2185,591,1362,49.5,26.3,108169
122030670,2,,ss,K,868,741,102,71.8,26.4,62326
122030680,2,,ss,L,1024,625,285,63.7,27.3,65246
12203068001,3,,ss,LP,1001,610,279,62.8,27,62894
12203068002,3,,ss,LQ,23,15,6,102.3,41.3,2352
122030690,2,,ss,s,5770,1749,3325,50.7,24.9,292577
12203069001,3,,ss,sP,1778,261,1323,45,24.7,80079
12203069002,3,,ss,sQ,1246,568,544,56.3,25.6,70151
12203069003,3,,ss,sR,1659,566,852,49.4,24.6,81910
12203069004,3,,ss,sS,1087,354,606,55.6,24.8,60438
122030700,2,,ss,l,2710,1035,61,56.9,25,154191
12203070001,3,,ss,lP,-,-,-,-,-,-
12203070002,3,,ss,lQ,-,-,-,-,-,-
12203070003,3,,ss,lR,-,-,-,-,-,-
12203070004,3,,ss,lS,2710,1035,61,56.9,25,154191
122030710,2,,ss,h,5960,2804,2600,59,26.8,351545
12203071001,3,,ss,hP,1784,598,1046,49.8,26.4,88924
12203071002,3,,ss,hQ,1474,678,655,55.7,25.5,82156
12203071003,3,,ss,hR,1963,963,768,60.3,26.2,118431
12203071004,3,,ss,hS,739,565,131,83.9,30.9,62035
122030720,2,,ss,swO,5767,1535,3539,45.1,25.1,260025
12203072001,3,,ss,swOP,1422,213,1083,42.9,26.6,61002
12203072002,3,,ss,swOQ,1415,391,898,40.9,24,57868
12203072003,3,,ss,swOR,1003,261,662,48.8,25.7,48922
12203072004,3,,ss,swOS,1927,670,896,47.9,24.7,92233
122030730,2,@,ss,Vl,1345,628,605,59.5,26.3,80083
12203073001,3,*,ss,VlP,,,,,,
12203073002,3,*,ss,VlQ,,,,,,
12203073003,3,,ss,VlR,-,-,-,-,-,-
122030740,2,,ss,D,720,287,345,56.6,24.9,40737
122030750,2,,ss,Vo,1195,577,394,65.9,25.1,78804
122030760,2,,ss,L,2511,835,1424,56.7,25.7,142440
12203076001,3,,ss,LP,1047,398,583,57.5,26.8,60230
12203076002,3,,ss,LQ,1464,437,841,56.2,24.9,82210
122030770,2,,ss,{,1069,571,429,73.2,28.3,78298
122030780,2,,ss,xl,2839,946,1638,54.6,25.5,154955
12203078001,3,,ss,xlP,567,109,402,54.3,26.1,30813
12203078002,3,,ss,xlQ,1298,502,706,55.1,25.2,71550
12203078003,3,,ss,xlR,974,335,530,54,25.5,52592
122030790,2,,ss,,5174,2016,2612,54.6,24.4,282607
12203079001,3,,ss,ĂP,878,164,567,48.5,25.4,42606
12203079002,3,,ss,ĂQ,1629,810,619,53.6,23.7,87313
12203079003,3,,ss,ĂR,989,223,696,50.1,24.7,49574
12203079004,3,,ss,ĂS,1019,578,399,61.8,24.7,62924
12203079005,3,,ss,ĂT,659,241,331,61,24,40191
122030800,2,,ss,,1709,604,1028,55.2,24.6,94421
12203080001,3,,ss,P,769,299,426,60,23.7,46129
12203080002,3,,ss,Q,940,305,602,51.4,25.6,48292
122030810,2,,ss,K,2352,1572,555,66.5,25.7,156382
12203081001,3,,ss,KP,1001,610,291,66.2,26.6,66221
12203081002,3,,ss,KQ,1351,962,264,66.7,25,90161
122030830,2,,ss,{s,-,-,-,-,-,-
122030840,2,,ss,T,-,-,-,-,-,-
122030850,2,,ss,㖭T,-,-,-,-,-,-
