KEY_CODE,HYOSYO,HTKSYU,CITYNAME,NAME,T000055001,T000055002,T000055003,T000055004,T000055005,T000055006
,,,,,ZɏZވʐ,,c؉,Pѓ艄ʐ,Pl艄ʐ,ʐ
12463,1,,쒬,,3458,3163,203,115.1,42,398179
124630010,2,,쒬,ۓc,622,549,53,110.4,42.5,68677
124630020,2,,쒬,,192,172,16,129.7,49,24908
124630030,2,,쒬,q,188,178,7,114.8,40.9,21577
124630040,2,,쒬,],27,26,-,112.4,44.6,3034
124630050,2,,쒬,gl,122,112,3,115.4,40.6,14082
124630060,2,,쒬,Z,100,94,3,144.3,45.1,14432
124630070,2,,쒬,ۓc,69,69,-,114.4,41.3,7891
124630080,2,,쒬,s䌴,47,47,-,114.7,37.2,5393
124630090,2,,쒬,,25,22,3,89.8,41.6,2246
124630110,2,,쒬,v,497,434,54,119.9,41.1,59581
124630120,2,,쒬,,632,557,46,108.1,39.6,68298
124630130,2,,쒬,R,426,400,16,107.9,40.4,45962
124630140,2,,쒬,,117,114,-,90.7,36,10613
124630150,2,,쒬,v,164,163,-,135.7,47.8,22257
124630160,2,,쒬,㍲v,148,144,2,130.2,45.1,19275
124630170,2,,쒬,R,39,39,-,125.5,54.4,4894
124630180,2,,쒬,,43,43,-,117.7,44,5060
