KEY_CODE,HYOSYO,HTKSYU,CITYNAME,NAME,T000055001,T000055002,T000055003,T000055004,T000055005,T000055006
,,,,,ZɏZވʐ,,c؉,Pѓ艄ʐ,Pl艄ʐ,ʐ
12213,1,,s,,22272,15917,5650,98.1,36.2,2184338
122130010,2,,s,,1340,788,518,91.2,39.4,122274
122130020,2,,s,h,391,160,220,66.9,33.4,26175
122130030,2,,s,,277,95,175,62.8,34.4,17395
122130040,2,,s,Vh,239,54,170,62.2,30.4,14858
122130050,2,,s,c,3091,1703,1289,81.2,33.6,250978
12213005001,3,,s,c,1196,549,602,77.9,35,93123
12213005002,3,,s,c,1155,619,510,81.1,33,93655
12213005003,3,,s,c,740,535,177,86.8,32.7,64200
122130060,2,,s,kVKJ,772,457,291,86.9,34.6,67051
122130070,2,,s,x,866,496,343,83.2,35.5,72056
122130080,2,,s,,418,284,128,88.5,35.7,36973
122130090,2,,s,x,230,211,16,109.4,36.6,25151
122130100,2,,s,,1201,962,210,100,35.9,120107
122130110,2,,s,哤J,234,211,17,117.6,39.1,27508
122130120,2,,s,,793,348,404,70.2,34.6,55669
122130130,2,,s,ƔVq,432,282,146,93.2,38.1,40258
122130140,2,,s,,794,542,208,89.5,34.4,71051
122130150,2,,s,V,481,444,24,125.7,38.4,60442
122130160,2,,s,,282,216,9,105.4,35.3,29732
122130170,2,,s,,159,152,6,128.8,38.4,20487
122130180,2,,s,Rc,325,252,39,103.3,40.8,33563
122130190,2,,s,,47,44,1,143.7,48.6,6753
122130200,2,,s,O,41,40,-,131.7,40,5401
122130210,2,,s,R,168,158,8,120.4,41.1,20221
122130220,2,,s,c,212,202,5,126.5,37.3,26823
122130230,2,,s,U,477,391,74,112.1,36.9,53455
122130240,2,,s,L,441,292,62,97.8,34.3,43128
122130250,2,,s,Ð,55,50,3,120.2,34.1,6612
122130260,2,,s,ˌÓ,10,10,-,135.6,46.8,1356
122130270,2,,s,։,337,302,35,113.9,36.2,38400
122130280,2,,s,J,183,171,9,111.9,37.6,20481
122130290,2,,s,J,363,332,29,122,36.4,44283
122130300,2,,s,,29,27,2,124.9,32.6,3621
122130310,2,,s,h,310,265,39,110.2,34.9,34174
122130320,2,,s,,64,61,2,145.8,39.1,9333
122130330,2,,s,r,66,65,1,122.7,34.9,8101
122130340,2,,s,,247,235,11,122.4,37.1,30223
122130350,2,,s,Ɠ,853,687,155,103.7,36.6,88428
122130360,2,,s,Kc,161,145,16,126.6,37,20383
122130370,2,,s,kKJ,59,59,-,150.6,39.7,8887
122130380,2,,s,㕐˓c,209,201,4,124.8,40.8,26093
122130390,2,,s,˓c,412,367,39,118.4,37.1,48773
122130400,2,,s,m_c,84,78,4,100.5,33.8,8444
122130410,2,,s,H,391,279,109,89,32.5,34794
122130420,2,,s,OV,106,103,1,123.8,36.4,13118
122130430,2,,s,,56,53,2,150.3,43.1,8414
122130440,2,,s,,98,90,6,126.2,39.1,12364
122130450,2,,s,֓,106,83,21,107.5,31,11398
122130460,2,,s,xV,101,96,5,117.5,39.2,11872
122130470,2,,s,{,77,72,1,128.2,43.5,9871
122130480,2,,s,OY,41,41,-,126.9,40,5203
122130490,2,,s,,126,117,6,121.3,40.8,15285
122130500,2,,s,q,34,33,1,149.1,44.9,5069
122130510,2,,s,,121,94,18,104,35.1,12579
122130520,2,,s,a,78,77,-,134.2,37.9,10468
122130530,2,,s,c,137,127,10,118.9,37,16291
122130540,2,,s,c,147,138,9,117.5,35.1,17280
122130550,2,,s,V,74,73,-,124.2,38.1,9190
122130560,2,,s,V,114,110,3,128.6,37.6,14657
122130570,2,,s,zc,52,50,-,137.5,45.8,7148
122130580,2,,s,Ɋy,458,427,25,109.2,36.7,50004
122130590,2,,s,,142,129,8,115.1,35.5,16342
122130600,2,,s,,40,39,1,123,36.2,4921
122130610,2,,s,OPK,46,43,3,123.9,40.4,5697
122130620,2,,s,g,929,887,24,118.9,39.2,110467
12213062002,3,,s,gQ,299,282,12,122.3,37.7,36563
12213062005,3,,s,gT,223,214,4,123.3,39.7,27500
12213062006,3,,s,gU,271,265,3,113.4,39.2,30738
12213062007,3,,s,gV,136,126,5,115.2,42.5,15667
122130660,2,,s,h,740,186,524,58.8,31.8,43501
122130670,2,,s,G̐X,199,188,9,127.8,41.1,25435
12213067001,3,,s,G̐XP,199,188,9,127.8,41.1,25435
12213067002,3,,s,G̐XQ,-,-,-,-,-,-
122130680,2,,s,U,556,417,131,96.4,32.5,53573
122130690,2,,s,n,19,15,3,115.7,44,2198
122130700,2,,s,n,58,40,18,82.3,33.4,4775
122130710,2,,s,,73,71,-,100.4,28.4,7326
