KEY_CODE,HYOSYO,HTKSYU,CITYNAME,NAME,T000055001,T000055002,T000055003,T000055004,T000055005,T000055006
,,,,,ZɏZވʐ,,c؉,Pѓ艄ʐ,Pl艄ʐ,ʐ
12217,1,,s,,140655,93015,34130,86.4,32.7,12149409
122170010,2,,s,cVcn,-,-,-,-,-,-
122170020,2,,s,˒,1009,793,161,91.9,34.2,92736
122170030,2,,s,,2290,826,1365,63.3,31.3,144932
12217003001,3,,s,P,484,124,332,51.2,29.7,24791
12217003002,3,,s,Q,512,172,302,65.8,29.9,33672
12217003003,3,,s,R,889,401,469,68.7,32.3,61114
12217003004,3,,s,S,405,129,262,62.6,32.6,25354
122170040,2,,s,ڂ,2624,1362,1157,66.3,31.4,173973
12217004001,3,,s,ڂ̂P,388,164,208,55.8,31,21664
12217004002,3,,s,ڂ̂Q,621,399,203,67.3,30.4,41790
12217004003,3,,s,ڂ̂R,483,282,177,81.9,31.5,39538
12217004004,3,,s,ڂ̂S,749,330,393,56.7,33,42492
12217004005,3,,s,ڂ̂T,383,187,176,74.4,31,28490
122170050,2,,s,,3983,2000,1544,68.7,30,273597
12217005001,3,,s,P,552,221,301,56.6,28.8,31228
12217005002,3,,s,Q,634,330,253,66.1,29.1,41898
12217005003,3,,s,R,213,48,155,48.1,30.1,10244
12217005004,3,,s,S,760,282,446,63.1,31.1,47962
12217005005,3,,s,T,511,341,131,75.2,29.4,38423
12217005006,3,,s,U,562,307,138,76.6,28.1,43062
12217005007,3,,s,V,283,194,40,86,32.4,24351
12217005008,3,,s,W,468,277,80,77.8,32.4,36429
122170060,2,,s,,1400,691,574,73.2,33,102500
12217006001,3,,s,P,532,256,243,68.9,31.5,36680
12217006002,3,,s,Q,443,187,170,71.9,32.2,31834
12217006003,3,,s,R,425,248,161,80,35.8,33987
122170070,2,,s,㒬,605,283,301,68.6,34.1,41515
122170080,2,,s,{,467,280,177,77,34.4,35952
122170090,2,,s,,524,240,269,70,36.9,36688
122170100,2,,s,ɐ,280,174,103,89.4,33.8,25019
122170110,2,,s,J㒬,1965,830,961,69.2,30.7,135975
122170120,2,,s,J쒬,126,72,35,91.4,32.8,11518
122170130,2,,s,iy,998,874,116,95.9,34.6,95751
12217013001,3,,s,iyP,403,347,50,94.9,34.5,38255
12217013002,3,,s,iyQ,260,225,34,93.7,35,24355
12217013003,3,,s,iyR,335,302,32,98.9,34.3,33141
122170140,2,,s,c,320,299,18,134.5,36.8,43037
12217014001,3,,s,c,266,245,18,133.3,36.7,35447
12217014002,3,,s,c,27,27,-,162.9,40,4398
12217014003,3,,s,c,27,27,-,118.2,35.1,3193
122170150,2,,s,˒,352,215,110,77.4,32.3,27248
122170160,2,,s,厺,1864,1409,367,106.2,34,198033
12217016001,3,,s,厺,1033,653,312,94.5,29.9,97604
12217016002,3,,s,厺,831,756,55,120.9,39.3,100429
12217016003,3,,s,厺,-,-,-,-,-,-
122170170,2,,s,,1383,1168,149,107.6,40.7,148862
12217017001,3,,s,P,527,486,31,120.7,43.3,63614
12217017002,3,,s,Q,401,337,24,107,42,42898
12217017003,3,,s,R,455,345,94,93.1,36.3,42349
122170180,2,,s,,3688,2778,757,87.5,31.7,322818
122170190,2,,s,,2817,1121,1556,64.1,33.3,180575
12217019001,3,,s,P,26,19,5,114.2,51.2,2970
12217019002,3,,s,Q,284,134,137,56.8,34.8,16143
12217019003,3,,s,R,693,159,497,55.7,30.8,38581
12217019004,3,,s,S,199,40,144,59.5,33.4,11838
12217019005,3,,s,T,355,211,135,75.9,35,26937
12217019006,3,,s,U,712,250,421,61.9,32.5,44102
12217019007,3,,s,V,548,308,217,73,34.2,40004
122170200,2,,s,,61,-,-,15,15,915
122170210,2,,s,,-,-,-,-,-,-
122170221,2,,s,̗t,1091,718,80,97.3,36,106208
12217022101,3,,s,̗tP,193,182,7,114.2,39.4,22043
12217022102,3,,s,̗tQ,308,229,67,115.7,40.4,35636
12217022103,3,,s,̗tR,306,297,6,114,38,34878
12217022104,3,,s,̗tS,-,-,-,-,-,-
12217022105,3,,s,̗tT,10,10,-,104.6,32.7,1046
12217022106,3,,s,̗tU,274,-,-,46,22.5,12605
122170222,2,@,s,\],15,14,-,156.9,54.7,2354
12217022201,3,*,s,\],,,,,,
12217022202,3,*,s,\],,,,,,
12217022203,3,*,s,\],,,,,,
12217022204,3,,s,\],-,-,-,-,-,-
122170230,2,,s,xVVc,-,-,-,-,-,-
122170240,2,,s,OPn,-,-,-,-,-,-
122170250,2,,s,㗘,-,-,-,-,-,-
122170260,2,,s,̒,176,106,67,85.9,34.9,15111
122170270,2,,s,k,1530,346,1105,58.5,29.6,89567
12217027001,3,,s,kP,139,29,104,61.3,33.3,8515
12217027002,3,,s,kQ,575,118,418,59.4,28.4,34183
12217027003,3,,s,kR,534,109,403,54.6,28.6,29181
12217027004,3,,s,kS,216,73,131,60.8,32.7,13131
12217027005,3,,s,kT,66,17,49,69.1,31.7,4558
122170280,2,,s,k,231,123,85,56.9,27.3,13142
122170290,2,,s,Tb䒬,614,395,211,91.4,35.5,56101
12217029001,3,,s,Tb䒬P,410,275,127,92.5,36.2,37906
12217029002,3,,s,Tb䒬Q,204,120,84,89.2,34.1,18194
122170300,2,,s,c,82,55,4,122,37.3,10006
12217030001,3,,s,c,82,55,4,122,37.3,10006
12217030002,3,,s,c,-,-,-,-,-,-
122170311,2,,s,䍪,2269,1695,543,93.5,32.9,212082
12217031101,3,,s,䍪P,110,86,21,105.8,36.6,11643
12217031102,3,,s,䍪Q,702,607,84,99.5,32.9,69841
12217031103,3,,s,䍪R,365,328,34,115.7,41.9,42229
12217031104,3,,s,䍪S,205,77,125,65.8,24.7,13493
12217031105,3,,s,䍪T,312,160,148,77.6,30.5,24205
12217031106,3,,s,䍪U,305,217,83,86.7,31.2,26433
12217031107,3,,s,䍪V,270,220,48,89.8,30.1,24239
122170312,2,,s,䍪,122,103,15,102.7,35.2,12530
12217031201,3,,s,䍪,40,38,2,110.8,32.8,4431
12217031202,3,,s,䍪,72,65,6,109.1,37.4,7854
12217031203,3,,s,䍪,10,-,7,24.5,22.2,245
122170321,2,,s,t,2998,2730,229,97.6,33.9,292723
12217032101,3,,s,tP,305,264,38,95.2,30.3,29027
12217032102,3,,s,tQ,501,450,44,96.7,34.7,48440
12217032103,3,,s,tR,477,448,23,96.7,34.6,46140
12217032104,3,,s,tS,663,585,71,94.6,32.4,62705
12217032105,3,,s,tT,203,193,7,111.3,40.9,22584
12217032106,3,,s,tU,559,526,29,98.8,33.7,55211
12217032107,3,,s,tV,290,264,17,98.7,34.8,28615
122170322,2,,s,t,383,295,85,104.9,35.2,40169
12217032201,3,,s,t,187,120,66,85.7,32.3,16029
12217032202,3,,s,t,196,175,19,123.2,37.4,24140
122170323,2,,s,Vt,875,645,76,88.7,31.3,77613
12217032301,3,,s,VtP,620,560,48,95,32.6,58871
12217032302,3,,s,VtQ,255,85,28,73.5,27.8,18742
122170330,2,,s,t䓡m,388,202,178,86,33.8,33359
122170340,2,,s,,472,253,204,74.2,35.6,35011
122170350,2,,s,ēc,3606,2217,1268,81.8,31.3,294860
12217035001,3,,s,ēc,1648,994,622,78.6,32.4,129465
12217035002,3,,s,ēc,1958,1223,646,84.5,30.5,165395
122170360,2,,s,OPn,-,-,-,-,-,-
122170370,2,,s,hA,1384,904,389,86.1,30.3,119220
122170380,2,,s,A,68,34,26,91.3,34.5,6208
122170390,2,,s,V,1864,814,373,70.8,25.5,131881
12217039001,3,,s,VP,1086,442,55,66.1,22.9,71808
12217039002,3,,s,VQ,300,228,58,99.8,32.2,29929
12217039003,3,,s,VR,325,102,189,61,28.8,19823
12217039004,3,,s,VS,153,42,71,67.5,24.7,10320
122170400,2,,s,V,-,-,-,-,-,-
122170410,2,,s,Vx,1075,702,317,90.5,32.4,97308
12217041001,3,,s,VxP,465,249,168,86.9,32.7,40407
12217041002,3,,s,VxQ,610,453,149,93.3,32.1,56901
122170420,2,,s,V\],-,-,-,-,-,-
12217042001,3,,s,V\],-,-,-,-,-,-
12217042002,3,,s,V\],-,-,-,-,-,-
122170430,2,,s,L,178,62,110,65.4,36.8,11643
122170440,2,,s,֏꒬,483,314,160,83.3,31.5,40222
122170450,2,,s,c,2664,1678,822,84,32.7,223868
122170460,2,,s,,1065,451,469,65.2,31,69478
12217046001,3,,s,P,469,275,183,69.7,33.7,32699
12217046002,3,,s,Q,596,176,286,61.7,28.9,36779
122170470,2,,s,,444,320,115,70.6,33,31334
122170480,2,,s,c,1424,754,450,81.8,33.2,116518
12217048001,3,,s,cP,601,267,231,70,30.1,42040
12217048002,3,,s,cQ,439,247,138,87.5,35.2,38409
12217048003,3,,s,cR,384,240,81,93.9,35.2,36070
122170490,2,,s,u,1572,1309,238,103.7,38.4,163026
12217049001,3,,s,uP,216,163,48,94.1,38.6,20330
12217049002,3,,s,uQ,229,185,41,104.2,39.7,23851
12217049003,3,,s,uR,392,346,44,111.1,41.4,43557
12217049004,3,,s,uS,290,241,46,104,39,30149
12217049005,3,,s,uT,445,374,59,101.4,35,45140
122170500,2,,s,Ց,807,598,134,92.6,35.6,74694
122170510,2,,s,˒,1005,865,122,104.2,33.9,104739
122170520,2,,s,˒Vc,-,-,-,-,-,-
122170530,2,,s,x,1324,609,572,69.2,30.2,91595
12217053001,3,,s,xP,375,232,131,83.8,34.5,31416
12217053002,3,,s,xQ,425,197,207,69.6,29.7,29571
12217053003,3,,s,xR,524,180,234,58.4,27.2,30607
122170540,2,,s,L㒬,593,395,174,85.7,34.4,50821
122170550,2,,s,LlG,7222,4029,2856,77.2,30.8,557342
12217055001,3,,s,LlG,2839,1649,1051,77,31.3,218681
12217055002,3,,s,LlG,1671,1115,504,86.9,30.1,145261
12217055003,3,,s,LlG,2712,1265,1301,71.3,30.6,193400
122170560,2,,s,LlG,3807,-,3,42.6,20.9,162129
12217056001,3,,s,LlGP,983,-,3,42.5,21.2,41811
12217056002,3,,s,LlGQ,876,-,-,40.3,21.2,35329
12217056003,3,,s,LlGR,648,-,-,41.3,21.6,26777
12217056004,3,,s,LlGS,1300,-,-,44.8,20.1,58211
122170570,2,,s,LZ,-,-,-,-,-,-
122170580,2,,s,LZ,2000,1310,622,80.4,30.9,160807
12217058001,3,,s,LZP,480,378,95,81.1,28.6,38939
12217058002,3,,s,LZQ,219,100,117,74.9,31.3,16410
12217058003,3,,s,LZR,586,337,209,72.6,29.3,42567
12217058004,3,,s,LZS,269,197,69,83,32.3,22337
12217058005,3,,s,LZT,446,298,132,90.9,34.4,40554
122170590,2,,s,L,149,120,25,89.8,32.2,13383
122170600,2,,s,\],1925,1178,469,91.6,32.5,176238
12217060001,3,,s,\],1654,962,419,89.9,31.7,148708
12217060002,3,,s,\],60,51,9,130.7,37.7,7841
12217060003,3,,s,\],-,-,-,-,-,-
12217060004,3,,s,\],211,165,41,93.3,37.2,19690
122170610,2,@,s,Vh,1501,1113,249,89,32.9,133526
12217061001,3,,s,VhP,615,527,77,94.9,33.6,58362
12217061002,3,,s,VhQ,340,233,92,85.1,34.8,28919
12217061003,3,@,s,VhR,546,353,80,84.7,31,46245
122170620,2,*,s,,,,,,,
122170630,2,,s,,1035,777,211,91.1,32.1,94243
12217063001,3,,s,P,459,409,44,98.9,34.1,45374
12217063002,3,,s,Q,576,368,167,84.8,30.5,48869
122170640,2,,s,˃PJ,229,187,34,116.2,36.3,26619
122170650,2,,s,˃PJ,508,399,108,89.1,28.5,45257
122170660,2,,s,,1040,866,146,83.5,30.4,86815
12217066001,3,,s,P,328,249,71,90.9,34.3,29806
12217066002,3,,s,Q,712,617,75,80.1,28.6,57009
122170670,2,,s,OPn,-,-,-,-,-,-
122170680,2,,s,,574,355,179,85.9,34.8,49302
122170690,2,,s,,3245,2164,1000,86.7,31.9,281260
12217069001,3,,s,P,839,517,290,83.7,33.2,70245
12217069002,3,,s,Q,331,206,120,82.6,32.8,27347
12217069003,3,,s,R,310,258,47,91.4,33.1,28329
12217069004,3,,s,S,486,350,130,89.2,30.2,43364
12217069005,3,,s,T,591,435,147,89.1,31.3,52654
12217069006,3,,s,U,533,280,234,82.9,30.7,44200
12217069007,3,,s,V,155,118,32,97.6,33,15123
122170700,2,,s,R,629,580,29,113.9,42.2,71663
12217070001,3,,s,RP,304,280,15,113.6,41.5,34532
12217070002,3,,s,RQ,325,300,14,114.2,42.8,37131
122170710,2,,s,,3586,2065,736,75.1,29.7,269321
12217071001,3,,s,,901,411,151,72.7,29.5,65483
12217071002,3,,s,,2685,1654,585,75.9,29.8,203839
122170720,2,,s,ːVc,-,-,-,-,-,-
122170730,2,,s,,478,325,75,85.3,37.3,40782
122170740,2,,s,Ԗ,3727,2716,922,100,34.3,372520
12217074001,3,,s,Ԗ,2955,1989,893,93.1,32.1,275136
12217074002,3,,s,Ԗ,772,727,29,126.1,42.4,97384
12217074003,3,,s,Ԗ,-,-,-,-,-,-
122170750,2,,s,,695,489,189,89.6,32.6,62277
12217075001,3,,s,P,395,296,90,92.3,33.4,36459
12217075002,3,,s,Q,300,193,99,86.1,31.6,25819
122170760,2,,s,Vh,2028,1602,316,84.3,30.7,170968
12217076001,3,,s,VhP,398,234,87,84.8,30,33741
12217076002,3,,s,VhQ,409,376,21,91.7,29.1,37516
12217076003,3,,s,VhR,554,411,134,89.7,35.9,49689
12217076004,3,,s,VhS,667,581,74,75,28.2,50022
122170770,2,,s,R,447,394,47,102.8,35.5,45936
12217077001,3,,s,RP,129,109,16,105.4,38.5,13597
12217077002,3,,s,RQ,318,285,31,101.7,34.4,32338
122170790,2,,s,Pu,1154,797,234,89.2,35,102949
12217079001,3,,s,PuP,150,71,50,68.8,29.6,10317
12217079002,3,,s,PuQ,587,417,79,92.6,34,54328
12217079003,3,,s,PuR,131,69,62,71.8,35,9410
12217079004,3,,s,PuS,286,240,43,101,39.7,28893
122170800,2,,s,Pucn,721,170,2,63.4,27,45710
122170810,2,,s,,152,89,17,88,32.1,13377
12217081001,3,,s,P,45,-,-,46,17.1,2071
12217081002,3,,s,Q,107,89,17,105.7,38.2,11306
122170820,2,,s,Ђ΂肪u,406,235,107,90.6,35.9,36787
122170830,2,,s,S,267,247,14,121.2,39.4,32358
122170840,2,,s,z{,1543,1312,195,111.6,34.5,172202
12217084001,3,,s,z{,1543,1312,195,111.6,34.5,172202
12217084002,3,,s,z{,-,-,-,-,-,-
122170850,2,,s,z{,9,9,-,107.5,46.1,967
122170860,2,,s,z{V,1178,1095,53,122.3,45.8,144122
12217086001,3,,s,z{VP,138,132,4,120.8,44.2,16665
12217086002,3,,s,z{VQ,264,240,14,122.1,47.2,32225
12217086003,3,,s,z{VR,431,396,24,122.8,45.7,52930
12217086004,3,,s,z{VS,345,327,11,122.6,45.6,42302
122170870,2,,s,D,329,303,18,128.6,38.5,42302
122170880,2,,s,DˎR,97,93,-,137,38.5,13291
12217088001,3,,s,DˎR,84,80,-,134.4,38.9,11289
12217088002,3,,s,DˎR,13,13,-,154,36.4,2002
12217088003,3,,s,DˎR,-,-,-,-,-,-
122170890,2,,s,ٓV,-,-,-,-,-,-
122170900,2,,s,,146,127,17,129,37.1,18837
122170910,2,,s,,1588,1264,275,97.4,36.1,154676
12217091001,3,,s,P,411,241,141,81.9,31.1,33643
12217091002,3,,s,Q,473,426,43,106.7,41.2,50461
12217091003,3,,s,R,470,397,59,99.5,35,46783
12217091004,3,,s,S,234,200,32,101.7,37.1,23789
122170920,2,@,s,P,3109,2381,675,93.3,32,289983
12217092001,3,,s,P,2539,1890,610,91.2,31.5,231625
12217092002,3,,s,P,355,299,48,98.9,33.6,35107
12217092003,3,,s,P,165,156,4,112.3,36.2,18537
12217092004,3,@,s,P,50,36,13,94.3,30.8,4714
122170930,2,*,s,PVc,,,,,,
12217093001,3,*,s,PVc,,,,,,
12217093002,3,,s,PVc,-,-,-,-,-,-
122170940,2,,s,t,4376,3514,712,92.9,32.3,406477
12217094001,3,,s,tP,833,698,63,89.6,31.1,74638
12217094002,3,,s,tQ,387,215,161,85,30.6,32900
12217094003,3,,s,tR,325,174,136,96.4,32.7,31321
12217094004,3,,s,tS,882,842,24,90.5,30.1,79849
12217094005,3,,s,tT,1095,972,107,88,30,96356
12217094006,3,,s,tU,459,366,79,113,41.4,51855
12217094007,3,,s,tV,395,247,142,100.2,39.2,39560
122170950,2,,s,΃Pu,545,374,153,97.6,41.2,53171
122170960,2,,s,݂ǂ,1467,1261,172,100.1,36.5,146859
12217096001,3,,s,݂ǂP,255,201,48,90.2,31.5,22995
12217096002,3,,s,݂ǂQ,400,336,54,95.2,34.3,38089
12217096003,3,,s,݂ǂR,396,366,22,101.9,37.5,40362
12217096004,3,,s,݂ǂS,304,284,13,115.1,43.1,34979
12217096005,3,,s,݂ǂT,112,74,35,93.2,35,10435
122170970,2,,s,씐,885,460,357,60.9,32.1,53920
12217097001,3,,s,씐P,471,212,208,55.6,31.6,26186
12217097002,3,,s,씐Q,414,248,149,67,32.5,27735
122170981,2,,s,t,1198,1033,145,85.3,30.4,102203
12217098101,3,,s,tP,448,394,45,99.4,32.9,44549
12217098102,3,,s,tQ,750,639,100,76.9,28.6,57654
122170982,2,,s,쑝,3216,2783,366,93.2,31.2,299780
12217098201,3,,s,쑝P,437,376,55,87,28.6,38032
12217098202,3,,s,쑝Q,205,185,17,103.9,36.3,21293
12217098203,3,,s,쑝R,524,484,31,98.9,32.7,51807
12217098204,3,,s,쑝S,503,415,76,90.4,31.9,45455
12217098205,3,,s,쑝T,384,335,40,93,30.7,35694
12217098206,3,,s,쑝U,314,266,47,97,31.7,30466
12217098207,3,,s,쑝V,277,190,64,85.8,30.7,23775
12217098208,3,,s,쑝W,572,532,36,93.1,29.8,53258
122170983,2,,s,쑝,9,9,-,114.4,30.3,1030
122170990,2,,s,,698,377,26,71.2,25.8,49693
122171000,2,,s,퐶,411,277,125,86.2,34.6,35430
122171010,2,,s,L,761,502,152,75.5,28,57474
12217101001,3,,s,LP,143,23,71,67.1,27.7,9602
12217101002,3,,s,LQ,618,479,81,77.5,28.1,47872
122171020,2,@,s,g,259,209,38,102.3,36.1,26485
122171030,2,*,s,ĒːVc,,,,,,
12217103001,3,*,s,ĒːVc,,,,,,
12217103002,3,,s,ĒːVc,-,-,-,-,-,-
122171040,2,,s,,886,520,333,81.4,31.8,72108
122171050,2,,s,t,400,192,199,79.6,37,31853
122171060,2,@,s,R,49,32,13,110.8,34.6,5428
12217106001,3,*,s,RP,,,,,,
12217106002,3,*,s,RQ,,,,,,
122171070,2,,s,,2723,2044,635,96.7,35.1,263366
12217107001,3,,s,P,395,286,101,99.5,37.8,39305
12217107002,3,,s,Q,431,327,101,102.6,37.3,44199
12217107003,3,,s,R,162,122,38,98.3,35.5,15929
12217107004,3,,s,S,317,204,104,89.5,31.3,28369
12217107005,3,,s,T,317,254,58,97,32.9,30748
12217107006,3,,s,U,339,188,145,83.6,30,28357
12217107007,3,,s,V,296,257,37,101.4,39.6,30013
12217107008,3,,s,W,466,406,51,99.7,35.9,46446
122171080,2,,s,S,1465,1293,155,102.9,36.7,150726
12217108001,3,,s,SP,467,412,48,98,34,45756
12217108002,3,,s,SQ,350,328,17,111.2,41.8,38924
12217108003,3,,s,SR,215,162,51,93.9,31.9,20181
12217108004,3,,s,SS,252,233,17,110.8,40.1,27918
12217108005,3,,s,ST,181,158,22,99.2,35.9,17947
122171090,2,,s,t,381,323,52,103.3,40,39351
122171100,2,,s,t,2513,1935,532,87.9,32.2,220913
12217110001,3,,s,tP,364,240,119,78.5,32.9,28589
12217110002,3,,s,tQ,578,446,111,89.2,32,51559
12217110003,3,,s,tR,568,425,133,80.1,28.9,45504
12217110004,3,,s,tS,734,604,120,92.8,34.2,68111
12217110005,3,,s,tT,269,220,49,100.9,33.4,27149
122171110,2,,s,z,173,172,1,146.6,38.8,25370
122171120,2,,s,,188,185,2,141,38.1,26513
122171130,2,,s,ЎR,95,95,-,139.9,36.4,13288
122171140,2,,s,,58,56,-,137.3,33.2,7966
122171150,2,,s,,222,210,9,147.9,40.4,32835
122171160,2,,s,R,49,49,-,145.5,33.2,7129
122171170,2,,s,ᔒ,156,148,8,133,34.9,20740
122171180,2,,s,hJ,232,214,4,125.4,37.4,29093
122171190,2,,s,,198,193,5,119.4,37.5,23633
122171200,2,,s,,79,74,4,141,36.9,11136
122171210,2,,s,ܞJ,194,184,7,110,34.3,21335
122171220,2,,s,Α,373,215,143,86.3,30,32188
122171230,2,,s,,1505,1276,197,102.6,35.2,154423
122171240,2,,s,哇c,538,314,117,86.5,33.2,46554
122171250,2,,s,ÃPu,3282,2418,280,85.9,31.5,281914
12217125001,3,,s,ÃPuP,686,606,71,90.9,33.5,62359
12217125002,3,,s,ÃPuQ,587,503,71,85.4,31,50123
12217125003,3,,s,ÃPuR,1184,864,59,85.1,30.7,100729
12217125004,3,,s,ÃPuS,825,445,79,83.3,31.2,68703
122171260,2,,s,ˍ,1283,1146,80,111.2,36.4,142632
12217126000,3,,s,ˍ,870,750,67,110.3,35.8,95994
12217126001,3,,s,ˍP,110,102,7,109.4,36.6,12032
12217126002,3,,s,ˍQ,220,212,6,112.8,38.2,24813
12217126003,3,,s,ˍR,83,82,-,118,37.8,9793
122171270,2,,s,,1012,668,276,96.1,31.1,97250
12217127001,3,,s,P,423,275,91,97.6,30.7,41265
12217127002,3,,s,Q,290,249,40,104.4,33.7,30282
12217127003,3,,s,R,299,144,145,86,29.3,25704
122171280,2,,s,,2409,1893,375,97.3,35.6,234464
122171290,2,,s,썂,161,130,29,105.8,37.2,17026
122171300,2,,s,Vc,158,122,36,90,31.1,14220
122171310,2,,s,PJ,1038,495,69,84.3,30.8,87489
122171320,2,@,s,PJVc,180,163,9,117.8,36.4,21210
122171330,2,*,s,,,,,,,
12217133001,3,*,s,P,,,,,,
12217133002,3,,s,Q,-,-,-,-,-,-
122171340,2,,s,̖ؑ,1748,1545,150,104,33.9,181756
12217134001,3,,s,̖ؑP,69,55,6,100,34.8,6898
12217134002,3,,s,̖ؑQ,184,143,36,104.8,35.7,19292
12217134003,3,,s,̖ؑR,342,322,13,115.9,36.3,39623
12217134004,3,,s,̖ؑS,740,635,88,93.5,31.8,69191
12217134005,3,,s,̖ؑT,413,390,7,113.2,34.6,46752
