KEY_CODE,HYOSYO,HTKSYU,CITYNAME,NAME,T000055001,T000055002,T000055003,T000055004,T000055005,T000055006
,,,,,ZɏZވʐ,,c؉,Pѓ艄ʐ,Pl艄ʐ,ʐ
14215,1,,CVs,,45866,31065,12345,80.2,30.3,3678804
142150011,2,,CVs,,3371,2256,993,84.5,32.2,284747
14215001101,3,,CVs,P,670,248,373,67.3,31,45076
14215001102,3,,CVs,Q,1438,1119,289,88,33.1,126597
14215001103,3,,CVs,R,790,483,273,89.2,32.6,70438
14215001104,3,,CVs,S,473,406,58,90.1,30.4,42635
142150012,2,,CVs,,2154,1324,698,62,27.9,133545
14215001201,3,,CVs,P,608,457,134,70.8,31.5,43050
14215001202,3,,CVs,Q,330,90,207,64.5,28.5,21284
14215001203,3,,CVs,R,1216,777,357,56.9,25.9,69211
142150013,2,,CVs,k,3149,2082,912,83.2,32,262026
14215001301,3,,CVs,kP,1479,877,513,74.6,30.5,110403
14215001302,3,,CVs,kQ,863,496,338,78.4,31.1,67660
14215001303,3,,CVs,kR,666,585,52,105.4,36.1,70167
14215001304,3,,CVs,kS,141,124,9,97.8,31.3,13796
142150020,2,,CVs,J,3037,2054,851,83.8,29.2,254550
142150030,2,,CVs,,2317,2080,193,106.7,40.1,247121
14215003001,3,,CVs,P,650,572,61,107.4,41.8,69821
14215003002,3,,CVs,Q,443,382,57,104.3,38.9,46214
14215003003,3,,CVs,R,374,334,30,104.7,39.3,39160
14215003004,3,,CVs,S,369,334,27,104.2,37.8,38448
14215003005,3,,CVs,T,481,458,18,111.2,41.3,53478
142150080,2,,CVs,Vc,3392,1715,1132,73.1,29.8,247862
14215008001,3,,CVs,Vc,2802,1409,953,74.4,30.2,208451
14215008002,3,,CVs,Vc,590,306,179,66.8,27.8,39411
142150090,2,,CVs,,852,739,98,66.9,26.6,57031
142150100,2,,CVs,͌,2515,1578,760,73.8,28,185662
142150111,2,,CVs,㋽,955,724,204,84.7,30.2,80887
14215011101,3,,CVs,㋽P,546,374,149,83.9,30.7,45825
14215011102,3,,CVs,㋽Q,-,-,-,-,-,-
14215011103,3,,CVs,㋽R,386,339,45,85.8,29.2,33114
14215011104,3,,CVs,㋽S,23,11,10,84.7,39.8,1949
142150112,2,,CVs,㋽,252,92,77,64,26,16131
142150121,2,,CVs,,999,601,340,69.1,27.6,69080
14215012101,3,,CVs,P,373,164,201,65.9,27.7,24579
14215012102,3,,CVs,Q,305,251,15,65.3,25,19912
14215012103,3,,CVs,R,76,39,35,91.9,31.5,6984
14215012104,3,,CVs,S,126,103,22,71.8,29.9,9043
14215012105,3,,CVs,T,119,44,67,72,28.9,8562
142150122,2,,CVs,,31,15,13,84.9,33.7,2632
142150131,2,,CVs,㍡,4557,3400,999,83.7,31,381580
14215013101,3,,CVs,㍡P,649,468,164,84.3,30.9,54711
14215013102,3,,CVs,㍡Q,901,599,262,72.2,27,65016
14215013103,3,,CVs,㍡R,448,284,152,69.2,27.5,31008
14215013104,3,,CVs,㍡S,756,543,172,82.3,31,62250
14215013105,3,,CVs,㍡T,1000,904,85,103.1,36.5,103138
14215013106,3,,CVs,㍡U,803,602,164,81.5,30.3,65457
142150132,2,,CVs,㍡,171,96,9,76.9,29,13158
142150200,2,,CVs,PJ,2313,1603,646,76.8,28.5,177663
142150210,2,,CVs,PJ,5936,3572,2242,67.3,27.8,399483
14215021001,3,,CVs,PJP,880,522,334,68.1,28.9,59962
14215021002,3,,CVs,PJQ,1382,613,739,58.8,27.1,81197
14215021003,3,,CVs,PJR,574,226,328,59.9,28.5,34380
14215021004,3,,CVs,PJS,1099,683,400,73.2,27.4,80484
14215021005,3,,CVs,PJT,1026,782,234,70.3,27.9,72162
14215021006,3,,CVs,PJU,975,746,207,73.1,28.1,71298
142150270,2,,CVs,]n,450,182,63,69.1,26.2,31108
14215027001,3,,CVs,]nP,156,51,32,68.5,30.5,10682
14215027002,3,,CVs,]nQ,294,131,31,69.5,24.3,20426
142150281,2,,CVs,,199,65,125,78.1,33.6,15542
142150282,2,,CVs,,9,9,-,126.2,40.6,1136
142150290,2,,CVs,͓,192,170,19,111.4,34.1,21388
142150300,2,,CVs,,833,609,203,85.4,29.8,71130
142150310,2,,CVs,Љ,1205,780,351,78.2,28.8,94251
142150320,2,,CVs,,814,577,209,86.7,29.5,70590
142150330,2,,CVs,͓,76,64,7,123.5,41.7,9389
142150340,2,,CVs,v,3239,2522,598,84.9,29.3,275033
142150350,2,,CVs,{,694,590,73,117.4,34.5,81504
142150360,2,,CVs,,1693,1175,466,85.5,30.7,144743
142150370,2,,CVs,lc,461,391,64,108.1,37.6,49832
