KEY_CODE,HYOSYO,HTKSYU,CITYNAME,NAME,T000055001,T000055002,T000055003,T000055004,T000055005,T000055006
,,,,,ZɏZވʐ,,c؉,Pѓ艄ʐ,Pl艄ʐ,ʐ
14203,1,,ˎs,,96916,58590,29545,81.5,31.2,7894660
142030101,2,,ˎs,P,314,231,80,87.2,33.7,27369
142030102,2,,ˎs,q,491,280,187,83.2,31.3,40853
142030103,2,,ˎs,u,1025,623,378,89.7,34.8,91963
142030104,2,,ˎs,Ԑ,1071,771,236,96.7,35.1,103538
142030105,2,,ˎs,俕,1076,680,213,79.1,28.4,85081
142030106,2,,ˎs,Pl,786,449,122,78.6,30.6,61774
142030107,2,,ˎs,Pu,804,404,82,74.5,27.6,59910
142030108,2,,ˎs,l,1158,600,410,79.3,32.3,91873
142030109,2,,ˎs,d璬,804,538,240,83.2,36.2,66871
142030110,2,,ˎs,,1125,740,338,87.2,35.3,98047
142030111,2,,ˎs,Pl,1036,601,150,76.9,29.7,79705
142030112,2,,ˎs,l,1019,887,121,83.7,32.4,85252
142030113,2,,ˎs,[zPu,1554,955,569,81.3,32.8,126340
142030114,2,,ˎs,㊯,1186,690,453,71.1,32.5,84270
142030115,2,,ˎs,v̒,107,57,46,70.7,27.3,7570
142030116,2,,ˎs,D꒬,723,564,141,92.7,33,66998
142030117,2,,ˎs,K,580,414,143,91.2,34.4,52912
142030118,2,,ˎs,Ή͊,666,577,82,90.2,33.2,60085
142030119,2,,ˎs,{,172,89,66,71.2,32.1,12245
142030201,2,,ˎs,Pu,390,223,157,78.4,31.7,30582
142030202,2,,ˎs,㕽,457,178,268,74.2,31.5,33924
142030203,2,,ˎs,BPu,429,255,144,84.3,30.9,36179
142030204,2,,ˎs,zK,825,584,223,86.1,34.7,71005
142030205,2,,ˎs,xm,288,195,64,97.1,40.2,27965
142030206,2,,ˎs,,1165,734,385,90.6,35.6,105606
142030210,2,,ˎs,L,766,463,286,82.5,34.9,63165
142030211,2,,ˎs,쒬,917,568,309,79.7,33.1,73115
142030212,2,,ˎs,,1350,804,469,68.5,29.8,92434
142030213,2,,ˎs,ђ,479,330,130,76.7,34.9,36732
142030214,2,,ˎs,gJ,456,352,88,68.7,35.3,31316
142030215,2,,ˎs,Β,1098,721,338,72.6,33.2,79662
142030216,2,,ˎs,Ԓ,724,256,130,64,30.7,46370
142030217,2,,ˎs,{,403,256,118,84.9,33.7,34218
142030218,2,,ˎs,{̑O,631,361,261,61.3,30.1,38707
142030219,2,,ˎs,,431,163,249,54.4,33,23425
142030222,2,,ˎs,,2130,1379,703,89.4,34.5,190380
14203022201,3,,ˎs,˂P,351,259,85,90.4,34.1,31717
14203022202,3,,ˎs,˂Q,648,427,197,86.3,34.3,55902
14203022203,3,,ˎs,˂R,309,185,114,88.6,36.2,27366
14203022204,3,,ˎs,˂S,362,253,108,97.7,36,35358
14203022205,3,,ˎs,˂T,460,255,199,87,32.6,40038
142030301,2,,ˎs,V,761,496,244,73.2,31.6,55731
142030302,2,,ˎs,㒬,472,297,162,77,33.7,36362
142030303,2,@,ˎs,V,607,270,299,63.6,29.2,38622
142030304,2,*,ˎs,璬,,,,,,
142030305,2,,ˎs,,-,-,-,-,-,-
142030306,2,,ˎs,,428,225,199,72.5,31.4,31041
142030307,2,,ˎs,|ؒ,230,129,90,72.6,30.9,16707
142030308,2,,ˎs,n{,271,139,126,73.6,30.3,19954
142030310,2,,ˎs,n,16,16,-,96.7,32.2,1547
142030401,2,,ˎs,쌴,1985,1160,745,79.9,30.3,158643
14203040101,3,,ˎs,쌴P,859,578,248,82.9,30.8,71194
14203040102,3,,ˎs,쌴Q,482,248,204,80.7,32.5,38912
14203040103,3,,ˎs,쌴R,592,313,269,76.7,27.9,45390
14203040104,3,,ˎs,쌴S,52,21,24,60.5,29.4,3147
142030405,2,,ˎs,a,3192,2021,1003,83.1,30.7,265107
14203040501,3,,ˎs,aP,1083,647,401,84.6,32.4,91630
14203040502,3,,ˎs,aQ,562,337,169,90.3,31.7,50744
14203040503,3,,ˎs,aR,1157,705,376,78.2,29,90527
14203040504,3,,ˎs,aS,390,332,57,82.6,29.8,32206
142030409,2,,ˎs,h,101,63,38,71.5,29.6,7218
142030413,2,,ˎs,,2100,1018,594,72.7,29,152763
14203041301,3,,ˎs,P,783,508,244,86.5,31.7,67741
14203041302,3,,ˎs,Q,1317,510,350,64.6,27.2,85022
142030415,2,,ˎs,V,151,62,66,71.9,26.5,10850
142030416,2,,ˎs,Ǖ,281,165,99,60.1,28.6,16901
142030417,2,,ˎs,匴,138,101,33,64.4,23.8,8886
142030418,2,,ˎs,,3009,1549,1337,79.4,30.8,238870
14203041801,3,,ˎs,P,875,373,453,71.7,29.8,62715
14203041802,3,,ˎs,Q,1062,558,468,82.4,30.7,87511
14203041803,3,,ˎs,R,1072,618,416,82.7,31.6,88644
142030451,2,,ˎs,,1515,780,662,74.4,30.6,112707
14203045101,3,,ˎs,P,330,162,156,68.8,31.4,22694
14203045102,3,,ˎs,Q,493,262,207,77.1,31.3,37996
14203045103,3,,ˎs,R,512,275,211,72.5,29.9,37135
14203045104,3,,ˎs,S,180,81,88,82.7,29.4,14882
142030455,2,,ˎs,,1711,1089,538,76,29.8,130023
14203045501,3,,ˎs,P,476,244,222,77.5,32.6,36867
14203045502,3,,ˎs,Q,403,256,106,90,33.9,36257
14203045503,3,,ˎs,R,280,250,25,63.8,24.1,17851
14203045504,3,,ˎs,S,545,334,185,70.7,27.4,38521
14203045505,3,,ˎs,T,7,5,-,75.3,29.3,527
142030476,2,,ˎs,,-,-,-,-,-,-
142030477,2,,ˎs,lV{,4169,2257,1699,76.9,29.6,320484
14203047700,3,,ˎs,lV{,-,-,-,-,-,-
14203047701,3,,ˎs,lV{P,936,588,279,70.8,26.3,66226
14203047702,3,,ˎs,lV{Q,822,364,408,73,28.4,59992
14203047703,3,,ˎs,lV{R,680,382,287,79.4,32.4,53960
14203047704,3,,ˎs,lV{S,375,209,153,79,30.5,29625
14203047705,3,,ˎs,lV{T,543,300,218,92.8,35,50396
14203047706,3,,ˎs,lV{U,607,303,281,73.3,28.5,44500
14203047707,3,,ˎs,lV{V,206,111,73,76.6,29,15784
142030486,2,,ˎs,^y,1209,745,317,83.5,29.9,100959
14203048601,3,,ˎs,^yP,490,289,173,78.8,30.1,38619
14203048602,3,,ˎs,^yQ,-,-,-,-,-,-
14203048603,3,,ˎs,^yR,593,347,129,81.9,28.3,48574
14203048604,3,,ˎs,^yS,126,109,15,109.3,36.8,13766
142030490,2,,ˎs,^y,2109,1131,851,79.6,29.3,167831
14203049001,3,,ˎs,^yP,585,269,302,74.3,27.6,43443
14203049002,3,,ˎs,^yQ,642,319,299,76.7,29.6,49255
14203049003,3,,ˎs,^yR,437,269,123,84.7,30.2,37000
14203049004,3,,ˎs,^yS,445,274,127,85.7,30,38132
142030501,2,,ˎs,Lc,102,51,47,82.6,31.6,8426
142030502,2,@,ˎs,Lc,667,424,221,87.8,31.7,58541
142030503,2,*,ˎs,Lc,,,,,,
142030504,2,,ˎs,LcŊԖ,136,104,30,113.5,36.4,15432
142030505,2,,ˎs,Lc,259,140,94,83.7,28.8,21677
142030506,2,,ˎs,Lc{,219,125,84,99,33.3,21684
142030507,2,,ˎs,Lc{,354,211,134,92,34.3,32573
142030508,2,,ˎs,kLc,154,94,59,89.5,31.2,13778
142030601,2,,ˎs,c,-,-,-,-,-,-
142030602,2,,ˎs,_,1815,1091,641,84.6,30,153484
142030603,2,,ˎs,g,70,66,4,129.3,42.9,9052
142030604,2,,ˎs,,3489,1451,717,68.4,26.8,238551
142030611,2,,ˎs,c,4120,2371,839,77.6,28.1,319654
14203061101,3,,ˎs,cP,515,379,123,76.9,27.3,39618
14203061102,3,,ˎs,cQ,915,290,26,58.2,22.3,53250
14203061103,3,,ˎs,cR,209,175,24,68.7,25.8,14357
14203061104,3,,ˎs,cS,174,129,41,94.8,34,16491
14203061105,3,,ˎs,cT,403,246,145,90.5,31.8,36488
14203061106,3,,ˎs,cU,316,238,74,98.4,32.4,31086
14203061107,3,,ˎs,cV,780,439,156,81.5,28.8,63546
14203061108,3,,ˎs,cW,475,287,157,83.7,29.5,39775
14203061109,3,,ˎs,cX,333,188,93,75.2,29.2,25043
142030701,2,,ˎs,哇,360,233,20,102.9,33.3,37031
142030702,2,,ˎs,瓇,382,334,41,114.9,37.3,43892
142030703,2,,ˎs,,348,150,4,82,29.7,28535
142030704,2,,ˎs,鏊,335,292,37,116.7,35.9,39080
142030751,2,,ˎs,,2550,1873,487,96.7,32.8,246496
142030752,2,,ˎs,ӂݖ,795,754,39,106.4,38,84590
14203075201,3,,ˎs,ӂݖP,357,346,10,111.5,38.4,39793
14203075202,3,,ˎs,ӂݖQ,438,408,29,102.3,37.7,44797
142030801,2,,ˎs,c,988,713,257,93.6,31.9,92461
142030802,2,,ˎs,,1033,689,324,87.5,30,90427
142030803,2,,ˎs,,1512,988,504,85.6,31.4,129409
142030804,2,,ˎs,ѓ,127,59,63,85.6,32.9,10870
142030805,2,,ˎs,,-,-,-,-,-,-
142030851,2,,ˎs,L,943,690,246,90.8,31.8,85610
142030852,2,,ˎs,Љ,1150,881,247,92.2,32.6,106034
142030853,2,,ˎs,{J,64,63,1,131.7,41.9,8430
142030854,2,,ˎs,,1890,1178,649,85.8,33.5,162239
142030855,2,,ˎs,k,852,466,377,80.2,34.6,68343
142030856,2,,ˎs,^c,1977,597,1342,49.6,29.5,97975
142030891,2,,ˎs,߂݂u,177,166,10,120.1,35.1,21252
142030892,2,,ˎs,߂݂u,212,194,16,118.4,36.9,25100
142030901,2,,ˎs,y,794,722,60,123.6,37.5,98118
142030902,2,,ˎs,g,375,324,43,118.9,36.8,44571
142030903,2,,ˎs,g,168,168,-,126.9,35.9,21320
142030951,2,,ˎs,,1281,863,383,86.4,31.8,110721
142030952,2,,ˎs,,711,373,328,85.7,30.7,60911
142030953,2,,ˎs,o,1034,709,282,87,29.7,89940
142030954,2,,ˎs,c,1793,960,618,77.4,29,138712
142030955,2,,ˎs,,334,273,53,88.4,32.3,29513
142030956,2,,ˎs,R,2852,1343,851,74.4,27.6,212219
142030957,2,,ˎs,͓,1439,759,649,78.3,31,112611
142030958,2,,ˎs,,1900,1184,624,84.8,30.7,161040
142030959,2,,ˎs,,1839,1226,583,84.8,30,156034
142030961,2,,ˎs,,897,840,40,121.4,38.4,108890
14203096101,3,,ˎs,P,405,373,25,122.4,38.5,49571
14203096102,3,,ˎs,Q,492,467,15,120.6,38.4,59320
142030962,2,,ˎs,,1328,713,16,53.3,23.7,70792
