KEY_CODE,HYOSYO,HTKSYU,CITYNAME,NAME,T000055001,T000055002,T000055003,T000055004,T000055005,T000055006
,,,,,ZɏZވʐ,,c؉,Pѓ艄ʐ,Pl艄ʐ,ʐ
14137,1,,,,61279,35167,19628,78.6,32.2,4817538
141377020,2,,,,1448,519,887,54.1,30.8,78376
14137702000,3,,,,402,239,154,72.5,31.8,29138
14137702001,3,,,P,544,165,367,48.2,31.2,26201
14137702002,3,,,Q,502,115,366,45.9,29.1,23037
141377030,2,,,,1441,954,428,99.8,37.2,143790
14137703001,3,,,P,687,417,249,83.3,34.6,57240
14137703002,3,,,Q,195,125,49,110.6,33.3,21558
14137703003,3,,,R,248,212,30,124,44.3,30754
14137703004,3,,,S,311,200,100,110.1,39.4,34238
141377040,2,,,,950,785,142,115.4,38.4,109612
14137704001,3,,,P,214,178,30,133.3,42.9,28536
14137704002,3,,,Q,428,370,51,103.7,34.4,44369
14137704003,3,,,R,308,237,61,119.2,40.9,36706
141377060,2,,,׎R,2703,1664,838,84,32.4,226973
14137706000,3,*,,׎R,,,,,,
14137706001,3,@,,׎RP,322,239,68,67.6,28.8,21773
14137706002,3,,,׎RQ,335,145,148,68.4,27.2,22921
14137706003,3,,,׎RR,358,193,141,75.9,30.4,27175
14137706004,3,,,׎RS,458,287,106,94.3,35.4,43196
14137706005,3,,,׎RT,466,315,137,97,38.9,45220
14137706006,3,,,׎RU,177,94,56,81.8,26.7,14485
14137706007,3,,,׎RV,216,188,24,101.7,35.9,21975
14137706008,3,,,׎RW,371,203,158,81.5,31.2,30228
141377070,2,,,ブu,3485,1751,1364,84.9,33.2,295877
14137707001,3,,,ブuP,415,185,184,80,34.3,33207
14137707002,3,,,ブuQ,415,117,204,66.4,27.7,27567
14137707003,3,,,ブuR,368,193,148,82.5,31.4,30359
14137707004,3,,,ブuS,616,313,276,81.6,35.6,50264
14137707005,3,,,ブuT,278,122,87,84.8,28.6,23575
14137707006,3,,,ブuU,331,185,137,82.6,32.9,27342
14137707007,3,,,ブuV,460,302,88,97.7,36.6,44961
14137707008,3,,,ブuW,352,197,138,94.4,33.4,33226
14137707009,3,,,ブuX,250,137,102,101.5,36.7,25377
141377080,2,,,,999,737,244,88.3,35.4,88233
14137708001,3,,,P,612,414,186,85.7,36,52451
14137708002,3,,,Q,387,323,58,92.5,34.5,35781
141377090,2,,,,6792,3681,2632,66.9,30.2,454101
14137709001,3,,,΂P,1148,432,680,56.6,30.7,64969
14137709002,3,,,΂Q,1110,588,471,68,30.3,75434
14137709003,3,,,΂R,1369,769,557,63,28.7,86293
14137709004,3,,,΂S,1945,964,662,61.6,28.2,119902
14137709005,3,,,΂T,699,508,172,88.5,33.5,61870
14137709006,3,,,΂U,521,420,90,87.6,33.9,45633
141377100,2,,,Su,4012,1058,1527,58.2,30.4,233430
14137710001,3,,,SuP,1683,331,717,55.1,30.1,92673
14137710002,3,,,SuQ,1522,375,506,55.1,29.3,83936
14137710003,3,,,SuR,807,352,304,70.4,32.9,56821
141377110,2,,,Su,2899,2057,670,85.4,32.5,247584
14137711001,3,,,SuP,754,605,133,92.2,34.1,69528
14137711002,3,,,SuQ,676,455,210,82.8,33.1,55945
14137711003,3,,,SuR,589,438,148,73.8,26.3,43492
14137711004,3,,,SuS,880,559,179,89.3,35,78619
141377121,2,,,T,4380,2734,1241,88.8,36.3,388969
14137712101,3,,,TP,849,464,279,87.6,36.4,74374
14137712102,3,,,TQ,460,391,39,112.5,48.2,51765
14137712103,3,,,TR,801,553,213,98.4,41.5,78844
14137712104,3,,,TS,226,131,77,100.7,41.9,22754
14137712105,3,,,TT,374,190,125,85,33,31802
14137712106,3,,,TU,559,352,176,81.6,33.4,45628
14137712107,3,,,TV,653,327,215,72.2,29,47147
14137712108,3,,,TW,458,326,117,80,30.2,36656
141377122,2,,,T,3723,2930,633,111.2,39.5,414015
14137712201,3,,,TP,437,357,60,118.2,44.9,51674
14137712202,3,,,TQ,733,637,74,120.8,44.2,88541
14137712203,3,,,TR,919,786,97,113.1,40.1,103963
14137712204,3,,,TS,411,353,44,124,42,50974
14137712205,3,,,TT,812,571,181,108.8,37.4,88380
14137712206,3,,,TU,411,226,177,74.2,26.2,30482
141377123,2,,,T,140,92,42,96.2,34.5,13462
14137712302,3,,,T,127,85,36,97.7,34.5,12408
14137712303,3,,,T,13,7,6,81,35.1,1054
141377130,2,,,R,2310,2155,113,77,27.3,177781
14137713001,3,,,RP,387,367,16,77.6,27.5,30045
14137713002,3,,,RQ,215,199,12,71.7,25.2,15417
14137713003,3,,,RR,124,112,7,74.4,25.1,9220
14137713004,3,,,RS,733,670,49,77.5,27.4,56810
14137713005,3,,,RT,851,807,29,77.9,27.9,66289
141377140,2,,,u,2166,723,27,59.7,25.8,129346
14137714001,3,,,uP,332,307,20,123.9,41.5,41120
14137714002,3,,,uQ,1398,-,-,42.6,21.2,59521
14137714003,3,,,uR,436,416,7,65.8,23.8,28704
141377150,2,,,,237,166,63,99.7,38.7,23619
141377160,2,,,,2475,1650,633,66.8,26.8,165327
14137716001,3,,,P,928,762,157,55.4,23.9,51371
14137716002,3,,,Q,792,512,259,80.8,30.1,63977
14137716003,3,,,R,755,376,217,66.2,26.3,49979
141377161,2,,,,16,16,-,156.4,56.9,2503
141377181,2,,,㖃,6903,3549,2799,76.9,32.3,530891
14137718101,3,,,㖃P,289,63,164,47.1,30.3,13605
14137718102,3,,,㖃Q,926,687,174,116.1,45.9,107507
14137718103,3,,,㖃R,1223,683,420,75.4,29.4,92182
14137718104,3,,,㖃S,1030,611,244,94,31.6,96859
14137718105,3,,,㖃T,1423,552,811,63.8,32,90855
14137718106,3,,,㖃U,1013,294,674,54.9,28,55634
14137718107,3,,,㖃V,999,659,312,74.3,28.4,74249
141377182,2,,,㖃,41,31,6,85.3,26.3,3499
141377190,2,,,Ñ,146,109,30,97.8,38.2,14284
141377210,2,,,ܗ͓c,998,586,314,86.5,32.4,86335
14137721001,3,,,ܗ͓cP,254,197,54,101.9,36.9,25891
14137721002,3,,,ܗ͓cQ,426,206,149,79.1,30,33700
14137721003,3,,,ܗ͓cR,318,183,111,84.1,31.9,26744
141377211,2,,,ܗ͓c,65,15,49,70.7,28.2,4598
141377220,2,,,Е,3770,2147,1455,75.5,31.4,284744
14137722000,3,,,Е,208,155,45,101.7,39.8,21150
14137722001,3,,,ЕP,702,315,322,65.8,28.8,46205
14137722002,3,,,ЕQ,708,400,285,65.8,29.5,46583
14137722003,3,,,ЕR,671,404,254,82.1,36.7,55082
14137722004,3,,,ЕS,895,502,344,68.4,27.7,61215
14137722005,3,,,ЕT,586,371,205,93,33.1,54509
141377240,2,,,I,308,235,62,117.7,36.7,36239
14137724000,3,,,I,52,44,6,116.5,42.9,6055
14137724001,3,,,I؂P,239,174,56,118.3,35.6,28268
14137724002,3,,,I؂Q,-,-,-,-,-,-
14137724003,3,,,I؂R,17,17,-,112.7,36.1,1916
141377250,2,,,,1719,1231,444,86.6,32.7,148923
14137725001,3,,,P,485,334,140,90.1,33.4,43693
14137725002,3,,,Q,285,216,58,91.4,35,26036
14137725003,3,,,R,301,215,75,88.4,34.5,26596
14137725004,3,,,S,648,466,171,81.2,30.3,52598
141377260,2,,,I,902,438,316,72.4,28.4,65282
14137726001,3,,,IP,365,207,137,76.2,31,27826
14137726002,3,,,IQ,537,231,179,69.7,26.7,37455
141377270,2,,,Iؑ,1410,850,410,90.9,32.5,128217
14137727001,3,,,IؑP,330,131,168,72.6,27.2,23961
14137727002,3,,,IؑQ,258,116,78,79.4,28,20484
14137727003,3,,,IؑR,242,190,50,95.9,32.1,23202
14137727004,3,,,IؑS,299,227,68,107.6,38,32183
14137727005,3,,,IؑT,281,186,46,101,36.9,28387
141377280,2,,,,1721,861,692,75.6,30.3,130108
141377290,2,,,썕,110,49,37,64.1,23.3,7046
141377300,2,,,,3010,1394,1530,61.3,28.6,184378
