KEY_CODE,HYOSYO,HTKSYU,CITYNAME,NAME,T000055001,T000055002,T000055003,T000055004,T000055005,T000055006
,,,,,ZɏZވʐ,,c؉,Pѓ艄ʐ,Pl艄ʐ,ʐ
14201,1,,{s,,157851,113494,28970,83.3,32.1,13141399
142010010,2,,{s,{,2668,2251,379,86.2,32.5,230100
14201001001,3,,{s,{P,871,786,75,81.6,28.8,71063
14201001002,3,,{s,{Q,359,261,92,79.4,34.3,28500
14201001003,3,,{s,{R,582,483,90,91.2,34.4,53051
14201001004,3,,{s,{S,239,204,31,91.4,34.3,21836
14201001005,3,,{s,{T,358,306,48,90,33.4,32208
14201001006,3,,{s,{U,259,211,43,90.5,36.2,23442
142010020,2,,{s,,2501,1681,737,76.4,34.4,191165
14201002001,3,,{s,P,146,80,65,64.4,32.2,9405
14201002002,3,,{s,Q,496,262,198,72.9,35.6,36180
14201002003,3,,{s,R,810,565,224,79.2,34.8,64148
14201002004,3,,{s,S,502,356,131,76.6,33.5,38451
14201002005,3,,{s,T,547,418,119,78.6,34.3,42981
142010030,2,,{s,{,809,503,51,76,31.2,61479
14201003001,3,,{s,{P,69,49,17,76.6,35,5284
14201003002,3,,{s,{Q,462,306,15,76.2,30.8,35198
14201003003,3,,{s,{R,278,148,19,75.5,31.1,20998
142010040,2,*,{s,,,,,,,
142010050,2,@,{s,PY,1,-,-,65,65,65
142010060,2,,{s,,-,-,-,-,-,-
142010070,2,,{s,,-,-,-,-,-,-
142010080,2,,{s,V`,-,-,-,-,-,-
142010090,2,,{s,쒬,670,579,78,64.1,30,42965
142010100,2,,{s,꒬,239,167,42,67.2,33.7,16064
14201010001,3,,{s,꒬P,211,140,42,59.3,30.2,12513
14201010002,3,,{s,꒬Q,28,27,-,126.8,57.3,3550
142010110,2,,{s,΂u,99,66,26,74.6,33.9,7388
142010120,2,,{s,ᏼ,287,202,72,67.1,31.3,19270
14201012001,3,,{s,ᏼP,26,22,3,90.4,37.3,2350
14201012002,3,,{s,ᏼQ,102,85,11,67.8,29.9,6912
14201012003,3,,{s,ᏼR,159,95,58,62.9,31.1,10008
142010130,2,,{s,̏o,957,510,373,63.8,31,61088
14201013001,3,,{s,̏oP,473,268,186,61.7,30.5,29163
14201013002,3,,{s,̏oQ,276,161,97,66.9,32.5,18474
14201013003,3,,{s,̏oR,208,81,90,64.7,30.4,13451
142010140,2,,{s,Ăl,818,428,332,54.6,30,44660
14201014001,3,,{s,ĂlʂP,332,153,162,49.1,29.1,16294
14201014002,3,,{s,ĂlʂQ,486,275,170,58.4,30.6,28366
142010150,2,,{s,,1215,1208,3,79.5,27.9,96573
14201015001,3,,{s,P,884,878,3,79.4,28.3,70148
14201015002,3,,{s,Q,331,330,-,79.8,26.7,26425
14201015003,3,,{s,R,-,-,-,-,-,-
142010160,2,,{s,Y,2245,1543,658,73.5,32,164974
14201016001,3,,{s,YP,557,274,266,66.5,32.2,37033
14201016002,3,,{s,YQ,1082,871,198,73.5,30.2,79538
14201016003,3,,{s,YR,606,398,194,79.9,35.2,48403
142010170,2,,{s,Ot,3887,2458,1103,77.8,33.3,302393
14201017001,3,,{s,OtP,553,333,199,75.5,32.6,41735
14201017002,3,,{s,OtQ,341,205,83,80,35.6,27277
14201017003,3,,{s,OtR,421,239,172,79.1,35.6,33295
14201017004,3,,{s,OtS,593,333,194,73.6,32.4,43629
14201017005,3,,{s,OtT,1352,842,343,76.8,33.2,103854
14201017006,3,,{s,OtU,627,506,112,83.9,32.7,52603
142010180,2,,{s,xm,1659,1308,311,84.1,33.9,139531
14201018001,3,,{s,xmP,345,258,78,86.2,34.1,29739
14201018002,3,,{s,xmQ,538,415,112,84.5,34.3,45479
14201018003,3,,{s,xmR,776,635,121,82.9,33.5,64314
142010190,2,,{s,cˑ,629,423,183,79.3,35.2,49871
142010200,2,,{s,[c,754,525,207,81.4,35.3,61360
142010210,2,,{s,㒬,2584,1770,727,81.4,34.7,210335
14201021001,3,,{s,㒬P,755,510,220,82.1,35.2,62019
14201021002,3,,{s,㒬Q,466,310,133,81.8,35.4,38098
14201021003,3,,{s,㒬R,571,358,187,78.2,33.8,44646
14201021004,3,,{s,㒬S,792,592,187,82.8,34.4,65573
142010220,2,,{s,sl,1156,915,223,83.7,31.9,96702
14201022001,3,,{s,slP,71,58,12,92.4,40.2,6557
14201022002,3,,{s,slQ,117,98,18,86.3,30.8,10101
14201022003,3,,{s,slR,624,485,130,81.7,30.7,50983
14201022004,3,,{s,slS,344,274,63,84.5,33.1,29061
142010230,2,,{s,߂u,572,299,21,78.3,31.5,44762
14201023001,3,,{s,߂uP,301,80,12,57.5,26.7,17301
14201023002,3,,{s,߂uQ,271,219,9,101.3,35.6,27461
142010240,2,,{s,a,219,39,15,56.5,22.1,12372
142010250,2,,{s,,955,566,107,72.9,31,69641
14201025001,3,,{s,P,278,7,1,38.4,19.1,10669
14201025002,3,,{s,Q,385,312,68,85.7,35,33008
14201025003,3,,{s,R,292,247,38,88.9,34.7,25964
142010260,2,,{s,]m,422,350,67,89.4,35.4,37737
142010270,2,,{s,쒬,2176,1436,693,76.9,32.3,167408
14201027001,3,,{s,쒬P,432,267,156,73.4,32.7,31709
14201027002,3,,{s,쒬Q,361,247,106,78.9,32.2,28480
14201027003,3,,{s,쒬R,489,343,140,80.7,33.1,39469
14201027004,3,,{s,쒬S,216,169,41,83.5,31,18045
14201027005,3,,{s,쒬T,330,203,111,72.5,31.2,23924
14201027006,3,,{s,쒬U,348,207,139,74.1,33,25781
142010280,2,,{s,,1033,565,344,69.8,31.7,72094
14201028001,3,,{s,P,446,277,150,76.8,33.4,34237
14201028002,3,,{s,Q,587,288,194,64.5,30.3,37857
142010290,2,,{s,Ǖl{,2019,981,319,70.5,30.3,142272
14201029001,3,,{s,Ǖl{P,1103,721,230,73.4,31.9,80980
14201029002,3,,{s,Ǖl{Q,916,260,89,66.9,28.3,61292
142010300,2,,{s,ē,453,403,12,78.4,28.5,35509
142010310,2,,{s,Y,1309,839,240,79.8,32.6,104433
14201031001,3,,{s,YP,391,228,44,82.9,32.2,32422
14201031002,3,,{s,YQ,352,266,81,82.8,32.8,29157
14201031003,3,,{s,YR,422,237,99,76.3,35,32206
14201031004,3,@,{s,YS,144,108,16,73.9,27.5,10649
14201031005,3,*,{s,YT,,,,,,
142010320,2,,{s,Ǖl,1701,1032,393,68.8,27.8,117056
14201032001,3,,{s,ǕlP,668,455,61,69.4,24.9,46373
14201032002,3,,{s,ǕlQ,129,88,32,75.6,32.1,9755
14201032003,3,,{s,ǕlR,904,489,300,67.4,29.9,60928
142010330,2,,{s,l,448,362,74,76.3,31.8,34177
14201033001,3,,{s,lP,284,219,58,67.6,30.6,19195
14201033002,3,,{s,lQ,164,143,16,91.4,33.5,14982
142010340,2,,{s,Ǖl,1247,837,348,79.1,32.5,98607
14201034001,3,,{s,ǕlP,418,279,115,75.7,29.5,31638
14201034002,3,,{s,ǕlQ,564,375,167,79.2,34,44663
14201034003,3,,{s,ǕlR,265,183,66,84.2,34.2,22307
142010350,2,,{s,Ǖl쒬,644,397,225,75.3,32.7,48486
14201035001,3,,{s,Ǖl쒬P,208,130,73,79.4,35.9,16506
14201035002,3,,{s,Ǖl쒬Q,310,189,110,74.3,31.7,23037
14201035003,3,,{s,Ǖl쒬R,126,78,42,71,30.1,8943
142010360,2,,{s,Ó,3068,2938,54,112.7,40.7,345712
14201036001,3,,{s,ÓP,506,483,15,116.7,43.9,59067
14201036002,3,,{s,ÓQ,460,455,3,121.5,43.7,55879
14201036003,3,,{s,ÓR,323,314,6,118.9,42.7,38407
14201036004,3,,{s,ÓS,433,422,6,115.1,41.3,49820
14201036005,3,,{s,ÓT,1047,974,21,100.5,36.2,105186
14201036006,3,,{s,ÓU,299,290,3,124.9,43.5,37353
142010370,2,,{s,Dz,3325,2733,509,86.3,32.8,287058
14201037001,3,,{s,DzP,247,156,78,77,31.8,19014
14201037002,3,,{s,DzQ,301,226,65,88.5,37.4,26626
14201037003,3,,{s,DzR,392,323,57,75.8,30.4,29726
14201037004,3,,{s,DzS,342,273,58,92.7,37,31708
14201037005,3,,{s,DzT,146,120,22,82.5,33.6,12050
14201037006,3,,{s,DzU,1075,916,144,82.5,30,88673
14201037007,3,,{s,DzV,386,315,60,87,32.3,33592
14201037008,3,,{s,DzW,436,404,25,104.7,36.8,45669
142010380,2,,{s,cY`,38,-,27,27.3,21.6,1036
142010390,2,,{s,cY,1600,1152,304,82.5,34.6,132009
14201039001,3,,{s,cYP,392,275,44,76.6,33,30045
14201039002,3,,{s,cYQ,261,181,50,83.6,36.7,21824
14201039003,3,,{s,cYR,372,274,89,85,33.9,31636
14201039004,3,,{s,cYS,210,159,46,84.3,34,17705
14201039005,3,,{s,cYT,185,147,31,93,37.3,17207
14201039006,3,,{s,cYU,180,116,44,75.5,34.6,13593
142010400,2,,{s,cY쒬,216,181,30,92.1,36.4,19898
142010410,2,,{s,cY,231,132,58,77.7,32.7,17940
142010420,2,,{s,Y,1096,811,202,84.8,34.4,92926
14201042001,3,,{s,YP,146,84,38,81.2,32.9,11862
14201042002,3,,{s,YQ,220,159,51,82.5,34.7,18142
14201042003,3,,{s,YR,222,172,19,92.2,37,20474
14201042004,3,,{s,YS,137,101,30,86,35.2,11778
14201042005,3,,{s,YT,371,295,64,82.7,33,30670
142010430,2,,{s,蒬,-,-,-,-,-,-
142010440,2,,{s,gq,483,319,158,81,34,39108
14201044001,3,,{s,gqP,362,225,132,78.2,32.4,28292
14201044002,3,,{s,gqQ,121,94,26,89.4,39,10815
142010450,2,,{s,팩,989,796,179,80.5,34,79627
14201045001,3,,{s,팩P,473,410,62,81.8,36.3,38714
14201045002,3,,{s,팩Q,331,254,65,78.9,31.6,26112
14201045003,3,,{s,팩R,185,132,52,80,32.8,14801
142010460,2,,{s,R,9,9,-,122.6,44.1,1104
142010470,2,,{s,팩,1458,1142,218,83,33.4,121057
14201047001,3,,{s,팩P,458,330,44,78.2,31.6,35829
14201047002,3,,{s,팩Q,507,395,104,82,35.2,41550
14201047003,3,,{s,팩R,286,244,38,89.6,33.9,25638
14201047004,3,,{s,팩S,207,173,32,87.1,32.4,18040
142010480,2,,{s,,3504,2348,599,80.1,32.2,280694
14201048001,3,,{s,P,438,287,125,77.4,30.4,33922
14201048002,3,,{s,Q,667,258,106,60.3,29.1,40244
14201048003,3,,{s,R,755,605,101,87.3,33.7,65907
14201048004,3,,{s,S,358,224,92,77.8,29.9,27842
14201048005,3,,{s,T,630,503,114,92,35.7,57951
14201048006,3,,{s,U,656,471,61,83.6,32,54829
142010490,2,,{s,ߊ}h,1811,1282,442,75.5,30.9,136796
14201049001,3,,{s,ߊ}hP,345,179,152,70.8,32.5,24443
14201049002,3,,{s,ߊ}hQ,434,300,115,69.7,30.1,30237
14201049003,3,,{s,ߊ}hR,478,318,118,78.3,31.1,37404
14201049004,3,,{s,ߊ}hS,554,485,57,80.7,30.4,44712
142010500,2,,{s,J,1072,875,182,84.8,31.2,90888
14201050001,3,,{s,JP,317,251,60,91.2,34.9,28895
14201050002,3,,{s,JQ,575,525,44,86.7,29.9,49834
14201050003,3,,{s,JR,180,99,78,67.6,29.2,12160
142010510,2,,{s,r,2405,1703,544,89.1,34.1,214304
14201051001,3,,{s,rP,171,140,29,98.3,36.6,16811
14201051002,3,,{s,rQ,319,229,86,88.7,36.2,28310
14201051003,3,,{s,rR,305,96,89,64.3,25.7,19621
14201051004,3,,{s,rS,438,334,92,93.8,36.4,41075
14201051005,3,,{s,rT,415,334,72,87.8,34.6,36419
14201051006,3,,{s,rU,107,83,21,92.5,35.1,9898
14201051007,3,,{s,rV,650,487,155,95.6,34.2,62169
142010520,2,,{s,q,804,393,125,74.5,30.1,59872
142010530,2,,{s,,4480,3067,980,83.2,31.4,372614
14201053001,3,,{s,P,830,587,230,83.9,32.6,69643
14201053002,3,,{s,Q,837,618,207,84.8,31,70952
14201053003,3,,{s,R,238,132,105,75.5,27.5,17961
14201053004,3,,{s,S,101,90,10,95.3,37.9,9625
14201053005,3,,{s,T,702,533,158,87.4,32.2,61369
14201053006,3,,{s,U,474,419,47,97.5,33.3,46199
14201053007,3,,{s,V,573,429,131,86,34,49272
14201053008,3,,{s,W,725,259,92,65.6,26.6,47593
142010540,2,,{s,,3086,2328,658,83.2,31.9,256674
14201054001,3,,{s,P,1120,887,203,86.4,32.6,96741
14201054002,3,,{s,Q,986,656,299,76.3,30.7,75199
14201054003,3,,{s,R,589,468,99,87.7,32.2,51640
14201054004,3,,{s,S,391,317,57,84.6,32,33094
142010550,2,,{s,ߊ},418,304,102,87.1,34.2,36397
142010560,2,,{s,,2876,2216,618,86.3,31.2,248119
14201056001,3,,{s,P,262,163,95,87.3,33.5,22870
14201056002,3,,{s,Q,213,123,82,72.3,27.2,15393
14201056003,3,,{s,R,917,672,228,84.2,29.8,77216
14201056004,3,,{s,S,953,901,46,94.1,33.2,89706
14201056005,3,,{s,T,531,357,167,80.9,30.5,42933
14201056006,3,,{s,U,-,-,-,-,-,-
142010570,2,,{s,X,3643,2109,545,75.5,29.6,274995
14201057001,3,,{s,XP,453,230,203,58.9,26,26684
14201057002,3,,{s,XQ,695,445,214,82.3,30.2,57194
14201057003,3,,{s,XR,1001,323,27,60.1,24.7,60141
14201057004,3,,{s,XS,863,749,80,94,34,81115
14201057005,3,,{s,XT,418,151,19,64.9,29.4,27138
14201057006,3,,{s,XU,213,211,2,106.7,36.7,22724
142010580,2,,{s,ݒ,3754,2195,1282,70.9,30,266159
14201058001,3,,{s,ݒP,351,281,65,76.7,28.8,26929
14201058002,3,,{s,ݒQ,689,452,213,80.7,33,55632
14201058003,3,,{s,ݒR,1003,593,319,59.1,27.9,59307
14201058004,3,,{s,ݒS,1032,499,479,68.5,29.4,70704
14201058005,3,,{s,ݒT,679,370,206,78.9,31.2,53587
142010590,2,,{s,Ò,2879,2153,663,83.2,33.7,239650
14201059001,3,,{s,ÒP,844,670,163,76.2,31.2,64334
14201059002,3,,{s,ÒQ,398,272,117,85.7,35.4,34124
14201059003,3,,{s,ÒR,511,321,175,83.2,35.7,42490
14201059004,3,,{s,ÒS,419,329,77,91.2,34.7,38208
14201059005,3,,{s,ÒT,707,561,131,85.6,33.6,60494
142010600,2,,{s,nxC,1873,1761,48,103.5,37.6,193925
14201060001,3,,{s,nxC݂P,436,423,12,116.2,41.4,50641
14201060002,3,,{s,nxC݂Q,458,450,4,125.4,43.7,57427
14201060003,3,,{s,nxC݂R,395,381,9,111,40.5,43849
14201060004,3,,{s,nxC݂S,584,507,23,71.9,27.3,42008
142010610,2,,{s,,789,302,22,74.4,28.1,58729
14201061001,3,,{s,P,97,82,12,108,33.5,10474
14201061002,3,,{s,Q,692,220,10,69.7,27.1,48256
142010620,2,,{s,nx,1619,1071,397,84.1,34,136154
14201062001,3,,{s,nxP,506,321,141,80.5,32.1,40731
14201062002,3,,{s,nxQ,491,318,147,85.1,36.6,41785
14201062003,3,,{s,nxR,339,272,59,94.1,36.9,31911
14201062004,3,,{s,nxS,283,160,50,76.8,30,21727
142010630,2,,{s,u,1617,1498,100,92.7,34.3,149930
14201063001,3,,{s,uP,675,645,24,116.8,42.8,78813
14201063002,3,,{s,uQ,942,853,76,75.5,28.1,71117
142010640,2,,{s,rc,3238,2715,486,90.9,31.1,294194
14201064001,3,,{s,rcP,1059,956,85,84.2,27.7,89203
14201064002,3,,{s,rcQ,289,235,51,90.2,34.3,26069
14201064003,3,,{s,rcR,733,661,68,111.2,33.9,81489
14201064004,3,,{s,rcS,136,44,89,69,27.1,9389
14201064005,3,,{s,rcT,506,375,125,77.5,29.8,39211
14201064006,3,,{s,rcU,515,444,68,94.8,34.7,48834
142010650,2,,{s,g,2247,2060,120,98.2,30.3,220757
14201065001,3,,{s,gP,224,183,36,85.6,30.1,19185
14201065002,3,,{s,gQ,949,884,43,82,26.8,77819
14201065003,3,,{s,gR,657,644,11,118.8,33.2,78072
14201065004,3,,{s,gS,417,349,30,109.5,32.9,45682
142010660,2,,{s,Y꒬,2217,1879,237,92,32.9,203899
14201066001,3,,{s,Y꒬P,177,134,26,77.4,30.6,13696
14201066002,3,,{s,Y꒬Q,129,96,30,87.7,35.5,11317
14201066003,3,,{s,Y꒬R,411,354,51,83.4,32,34275
14201066004,3,,{s,Y꒬S,9,9,-,90.3,28,813
14201066005,3,,{s,Y꒬T,932,816,52,99.5,33.2,92720
14201066006,3,,{s,Y꒬U,395,343,49,93.3,33,36842
14201066007,3,,{s,Y꒬V,164,127,29,86.8,34.6,14237
142010670,2,,{s,Y,1865,1092,211,76.1,30.8,142006
14201067001,3,,{s,YP,347,310,33,90.5,33.5,31411
14201067002,3,,{s,YQ,836,387,125,67.4,28.4,56326
14201067003,3,,{s,YR,425,339,39,91.9,37.3,39039
14201067004,3,,{s,YS,257,56,14,59.3,23.5,15230
142010680,2,,{s,t,2422,1786,208,83.5,30.7,202156
14201068001,3,,{s,tP,1239,901,94,85.6,31.4,106018
14201068002,3,,{s,tQ,1183,885,114,81.3,30.1,96138
142010690,2,,{s,,739,645,78,93.5,32.4,69104
142010700,2,,{s,,5359,3264,456,78.4,30.8,419959
14201070001,3,,{s,P,1126,973,140,92.8,33.8,104448
14201070002,3,,{s,Q,3113,1261,238,62.7,26.4,195261
14201070003,3,,{s,R,1089,1001,77,107.5,38,117117
14201070004,3,,{s,S,31,29,1,101.1,31,3133
142010710,2,,{s,Y꒬,892,766,106,83,32,73996
14201071001,3,,{s,Y꒬P,496,407,77,71.6,29.3,35529
14201071002,3,,{s,Y꒬Q,396,359,29,97.1,35,38467
142010720,2,,{s,Yu,915,864,42,100.3,34.5,91778
14201072001,3,,{s,YuP,306,286,14,100.3,34,30678
14201072002,3,,{s,YuQ,428,403,22,101.5,35.3,43444
14201072003,3,,{s,YuR,181,175,6,97.5,33.5,17656
142010730,2,,{s,Y꒬,1410,1168,200,88.2,32.8,124382
14201073001,3,,{s,Y꒬P,130,101,28,93.4,36.3,12148
14201073002,3,,{s,Y꒬Q,249,198,43,85.1,30.8,21196
14201073003,3,,{s,Y꒬R,441,367,65,90.2,31.8,39759
14201073004,3,,{s,Y꒬S,237,224,11,81.5,37.1,19315
14201073005,3,@,{s,Y꒬T,353,278,53,90.5,31.9,31964
14201073006,3,*,{s,Y꒬U,,,,,,
142010740,2,,{s,Y,193,174,17,98.5,35.1,19019
142010750,2,,{s,vl,685,646,35,102,36.3,69877
14201075001,3,,{s,vlP,257,226,28,100.9,37.4,25929
14201075002,3,,{s,vlQ,428,420,7,102.7,35.7,43948
142010760,2,,{s,,841,553,139,75.7,29.1,63631
14201076001,3,,{s,P,530,410,112,80.3,30.3,42548
14201076002,3,,{s,Q,188,140,27,76.3,27.6,14335
14201076003,3,,{s,R,123,3,-,54.9,26,6748
142010770,2,,{s,v䗢,1321,778,291,71,27.8,93764
14201077001,3,,{s,v䗢P,761,584,160,77.7,29.7,59130
14201077002,3,,{s,v䗢Q,560,194,131,61.8,25.1,34633
142010780,2,,{s,Mq,1111,754,333,72.7,28.6,80753
14201078001,3,,{s,MqP,800,474,304,68.1,29.2,54516
14201078002,3,,{s,MqQ,311,280,29,84.4,27.4,26237
142010790,2,@,{s,,26,22,3,104.2,36.1,2708
14201079001,3,*,{s,P,,,,,,
14201079002,3,*,{s,Q,,,,,,
142010800,2,,{s,Vc,108,85,21,69.1,24.1,7465
142010810,2,,{s,,2256,1621,570,73.6,27,166098
14201081001,3,@,{s,P,348,221,118,81.8,32.4,28481
14201081002,3,*,{s,Q,,,,,,
14201081003,3,,{s,R,495,331,150,73.2,28.1,36217
14201081004,3,,{s,S,689,468,190,65.6,24.3,45213
14201081005,3,,{s,T,724,601,112,77.6,26.5,56187
142010820,2,,{s,,2723,2397,288,93,32.8,253311
14201082001,3,,{s,˂P,382,289,84,80.1,29.4,30614
14201082002,3,,{s,˂Q,409,331,70,86.8,31.2,35514
14201082003,3,,{s,˂R,764,685,67,97.4,34.9,74451
14201082004,3,,{s,˂S,586,533,50,95.6,33.2,56042
14201082005,3,,{s,˂T,582,559,17,97.4,32.9,56690
142010830,2,,{s,v,562,308,242,77.9,29.1,43763
142010840,2,,{s,vl,6116,3253,1357,69,27.8,421846
14201084001,3,,{s,vlP,677,478,148,70.3,27.6,47593
14201084002,3,,{s,vlQ,900,554,245,71.5,28.1,64321
14201084003,3,,{s,vlR,923,398,233,69.9,27.5,64552
14201084004,3,,{s,vlS,416,219,177,74.9,31.8,31153
14201084005,3,,{s,vlT,671,363,214,67.5,29.4,45305
14201084006,3,,{s,vlU,871,15,22,47.3,21.9,41190
14201084007,3,,{s,vlV,980,665,225,73,28.2,71575
14201084008,3,,{s,vlW,678,561,93,82.8,29.8,56157
14201084009,3,,{s,vlX,-,-,-,-,-,-
142010850,2,,{s,_,41,27,13,72.1,29.6,2955
142010860,2,,{s,nCh,3679,3270,328,99.3,37.1,365184
14201086001,3,,{s,nChP,828,706,88,97.9,37.4,81053
14201086002,3,,{s,nChQ,745,667,65,97,35.2,72244
14201086003,3,,{s,nChR,728,670,51,100.2,37.3,72924
14201086004,3,,{s,nChS,918,815,87,101.3,37.4,92959
14201086005,3,,{s,nChT,460,412,37,100,38.6,46004
142010870,2,,{s,,4328,2910,1148,80.5,30.1,348505
14201087001,3,,{s,P,1434,877,475,76,30.3,109019
14201087002,3,,{s,Q,1298,837,404,80.9,31.5,105010
14201087003,3,,{s,R,1368,1060,260,82.1,28.3,112357
14201087004,3,,{s,S,157,87,5,101.5,32,15942
14201087005,3,,{s,T,71,49,4,87,34.7,6177
142010880,2,,{s,c,1444,1333,95,95.8,35.5,138272
14201088001,3,,{s,cP,732,686,39,95.4,35.5,69828
14201088002,3,,{s,cQ,712,647,56,96.1,35.4,68444
142010890,2,,{s,,3339,2346,926,85.9,31.4,286760
14201089001,3,,{s,P,1315,941,349,83.8,30.1,110164
14201089002,3,,{s,Q,623,344,265,76.9,29.9,47881
14201089003,3,,{s,R,517,378,127,88.2,34.2,45583
14201089004,3,,{s,S,514,385,124,92.3,32.4,47455
14201089005,3,,{s,T,25,23,-,93.1,41.6,2327
14201089006,3,,{s,U,345,275,61,96.7,33.1,33350
142010900,2,,{s,Ëv,2543,1213,857,73.2,28.1,186102
14201090001,3,,{s,ËvP,665,298,329,74.9,30.3,49826
14201090002,3,,{s,ËvQ,1145,453,267,62.3,25.1,71357
14201090003,3,,{s,ËvR,460,260,194,81.4,29.9,37432
14201090004,3,,{s,ËvS,133,81,48,81.4,30.1,10830
14201090005,3,,{s,ËvT,140,121,19,119,31.9,16657
142010910,2,,{s,,3196,2357,432,90.6,32,289502
14201091001,3,,{s,P,680,536,130,92,32.2,62573
14201091002,3,,{s,Q,253,174,70,94.2,30.8,23838
14201091003,3,@,{s,R,1303,759,175,82.4,30.2,107390
14201091004,3,*,{s,S,,,,,,
14201091005,3,,{s,T,569,523,38,94.4,34,53736
14201091006,3,,{s,U,391,365,19,107.3,35.6,41967
142010920,2,,{s,Kl,43,-,-,64.1,20,2756
142010930,2,,{s,,1573,1061,333,85.4,31.8,134386
14201093001,3,,{s,тP,317,247,53,89.6,35.1,28417
14201093002,3,,{s,тQ,488,315,136,81,30.2,39549
14201093003,3,,{s,тR,268,139,19,83.4,31.2,22342
14201093004,3,,{s,тS,187,146,38,95.4,33.5,17835
14201093005,3,,{s,тT,313,214,87,83.8,30.4,26243
142010940,2,,{s,{yJ,197,160,34,104,32.7,20487
142010950,2,,{s,,3885,2779,591,82.8,30.1,321545
14201095001,3,,{s,P,848,640,144,85.4,32.8,72385
14201095002,3,,{s,Q,546,415,115,81.1,30.5,44301
14201095003,3,,{s,R,1325,905,161,79.2,27.9,104898
14201095004,3,,{s,S,843,506,161,80.9,29.6,68189
14201095005,3,,{s,T,323,313,10,98.4,33.2,31772
142010960,2,,{s,ca,1611,1137,346,87.8,31,141390
14201096001,3,,{s,caP,845,587,186,84.6,29.8,71513
14201096002,3,,{s,caQ,538,345,143,84.3,30.5,45360
14201096003,3,,{s,caR,66,62,3,109.1,36.2,7198
14201096004,3,,{s,caS,52,45,4,103.7,31.2,5393
14201096005,3,,{s,caT,110,98,10,108.4,38.1,11926
142010970,2,,{s,,252,155,27,96.1,31.9,24206
142010980,2,,{s,,1259,823,165,84.6,31.8,106482
14201098001,3,,{s,P,54,8,38,52.9,34,2859
14201098002,3,,{s,Q,47,45,1,93,32.6,4373
14201098003,3,,{s,R,602,490,93,94.1,33.8,56639
14201098004,3,,{s,S,556,280,33,76.6,29.2,42611
14201098005,3,,{s,T,-,-,-,-,-,-
142010990,2,,{s,,523,470,45,103.2,34.5,53991
14201099001,3,,{s,P,210,187,19,104.9,33.9,22034
14201099002,3,,{s,Q,157,142,15,100,33.5,15701
14201099003,3,,{s,R,156,141,11,104.2,36.4,16256
142011000,2,,{s,,991,814,160,100.1,35.8,99168
14201100001,3,,{s,P,472,398,66,100.9,36.2,47646
14201100002,3,,{s,Q,519,416,94,99.3,35.5,51522
14201100003,3,,{s,R,-,-,-,-,-,-
142011010,2,,{s,HJ,1409,1141,230,100.6,39.5,141740
14201101000,3,,{s,HJ,553,457,85,112,43.7,61919
14201101001,3,,{s,HJP,452,361,78,92,37.5,41604
14201101002,3,,{s,HJQ,289,227,54,93.1,34.1,26916
14201101003,3,,{s,HJR,115,96,13,98.3,42.2,11302
14201101004,3,,{s,HJS,-,-,-,-,-,-
142011020,2,,{s,j,600,451,134,92.3,34,55389
142011030,2,,{s,팩u,356,350,3,116.2,34.7,41380
142011040,2,,{s,Rȑ,573,562,4,131,40.6,75083
142011050,2,,{s,q,31,30,1,116.5,41.5,3612
142011060,2,,{s,Ó썑ۑ,255,252,1,154.2,59.1,39328
14201106001,3,,{s,Ó썑ۑP,255,252,1,154.2,59.1,39328
14201106002,3,,{s,Ó썑ۑQ,-,-,-,-,-,-
14201106003,3,,{s,Ó썑ۑR,-,-,-,-,-,-
142011070,2,,{s,,-,-,-,-,-,-
142011080,2,,{s,`u,434,430,1,127.2,38.5,55214
14201108001,3,,{s,`uP,256,254,-,127.3,37.4,32594
14201108002,3,,{s,`uQ,178,176,1,127.1,40.1,22620
142011090,2,,{s,,536,508,26,95.1,34.3,50955
142011100,2,,{s,{,839,638,192,87.2,33.9,73124
142011110,2,,{s,̋u,-,-,-,-,-,-
142011120,2,,{s,O[nCc,1149,986,29,74.4,27.6,85508
