KEY_CODE,HYOSYO,HTKSYU,CITYNAME,NAME,T000055001,T000055002,T000055003,T000055004,T000055005,T000055006
,,,,,ZɏZވʐ,,c؉,Pѓ艄ʐ,Pl艄ʐ,ʐ
14135,1,,,,95329,36548,50829,57.6,27.3,5495489
141356010,2,,,o,11958,2949,8410,46.4,26.5,555331
14135601000,3,,,o,36,2,32,27.5,24.8,990
14135601001,3,,,o,277,70,201,42.1,27.5,11673
14135601002,3,,,o,4272,1029,2971,44.3,27.1,189162
14135601003,3,,,o,2077,550,1456,46.8,28.3,97198
14135601004,3,,,o,4620,1044,3333,47.2,25.1,218192
14135601005,3,,,o,676,254,417,56.4,27.3,38117
141356020,2,,,c,6361,2766,3184,61.4,28.5,390658
14135602001,3,,,cP,934,354,489,62,24.5,57864
14135602002,3,,,cQ,642,252,369,56.2,24.3,36053
14135602003,3,,,cR,941,297,461,58.6,25.5,55113
14135602004,3,,,cS,377,259,111,79.9,34.5,30141
14135602005,3,,,cT,532,355,168,79.8,34.8,42449
14135602006,3,,,cU,1063,644,385,76.4,33.9,81263
14135602007,3,,,cV,682,162,486,43.3,27.2,29530
14135602008,3,,,cW,1190,443,715,48.9,27.4,58246
141356030,2,,,n,2787,1071,1390,66.8,28,186052
14135603001,3,,,nP,1266,397,759,58.2,25.3,73705
14135603002,3,,,nQ,994,395,432,63.1,27,62738
14135603003,3,,,nR,508,278,185,96.3,35.5,48895
14135603004,3,,,nS,19,1,14,37.6,23.8,714
141356040,2,,,J,2050,1171,376,79.3,29.4,162488
14135604001,3,,,JP,555,233,148,61.7,29.7,34236
14135604002,3,,,JQ,705,338,184,80,31.6,56430
14135604003,3,,,JR,790,600,44,90.9,27.8,71822
14135604004,3,,,JS,-,-,-,-,-,-
141356050,2,,,kY,3409,1405,1536,65.3,26.5,222731
14135605001,3,,,kYP,520,146,292,60.7,26,31555
14135605002,3,,,kYQ,1166,341,756,53.4,26.1,62239
14135605003,3,,,kYR,694,272,403,60.5,26.2,41981
14135605004,3,,,kYS,736,578,55,88.4,28.5,65072
14135605005,3,,,kYT,293,68,30,74.7,24.1,21883
141356060,2,,,,5707,1641,3418,54.6,24.9,311462
14135606001,3,,,P,741,153,549,49.5,25.6,36695
14135606002,3,,,Q,926,253,627,56.5,26.2,52336
14135606003,3,,,R,859,344,470,56.6,24.5,48651
14135606004,3,,,S,864,254,548,54.2,24.3,46802
14135606005,3,,,T,1276,351,883,50.8,25,64877
14135606006,3,,,U,1041,286,341,59.7,24.2,62101
141356070,2,,,鉺,1163,467,658,58.8,26.3,68399
141356080,2,,,˘C,744,300,430,59.7,27.3,44409
141356090,2,,,c,2237,757,1315,54.8,24.9,122495
14135609001,3,,,cP,916,221,615,51.8,24.2,47428
14135609002,3,,,cQ,690,184,472,47.9,24.5,33028
14135609003,3,,,cR,631,352,228,66.6,26,42039
141356100,2,,,zc,1151,497,472,58.8,27.1,67710
141356120,2,,,쓇,8532,3297,3348,59.7,25.6,509376
14135612000,3,,,쓇,24,7,16,56.1,23.6,1347
14135612001,3,,,쓇P,730,294,334,61.2,25.6,44704
14135612002,3,,,쓇Q,504,169,321,57.2,26.1,28834
14135612003,3,,,쓇R,1580,483,928,55.7,25.3,87965
14135612004,3,,,쓇S,1437,762,521,60.1,24.7,86333
14135612005,3,,,쓇T,1978,591,417,62.1,24.7,122845
14135612006,3,,,쓇U,2279,991,811,60.3,27.1,137348
141356130,2,,,a,-,-,-,-,-,-
141356140,2,,,oːV,2717,605,1959,41.6,25.6,113007
141356150,2,,,h͌,11687,4277,6769,54.3,26.3,634662
14135615001,3,,,h͌P,1767,715,948,54.3,26.2,95888
14135615002,3,,,h͌Q,3029,680,2278,46.6,24.8,141289
14135615003,3,,,h͌R,1299,322,870,50.1,25.8,65052
14135615004,3,,,h͌S,1512,803,670,61.4,28,92808
14135615005,3,,,h͌T,992,431,528,60.7,28.2,60251
14135615006,3,,,h͌U,2169,913,1148,55.3,25.6,120004
14135615007,3,,,h͌V,919,413,327,64.6,28,59371
141356160,2,,,,2933,1391,1330,59.9,25.8,175652
14135616001,3,,,P,1396,764,515,63.1,27.5,88035
14135616002,3,,,Q,783,408,347,61.4,24.8,48068
14135616003,3,,,R,754,219,468,52.5,23.7,39549
141356170,2,,,,3696,1569,1895,62.6,27.4,231305
14135617001,3,,,P,731,153,554,45.5,23.5,33273
14135617002,3,,,Q,491,162,310,46.6,25.8,22898
14135617003,3,,,R,168,100,64,63.2,27,10615
14135617004,3,,,S,419,131,274,62.3,25.2,26123
14135617005,3,,,T,733,271,429,58.1,26.3,42608
14135617006,3,,,U,429,305,58,97.5,35.7,41821
14135617007,3,,,V,725,447,206,74.4,28.4,53968
141356180,2,,,c,2820,1082,1571,56.5,28.9,159355
14135618001,3,,,cP,1599,419,1058,44.3,26.1,70874
14135618002,3,,,cQ,607,263,318,60.6,32.6,36805
14135618003,3,,,cR,228,123,95,81.1,33.4,18482
14135618004,3,,,cS,386,277,100,86,29.9,33195
141356190,2,,,e`,4913,1828,2793,52.9,27.5,260106
14135619001,3,,,e`P,592,328,202,66.6,26.8,39441
14135619002,3,,,e`Q,1004,295,667,50.8,26.7,50959
14135619003,3,,,e`R,835,358,457,52.2,29,43572
14135619004,3,,,e`S,292,97,182,50.5,27.4,14734
14135619005,3,,,e`T,987,295,619,49.6,27.2,48934
14135619006,3,,,e`U,1203,455,666,51.9,28.1,62465
14135619007,3,,,e`V,-,-,-,-,-,-
141356200,2,,,Oc,4348,1905,2267,50.5,26.2,219443
14135620001,3,,,OcP,1651,623,899,49.6,26.3,81957
14135620002,3,,,OcQ,866,216,630,40.4,25.5,34999
14135620003,3,,,OcR,507,339,162,59.1,26,29965
14135620004,3,,,OcS,1188,666,502,54.6,26.1,64915
14135620005,3,,,OcT,136,61,74,55.9,30.3,7608
141356210,2,,,Oc,995,616,365,57.6,27.5,57340
14135621001,3,,,OcP,252,140,105,55.4,26.7,13957
14135621002,3,,,OcQ,343,242,97,61.2,27.7,20990
14135621003,3,,,OcR,400,234,163,56,27.9,22394
141356220,2,,,,1299,820,328,72,30.4,93485
14135622001,3,,,P,712,439,251,78.5,35.3,55888
14135622002,3,,,Q,587,381,77,64.1,25.3,37598
141356230,2,,,c,4837,1847,2799,55.9,29.9,270575
14135623001,3,,,cP,459,170,277,55.1,31.3,25280
14135623002,3,,,cQ,765,204,551,47.4,28.8,36227
14135623003,3,,,cR,1432,454,937,52.4,29,75105
14135623004,3,,,cS,1320,603,641,58.7,30.1,77530
14135623005,3,,,cT,861,416,393,65.5,31.1,56433
141356240,2,,,IJ,2386,788,1468,58.4,30.1,139296
14135624001,3,,,IJP,476,155,301,58,31,27606
14135624002,3,,,IJQ,540,193,311,62.7,29.9,33868
14135624003,3,,,IJR,902,351,498,58.6,30.6,52893
14135624004,3,,,IJS,468,89,358,53.3,28.6,24930
141356250,2,,,쐶c,4345,2574,1587,80.3,31.7,349080
14135625001,3,,,쐶cP,801,456,307,82.6,35.1,66173
14135625002,3,,,쐶cQ,818,587,210,91.4,31.8,74731
14135625003,3,,,쐶cR,161,88,69,86.9,31.2,13991
14135625004,3,,,쐶cS,727,412,283,74.4,26.9,54121
14135625005,3,,,쐶cT,479,255,204,78.5,32.4,37604
14135625006,3,,,쐶cU,728,445,257,76.7,33,55861
14135625007,3,@,,쐶cV,631,331,257,73.8,31.9,46599
14135625008,3,*,,쐶cW,,,,,,
141356260,2,,,,2254,925,1161,67,27.8,151071
14135626001,3,,,P,786,236,523,60.6,27.9,47670
14135626002,3,,,Q,377,167,200,63.6,27.3,23993
14135626003,3,,,R,331,143,147,70.5,29.7,23324
14135626004,3,,,S,760,379,291,73.8,27.2,56085
