KEY_CODE,HYOSYO,HTKSYU,CITYNAME,NAME,T000055001,T000055002,T000055003,T000055004,T000055005,T000055006
,,,,,住宅に住む一般世帯,持ち家,民営借家,１世帯当たり延面積,１人当たり延面積,総延面積
14102,1,,神奈川区,,100623,49908,38201,63.5,29.6,6393856
141020010,2,,神奈川区,西寺尾,4780,2608,1448,68.2,27.4,325838
14102001001,3,,神奈川区,西寺尾一丁目,754,468,270,74.6,30.4,56255
14102001002,3,,神奈川区,西寺尾二丁目,1149,649,265,66.5,26.7,76357
14102001003,3,,神奈川区,西寺尾三丁目,1586,824,462,66.2,27.2,105064
14102001004,3,,神奈川区,西寺尾四丁目,1291,667,451,68.3,26.5,88161
141020050,2,,神奈川区,松見町,4682,2801,1612,67.6,29.6,316674
14102005001,3,,神奈川区,松見町１丁目,1283,779,459,64.9,28.4,83315
14102005002,3,,神奈川区,松見町２丁目,1136,557,511,64.4,28.5,73103
14102005003,3,,神奈川区,松見町３丁目,1226,698,411,69,31.2,84612
14102005004,3,,神奈川区,松見町４丁目,1037,767,231,72.9,30.2,75644
141020090,2,,神奈川区,新子安,2418,1150,764,61.2,29.9,147868
14102009001,3,,神奈川区,新子安一丁目,1686,714,517,60.3,30.5,101749
14102009002,3,,神奈川区,新子安二丁目,732,436,247,63,28.6,46118
141020110,2,,神奈川区,子安台,840,577,223,73.6,33.2,61834
14102011001,3,,神奈川区,子安台一丁目,432,305,97,75.7,33.5,32704
14102011002,3,,神奈川区,子安台二丁目,408,272,126,71.4,32.8,29130
141020130,2,,神奈川区,神之木町,881,575,276,63.5,27.3,55901
141020140,2,,神奈川区,神之木台,1082,670,354,67.3,28.9,72808
141020150,2,,神奈川区,子安通,2632,1335,1157,51.9,26.9,136563
14102015001,3,,神奈川区,子安通１丁目,907,525,311,60.1,27.5,54543
14102015002,3,,神奈川区,子安通２丁目,340,118,205,42.3,26.4,14371
14102015003,3,,神奈川区,子安通３丁目,1385,692,641,48.8,26.6,67649
141020180,2,@,神奈川区,入江,2149,1098,736,63.2,27.8,135856
14102018001,3,,神奈川区,入江一丁目,1243,631,482,62.3,28.4,77474
14102018002,3,@,神奈川区,入江二丁目,906,467,254,64.4,27,58382
141020200,2,*,神奈川区,守屋町,,,,,,
14102020001,3,*,神奈川区,守屋町１丁目,,,,,,
14102020002,3,,神奈川区,守屋町２丁目,-,-,-,-,-,-
14102020003,3,,神奈川区,守屋町３丁目,-,-,-,-,-,-
14102020004,3,,神奈川区,守屋町４丁目,-,-,-,-,-,-
141020240,2,,神奈川区,恵比須町,-,-,-,-,-,-
141020250,2,*,神奈川区,宝町,,,,,,
141020260,2,,神奈川区,西大口,1236,804,347,70.6,30,87207
141020270,2,,神奈川区,大口仲町,1659,893,662,68.7,31.6,113938
141020280,2,,神奈川区,大口通,2159,1090,872,59,28,127473
141020290,2,,神奈川区,七島町,1263,716,468,65.5,30.3,82768
141020300,2,,神奈川区,白幡町,316,109,194,47.7,28.7,15076
141020310,2,,神奈川区,白幡東町,578,233,188,68.5,29.1,39596
141020320,2,,神奈川区,白幡西町,866,423,399,67.9,33.8,58826
141020330,2,,神奈川区,白幡南町,913,571,254,66.6,28.7,60836
141020340,2,,神奈川区,白幡上町,1149,617,453,73.3,33.7,84173
141020350,2,,神奈川区,白幡仲町,1114,551,507,65.3,31.2,72713
141020360,2,,神奈川区,白幡向町,1075,544,496,64.3,29.8,69089
141020370,2,,神奈川区,浦島丘,596,261,125,69.2,29.6,41233
141020380,2,,神奈川区,鳥越,299,179,103,76.4,34.9,22853
141020390,2,,神奈川区,立町,295,167,123,70.2,29.8,20718
141020400,2,,神奈川区,富家町,483,384,81,69.4,34,33517
141020410,2,,神奈川区,西神奈川,2158,764,1269,47.8,28.9,103256
14102041001,3,,神奈川区,西神奈川一丁目,1236,431,718,45.2,28.9,55813
14102041002,3,,神奈川区,西神奈川二丁目,422,143,261,46.8,28.1,19749
14102041003,3,,神奈川区,西神奈川三丁目,500,190,290,55.4,29.6,27694
141020440,2,,神奈川区,二ツ谷町,519,212,273,54.7,31,28375
141020450,2,,神奈川区,台町,1062,530,456,55.7,31.6,59131
141020460,2,,神奈川区,鶴屋町,161,74,68,60.6,31.7,9756
14102046001,3,,神奈川区,鶴屋町１丁目,22,9,2,59.9,31.4,1318
14102046002,3,,神奈川区,鶴屋町２丁目,83,29,51,52.2,30.5,4333
14102046003,3,,神奈川区,鶴屋町３丁目,56,36,15,73.3,33.1,4105
141020490,2,,神奈川区,金港町,230,5,206,52.7,31.7,12119
141020500,2,,神奈川区,幸ケ谷,341,209,126,68.8,32,23464
141020510,2,,神奈川区,亀住町,271,185,80,65.8,28.7,17830
141020520,2,,神奈川区,栄町,2390,1431,403,63.5,34.6,151830
141020530,2,,神奈川区,山内町,-,-,-,-,-,-
141020540,2,,神奈川区,星野町,1,1,-,99,24.8,99
141020550,2,,神奈川区,新浦島町,920,898,16,71.9,30.3,66174
14102055001,3,,神奈川区,新浦島町１丁目,428,423,4,74.8,28.4,31998
14102055002,3,,神奈川区,新浦島町２丁目,492,475,12,69.5,32.4,34176
141020570,2,*,神奈川区,出田町,,,,,,
141020580,2,,神奈川区,鈴繁町,-,-,-,-,-,-
141020590,2,,神奈川区,橋本町,-,-,-,-,-,-
14102059001,3,,神奈川区,橋本町１丁目,-,-,-,-,-,-
14102059002,3,,神奈川区,橋本町２丁目,-,-,-,-,-,-
14102059003,3,,神奈川区,橋本町３丁目,-,-,-,-,-,-
141020610,2,,神奈川区,瑞穂町,-,-,-,-,-,-
141020620,2,@,神奈川区,千若町,11,1,-,72.1,31.7,793
14102062001,3,@,神奈川区,千若町１丁目,10,1,-,75.7,37.9,757
14102062002,3,*,神奈川区,千若町２丁目,,,,,,
14102062003,3,,神奈川区,千若町３丁目,1,-,-,36,7.2,36
141020650,2,,神奈川区,大野町,264,-,-,76.1,34.9,20082
141020660,2,,神奈川区,桐畑,366,152,189,61,29.1,22331
141020670,2,,神奈川区,高島台,1106,399,418,59.8,28.9,66181
141020680,2,,神奈川区,上反町,722,261,400,55.2,31.1,39842
14102068001,3,,神奈川区,上反町１丁目,394,129,215,53,30.8,20871
14102068002,3,,神奈川区,上反町２丁目,328,132,185,57.8,31.4,18971
141020700,2,,神奈川区,沢渡,738,373,316,71.1,35.5,52476
141020710,2,,神奈川区,松ケ丘,1084,522,305,76.5,32.6,82880
141020720,2,,神奈川区,泉町,324,184,133,60.5,31.9,19597
141020730,2,,神奈川区,反町,1253,480,675,47.4,26.4,59424
14102073001,3,,神奈川区,反町１丁目,562,192,298,43.8,26.3,24602
14102073002,3,,神奈川区,反町２丁目,249,80,154,53.4,27.2,13301
14102073003,3,,神奈川区,反町３丁目,154,40,110,40.5,24.3,6230
14102073004,3,,神奈川区,反町４丁目,288,168,113,53.1,26.6,15290
141020770,2,,神奈川区,松本町,1296,586,672,56.4,30.2,73089
14102077001,3,,神奈川区,松本町１丁目,310,116,186,48,28.6,14867
14102077002,3,,神奈川区,松本町２丁目,216,85,119,54.5,27.7,11766
14102077003,3,,神奈川区,松本町３丁目,324,151,164,63.2,33,20469
14102077004,3,,神奈川区,松本町４丁目,185,71,112,54.1,30.3,10005
14102077005,3,,神奈川区,松本町５丁目,162,105,51,59.2,30.9,9593
14102077006,3,,神奈川区,松本町６丁目,99,58,40,64.6,29.2,6391
141020830,2,,神奈川区,栗田谷,1204,567,558,66.5,35.3,80035
141020840,2,,神奈川区,旭ケ丘,674,402,241,80.2,37,54031
141020850,2,,神奈川区,広台太田町,296,153,132,58.1,27.5,17204
141020860,2,,神奈川区,三ツ沢東町,701,391,253,75.3,33.9,52754
141020870,2,,神奈川区,三ツ沢西町,682,211,304,53.1,23.8,36189
141020880,2,,神奈川区,三ツ沢南町,1069,555,470,69.5,32.9,74340
141020890,2,,神奈川区,三ツ沢上町,1336,575,608,64.8,30.9,86587
141020900,2,,神奈川区,三ツ沢中町,1383,560,483,68.6,31.9,94820
141020910,2,,神奈川区,三ツ沢下町,2234,1188,927,68.3,32.1,152518
141020920,2,,神奈川区,二本榎,422,247,165,76.6,34.8,32346
141020930,2,,神奈川区,中丸,471,135,271,53.4,30.1,25148
141020940,2,,神奈川区,斎藤分町,1953,804,1038,59,31.3,115312
141020950,2,,神奈川区,平川町,835,347,429,55.3,30,46202
141020960,2,,神奈川区,白楽,1107,500,565,68.4,35.2,75675
141020970,2,,神奈川区,六角橋,7623,2922,3962,56.6,30.7,431720
14102097001,3,,神奈川区,六角橋一丁目,1031,328,649,48.8,29.8,50302
14102097002,3,,神奈川区,六角橋二丁目,1349,570,696,55.9,31.2,75412
14102097003,3,,神奈川区,六角橋三丁目,876,243,602,49.3,31.2,43143
14102097004,3,,神奈川区,六角橋四丁目,1224,526,576,58,30.1,70939
14102097005,3,,神奈川区,六角橋五丁目,1300,592,598,69.1,33.4,89882
14102097006,3,,神奈川区,六角橋六丁目,1843,663,841,55.4,28.9,102043
141021030,2,,神奈川区,神大寺,6263,2683,1848,60.3,27.2,377623
14102103001,3,,神奈川区,神大寺一丁目,1445,844,557,64.2,29.3,92771
14102103002,3,,神奈川区,神大寺二丁目,2654,776,449,52.3,25.2,138748
14102103003,3,,神奈川区,神大寺三丁目,1227,724,347,73.3,29.4,89947
14102103004,3,,神奈川区,神大寺四丁目,937,339,495,59.9,26.3,56158
141021080,2,,神奈川区,片倉,5136,2917,1829,69.8,30,358304
14102108001,3,,神奈川区,片倉一丁目,1557,993,467,62.6,26.6,97480
14102108002,3,,神奈川区,片倉二丁目,1195,788,332,86.6,36.3,103440
14102108003,3,,神奈川区,片倉三丁目,281,186,85,77.9,30,21881
14102108004,3,,神奈川区,片倉四丁目,612,192,279,60.9,29.9,37258
14102108005,3,,神奈川区,片倉五丁目,1491,758,666,65.9,28.5,98246
141021090,2,,神奈川区,三枚町,2049,916,945,62.6,27.6,128287
141021100,2,,神奈川区,菅田町,6245,2660,1423,68,26.5,424388
14102110001,3,,神奈川区,菅田町,5424,2177,1117,66.1,25.5,358313
14102110002,3,,神奈川区,菅田町,821,483,306,80.5,34,66075
141021110,2,,神奈川区,羽沢町,6034,3457,2097,68,28.3,410379
14102111001,3,,神奈川区,羽沢町,3181,1805,1296,69,29.8,219568
14102111002,3,,神奈川区,羽沢町,2853,1652,801,66.9,26.6,190811
141021120,2,,神奈川区,神奈川,864,360,426,56.2,29.1,48548
14102112001,3,,神奈川区,神奈川一丁目,266,176,74,67.8,32.4,18023
14102112002,3,,神奈川区,神奈川二丁目,598,184,352,51,27.4,30524
141021140,2,,神奈川区,神奈川本町,458,219,190,51.7,28.7,23670
141021150,2,,神奈川区,東神奈川,1158,670,405,58.4,28.6,67619
14102115001,3,,神奈川区,東神奈川一丁目,472,261,162,60.8,32,28676
14102115002,3,,神奈川区,東神奈川二丁目,686,409,243,56.8,26.5,38944
141021170,2,,神奈川区,新町,455,221,190,48.1,25.3,21872
141021180,2,,神奈川区,浦島町,642,376,249,52.5,26,33721
141021190,2,,神奈川区,青木町,647,249,346,50.2,29.9,32479
141021200,2,,神奈川区,公有水面,-,-,-,-,-,-
