KEY_CODE,HYOSYO,HTKSYU,CITYNAME,NAME,T000055001,T000055002,T000055003,T000055004,T000055005,T000055006
,,,,,ZɏZވʐ,,c؉,Pѓ艄ʐ,Pl艄ʐ,ʐ
14134,1,,Ë,,88865,37094,40768,58.3,26.2,5176781
141344011,2,@,Ë,a,7428,2810,4146,51.9,27.4,385384
14134401101,3,,Ë,aP,551,262,257,53.7,33.2,29581
14134401102,3,,Ë,aQ,1820,565,1171,43.9,27,79931
14134401103,3,,Ë,aR,1699,459,1045,51,26.5,86656
14134401104,3,,Ë,aS,836,279,539,50.5,28.9,42178
14134401105,3,,Ë,aT,1282,723,498,62.5,27.7,80125
14134401106,3,@,Ë,aU,1240,522,636,54,25.6,66913
141344012,2,*,Ë,a,,,,,,
141344021,2,,Ë,vn,3889,1464,2134,54.6,25.6,212432
14134402101,3,,Ë,vnP,1173,384,733,53.9,27.1,63262
14134402102,3,,Ë,vnQ,1072,398,627,55.8,25.6,59785
14134402103,3,,Ë,vnR,542,288,235,57.4,24.6,31124
14134402104,3,,Ë,vnS,1102,394,539,52.9,24.7,58262
141344022,2,,Ë,vn,433,318,80,78.3,30.7,33886
141344030,2,,Ë,Fލ,322,166,91,73.6,28.1,23699
141344041,2,,Ë,q,6564,2143,4041,49.1,26.7,322229
14134404101,3,,Ë,qP,1767,564,1124,48.7,26.7,85995
14134404102,3,,Ë,qQ,1390,348,952,44.2,26.7,61408
14134404103,3,,Ë,qR,1149,397,678,52.4,25.8,60176
14134404104,3,,Ë,qS,866,219,586,44,26.4,38086
14134404105,3,,Ë,qT,818,313,455,54.2,27.9,44356
14134404106,3,,Ë,qU,574,302,246,56.1,27.4,32210
141344051,2,,Ë,c,528,156,344,46,27.8,24277
141344061,2,,Ë,zK,3357,979,2090,47.5,26.1,159594
14134406101,3,,Ë,zKP,1010,328,633,49.4,27.5,49856
14134406102,3,,Ë,zKQ,1218,303,827,43.6,25.2,53115
14134406103,3,,Ë,zKR,1129,348,630,50.2,25.8,56623
141344070,2,,Ë,k,3291,1616,1448,61.9,26.6,203607
14134407001,3,,Ë,kP,875,302,525,58.2,26.7,50926
14134407002,3,,Ë,kQ,1901,1181,587,66,27.1,125484
14134407003,3,,Ë,kR,515,133,336,52.8,24.6,27197
141344080,2,,Ë,,1491,533,665,57.2,25,85269
14134408001,3,,Ë,тP,568,204,210,57.2,24.3,32517
14134408002,3,,Ë,тQ,373,68,239,51.4,26.2,19159
14134408003,3,,Ë,тR,550,261,216,61.1,25.1,33593
141344100,2,,Ë,,3703,1178,2052,56.2,25.2,208161
14134410001,3,,Ë,˂P,1108,267,732,53.2,26.5,58940
14134410002,3,,Ë,˂Q,830,148,594,53.9,24.2,44774
14134410003,3,,Ë,˂R,1765,763,726,59.2,24.9,104447
141344110,2,,Ë,v{,4784,2757,1596,60.5,27.5,289302
14134411001,3,,Ë,v{P,926,388,525,52.2,27.8,48325
14134411002,3,,Ë,v{Q,1402,693,496,54.7,25.9,76671
14134411003,3,,Ë,v{R,2456,1676,575,66.9,28.2,164306
141344120,2,,Ë,쉄,9701,3869,5018,56.1,27.8,544385
14134412001,3,,Ë,쉄,2949,1292,1387,60.6,29.1,178775
14134412002,3,,Ë,쉄,3326,1122,1886,52.5,27.8,174458
14134412003,3,,Ë,쉄,609,275,316,61.2,28.9,37295
14134412004,3,,Ë,쉄,2817,1180,1429,54.6,26.1,153857
141344130,2,,Ë,쉄,4038,1418,1381,59.4,23.8,239664
141344140,2,,Ë,Pu,1018,396,589,60.2,27.9,61279
141344150,2,,Ë,PJ,4011,1918,1785,66.7,28.2,267341
14134415001,3,,Ë,PJP,313,87,205,47.5,24.7,14864
14134415002,3,,Ë,PJQ,1117,560,442,60.7,25,67789
14134415003,3,,Ë,PJR,1055,389,609,59.8,28.4,63137
14134415004,3,,Ë,PJS,529,347,146,82.6,30.7,43721
14134415005,3,,Ë,PJT,524,245,230,69.9,30.2,36608
14134415006,3,,Ë,PJU,473,290,153,87.1,31.6,41222
141344160,2,,Ë,,7260,2875,3485,58,26.4,421132
14134416001,3,,Ë,,3007,1291,1390,54.8,24,164879
14134416002,3,,Ë,,4253,1584,2095,60.3,28.2,256253
141344170,2,,Ë,V,5850,2857,2398,60.1,25.7,351543
14134417001,3,,Ë,VP,431,154,240,60.2,26.8,25956
14134417002,3,,Ë,VQ,557,398,122,73,26.1,40654
14134417003,3,,Ë,VR,1027,462,309,61.9,25.9,63571
14134417004,3,,Ë,VS,994,532,407,59.4,24.5,59002
14134417005,3,,Ë,VT,1270,644,478,58.5,27.2,74334
14134417006,3,,Ë,VU,1571,667,842,56,24.7,88027
141344180,2,,Ë,NV,1412,575,467,64.5,28.8,91078
141344190,2,,Ë,,1757,821,461,69.3,26.2,121830
14134419001,3,,Ë,,1619,733,415,68.2,25.8,110460
14134419002,3,,Ë,,138,88,46,82.4,29.8,11370
141344200,2,,Ë,N,4901,1886,2506,59.6,24.6,291984
14134420001,3,,Ë,N,2709,867,1664,54.3,23.2,147073
14134420002,3,,Ë,N,2192,1019,842,66.1,26.3,144911
141344210,2,,Ë,q,3660,1402,1890,60.9,25.4,222721
14134421001,3,,Ë,q,3270,1076,1827,57.7,24.6,188563
14134421002,3,,Ë,q,390,326,63,87.6,31.4,34158
141344220,2,,Ë,,1223,539,629,58.7,23.7,71746
141344230,2,,Ë,IPJ,2628,1671,325,66.2,24.9,174076
141344240,2,,Ë,v,5616,2747,1147,65.9,25.2,370163
14134424001,3,,Ë,v,1058,476,324,66.7,23.4,70580
14134424002,3,,Ë,v,1570,791,242,61.4,24.4,96407
14134424003,3,,Ë,v,2988,1480,581,68,26.3,203176
