KEY_CODE,HYOSYO,HTKSYU,CITYNAME,NAME,T000055001,T000055002,T000055003,T000055004,T000055005,T000055006
,,,,,ZɏZވʐ,,c؉,Pѓ艄ʐ,Pl艄ʐ,ʐ
14217,1,,쑫s,,14500,10692,2953,106.5,35.9,1543751
142170010,2,,쑫s,q,120,117,1,141.7,38.3,17009
14217001001,3,,쑫s,q,22,22,-,132.6,39.4,2917
14217001002,3,,쑫s,q,98,95,1,143.8,38.1,14093
142170020,2,,쑫s,R,259,250,4,144.7,40.6,37485
142170030,2,,쑫s,,140,136,3,150.8,39.5,21117
142170040,2,,쑫s,O,107,102,2,130.5,37.3,13960
142170050,2,,쑫s,,213,196,16,125.1,39,26654
142170060,2,,쑫s,J,346,243,48,103.1,32.6,35683
142170070,2,,쑫s,Y,80,79,1,119.9,35.3,9590
142170080,2,,쑫s,֖{,1049,708,223,104.1,34.8,109154
142170090,2,,쑫s,L,417,268,51,100.4,32.9,41870
142170100,2,,쑫s,ё,577,459,99,111.1,38,64121
142170110,2,@,쑫s,,839,621,192,106.9,37.8,89670
14217011012,3,*,쑫s,,,,,,,
14217011013,3,*,쑫s,,,,,,,
142170120,2,,쑫s,,551,367,82,100.9,35.5,55601
142170130,2,,쑫s,c,311,195,57,100.3,36.7,31188
142170140,2,,쑫s,{c,478,339,80,116.4,36.5,55662
14217014015,3,,쑫s,{c,96,95,-,153.9,40.8,14774
14217014016,3,,쑫s,{c,362,225,79,105.3,34.5,38105
14217014017,3,,쑫s,{c,20,19,1,139.2,48.8,2783
142170150,2,,쑫s,ǖ,165,162,1,141.1,41.8,23278
142170160,2,,쑫s,s,19,19,-,153.9,40.6,2924
142170170,2,,쑫s,Ó,233,228,4,143.3,43.1,33379
142170180,2,,쑫s,ډ,486,338,87,105.3,34.7,51169
142170190,2,,쑫s,|,572,446,98,111.6,36.6,63837
14217019020,3,,쑫s,|,511,394,89,110.7,37,56563
14217019021,3,,쑫s,|,61,52,9,119.2,33.4,7274
142170200,2,,쑫s,ac͌,1459,992,402,95.7,34.3,139627
142170210,2,,쑫s,`Vh,269,162,105,87.8,30.5,23616
142170220,2,,쑫s,,446,371,70,110,36.2,49053
142170230,2,,쑫s,ˌ,2962,2266,636,108.2,37.3,320614
14217023023,3,,쑫s,ˌ,15,14,1,106.1,38.8,1592
14217023024,3,,쑫s,ˌ,1105,815,262,102.5,35.1,113304
14217023025,3,,쑫s,ˌ,337,260,69,106.3,34.5,35811
14217023026,3,,쑫s,ˌ,37,36,1,145,49.2,5365
14217023027,3,,쑫s,ˌ,477,339,131,99.3,34.9,47388
14217023028,3,,쑫s,ˌ,667,496,165,103.7,36.7,69170
14217023029,3,,쑫s,ˌ,249,235,5,161.1,56.5,40113
14217023030,3,,쑫s,ˌ,8,7,1,116.7,40.6,934
14217023033,3,,쑫s,ˌ,67,64,1,103.6,32.6,6938
142170240,2,,쑫s,O|,232,212,17,123.4,40.3,28623
14217024030,3,*,쑫s,O|,,,,,,
14217024031,3,@,쑫s,O|,90,90,-,150.1,43.1,13505
14217024032,3,,쑫s,O|,142,122,17,106.5,38.1,15118
142170250,2,,쑫s,⌴,1436,943,442,89.7,31.6,128866
14217025030,3,,쑫s,⌴,11,10,1,107,31,1178
14217025033,3,,쑫s,ˌ,1425,933,441,89.6,31.6,127689
142170260,2,,쑫s,c,734,473,232,95.4,34.2,70003
