KEY_CODE,HYOSYO,HTKSYU,CITYNAME,NAME,T000055001,T000055002,T000055003,T000055004,T000055005,T000055006
,,,,,ZɏZވʐ,,c؉,Pѓ艄ʐ,Pl艄ʐ,ʐ
14109,1,,`k,,132457,69684,52748,67.1,29.7,8889097
141090010,2,,`k,e,5914,2823,2686,63.2,31.9,373618
14109001001,3,,`k,e꒚,418,196,182,59.7,30.6,24938
14109001002,3,,`k,e񒚖,805,437,250,76.6,32.6,61658
14109001003,3,,`k,eO,1045,583,414,72.6,34.1,75912
14109001004,3,,`k,el,704,288,380,61,32.7,42914
14109001005,3,,`k,eܒ,799,430,344,72.5,35.3,57935
14109001006,3,,`k,eZ,1307,574,635,54.1,28.9,70764
14109001007,3,,`k,e,836,315,481,47.2,28.9,39497
141090080,2,,`k,,4344,2344,1667,69.6,30,302398
14109008001,3,,`k,,2130,915,1061,65,30.4,138400
14109008002,3,,`k,,2214,1429,606,74.1,29.7,163998
141090090,2,,`k,,2147,1231,791,81.7,35.3,175319
14109009001,3,,`k,꒚,654,379,228,78.8,36,51555
14109009002,3,,`k,񒚖,659,382,232,83.3,35.4,54871
14109009003,3,,`k,O,834,470,331,82.6,34.7,68893
141090120,2,,`k,xm,1955,1231,646,86.8,36,169679
14109012001,3,,`k,xmˈ꒚,831,541,265,87.2,37.2,72463
14109012002,3,,`k,xm˓񒚖,1124,690,381,86.5,35.2,97217
141090140,2,,`k,тu,935,369,510,66.2,36,61907
141090150,2,,`k,k,1976,1048,853,71.7,35.6,141761
14109015001,3,,`k,k꒚,1204,645,519,72,35.6,86643
14109015002,3,,`k,k񒚖,772,403,334,71.4,35.6,55118
141090170,2,,`k,茴,3308,1702,1424,64.7,31.6,214030
14109017001,3,,`k,茴꒚,1465,889,467,67.7,31,99128
14109017002,3,,`k,茴񒚖,1843,813,957,62.3,32.1,114902
141090190,2,,`k,䒬,1158,698,411,75.7,34.8,87645
141090200,2,,`k,,1404,754,568,78.6,35.1,110421
141090210,2,,`k,Vl,2901,1709,751,62.5,29.7,181458
14109021001,3,,`k,Vl꒚,1357,872,168,68.9,28.4,93553
14109021002,3,,`k,Vl񒚖,675,437,172,57.8,31.5,39003
14109021003,3,,`k,VlO,869,400,411,56.3,31,48902
141090240,2,,`k,ݍ,1561,714,764,67.2,30.2,104944
141090250,2,,`k,R,2609,1380,1029,68.1,26.5,177649
141090260,2,,`k,,4577,2708,1614,71.1,28.6,325639
14109026001,3,,`k,,2643,1618,890,73.4,28,193873
14109026002,3,,`k,,1934,1090,724,68.1,29.4,131766
141090270,2,,`k,哤˒,5698,3716,1603,63.3,27.5,360787
14109027001,3,,`k,哤˒,2914,1737,1003,63.8,28.9,185916
14109027002,3,,`k,哤˒,2784,1979,600,62.8,26.1,174871
141090280,2,,`k,t,3838,2378,1273,74.2,30,284898
14109028001,3,,`k,t,1867,1101,669,73.2,31.4,136645
14109028002,3,,`k,t,1971,1277,604,75.2,28.9,148253
141090290,2,,`k,,10197,5560,4027,65.7,29.3,670255
14109029001,3,,`k,,3253,1406,1555,63,30.5,204862
14109029002,3,,`k,,2616,1404,1109,65.1,30.3,170202
14109029003,3,,`k,,1569,900,603,66.9,28,104891
14109029004,3,,`k,,2759,1850,760,69,27.8,190300
141090300,2,,`k,VH,4673,2459,1901,67.2,27.7,313966
14109030001,3,,`k,VH,2538,1501,877,66.9,27.1,169917
14109030002,3,,`k,VH,2135,958,1024,67.5,28.5,144049
141090310,2,,`k,],3474,2049,1235,72.4,32,251373
14109031001,3,,`k,]꒚,1038,597,396,72.7,35.3,75493
14109031002,3,,`k,]񒚖,1219,703,415,72.7,32.3,88612
14109031003,3,,`k,]O,1217,749,424,71.7,29.4,87267
141090340,2,,`k,],1066,598,408,77.3,33.3,82358
141090350,2,,`k,M,5102,2797,2041,61.3,26.6,312919
14109035001,3,,`k,M꒚,1590,764,746,63.4,27.8,100776
14109035002,3,,`k,M񒚖,1456,842,553,58.7,27.1,85436
14109035003,3,,`k,MO,1144,839,255,67.1,25.2,76802
14109035004,3,,`k,Ml,912,352,487,54.7,25.4,49906
141090390,2,,`k,j,5732,2139,3102,56.8,26.4,325462
14109039001,3,,`k,j꒚,1254,283,814,50.9,25.4,63862
14109039002,3,,`k,j񒚖,690,116,522,52.2,27.6,36047
14109039003,3,,`k,jO,1225,406,696,53.2,24.2,65151
14109039004,3,,`k,jl,1086,466,576,57.2,26.4,62120
14109039005,3,,`k,jܒ,1232,730,402,67.1,28.2,82629
14109039006,3,,`k,jZ,245,138,92,63.9,28.6,15654
141090450,2,,`k,j㒬,1283,935,222,75.9,27.3,97354
141090460,2,,`k,j,989,412,538,64.8,31.6,64125
141090470,2,,`k,j,8130,3608,3914,61.1,28,496857
14109047001,3,,`k,j꒚,842,420,358,62.9,31.4,52930
14109047002,3,,`k,j񒚖,1862,738,978,52.2,26.7,97211
14109047003,3,,`k,jO,877,326,507,66.2,32.2,58043
14109047004,3,,`k,jl,1201,404,712,56.4,27.1,67694
14109047005,3,,`k,jܒ,2010,1254,625,71.1,27.6,142823
14109047006,3,,`k,jZ,1338,466,734,58.4,26.6,78156
141090530,2,,`k,֒,4808,2104,2417,50.7,25.1,243750
14109053001,3,,`k,֒꒚,1748,366,1303,35.8,23.8,62578
14109053002,3,,`k,֒񒚖,1923,1368,418,63.2,25.5,121512
14109053003,3,,`k,֒O,1137,370,696,52.5,26,59660
141090560,2,,`k,g,9892,3905,5070,55.9,28.1,552699
14109056001,3,,`k,g꒚,1112,553,508,71.5,35,79472
14109056002,3,,`k,g񒚖,1479,596,803,59.5,32.1,87970
14109056003,3,,`k,gO,1353,356,860,45.1,28.2,61034
14109056004,3,,`k,gl,1186,397,695,50.4,28.6,59719
14109056005,3,,`k,gܒ,1981,778,1054,54.2,25.2,107429
14109056006,3,,`k,gZ,1008,388,389,57.3,25.1,57751
14109056007,3,,`k,g,1773,837,761,56,26,99324
141090630,2,,`k,g{,10554,4725,4484,64.9,30.6,685317
14109063001,3,,`k,g{꒚,1708,622,1004,59.2,34.4,101151
14109063002,3,,`k,g{񒚖,2371,1078,1156,59.7,30.2,141553
14109063003,3,,`k,g{O,2111,966,922,58.9,27.5,124245
14109063004,3,,`k,g{l,2079,606,635,59.3,26.4,123328
14109063005,3,,`k,g{ܒ,996,683,286,90.5,35.3,90161
14109063006,3,,`k,g{Z,1289,770,481,81.4,34.2,104881
141090690,2,,`k,c,5353,3193,1269,79.1,32.1,423303
14109069001,3,,`k,c꒚,555,345,177,79.2,36.7,43934
14109069002,3,,`k,c񒚖,689,409,244,78.6,34.3,54153
14109069003,3,,`k,cO,817,558,218,93.3,35.4,76224
14109069004,3,,`k,cl,1165,327,135,65.6,27.7,76453
14109069005,3,,`k,cܒ,1079,763,260,77.9,30,84039
14109069006,3,,`k,cZ,1048,791,235,84.4,32.7,88499
141090751,2,,`k,Vgc,6210,3994,1956,76.6,30,475978
14109075101,3,,`k,Vgc꒚,1368,848,463,72.8,29.2,99654
14109075102,3,,`k,Vgc񒚖,852,685,144,88.4,33.3,75339
14109075103,3,,`k,VgcO,577,386,157,77.1,28,44479
14109075104,3,,`k,Vgcl,357,188,143,76.4,27.2,27269
14109075105,3,,`k,Vgcܒ,1486,869,556,75.5,30.6,112240
14109075106,3,,`k,VgcZ,1570,1018,493,74.5,29.7,116998
141090752,2,,`k,Vgc,3715,2400,1028,78.9,29.1,293098
14109075201,3,,`k,Vgc,1417,954,380,97.4,35.9,138071
14109075202,3,,`k,Vgc,113,72,37,95.4,34.3,10781
14109075203,3,,`k,Vgc,2027,1268,561,65.3,24.1,132291
14109075204,3,,`k,Vgc,158,106,50,75.7,29,11955
141090761,2,,`k,c,3298,1691,1466,70.1,30.8,231345
14109076101,3,,`k,c꒚,1128,506,570,63,30.1,71075
14109076102,3,,`k,c񒚖,527,332,185,83.9,35.2,44191
14109076103,3,,`k,cO,810,450,326,78.5,33.6,63619
14109076104,3,,`k,cl,833,403,385,63,26.1,52460
141090763,2,,`k,c,3216,2106,957,81,31.4,260648
14109076301,3,,`k,c꒚,577,372,183,66.6,26,38427
14109076302,3,,`k,c񒚖,561,293,225,71.6,29.6,40194
14109076303,3,,`k,cO,628,373,217,82.2,31.6,51616
14109076304,3,,`k,cl,772,543,205,86.8,32.4,66991
14109076305,3,,`k,cܒ,678,525,127,93.5,35.7,63419
141090764,2,,`k,c,269,203,59,99.9,35,26877
14109076402,3,,`k,c,29,24,5,128.1,42.7,3714
14109076404,3,,`k,c,240,179,54,96.5,34.1,23163
141090770,2,,`k,kVl,171,1,64,54.2,26.1,9263
14109077001,3,,`k,kVl꒚,27,1,20,21.7,21.7,585
14109077002,3,,`k,kVl񒚖,144,-,44,60.3,26.5,8679
