KEY_CODE,HYOSYO,HTKSYU,CITYNAME,NAME,T000055001,T000055002,T000055003,T000055004,T000055005,T000055006
,,,,,ZɏZވʐ,,c؉,Pѓ艄ʐ,Pl艄ʐ,ʐ
14101,1,,ߌ,,109394,61897,38204,67,28.7,7330194
141010010,2,,ߌ,单,-,-,-,-,-,-
141010030,2,,ߌ,,6660,3405,2664,55.5,27.6,369330
14101003001,3,,ߌ,꒚,1182,421,512,46,27.1,54384
14101003002,3,,ߌ,񒚖,-,-,-,-,-,-
14101003003,3,,ߌ,O,1897,982,821,52.9,26.9,100410
14101003004,3,,ߌ,l,1931,1077,691,60.7,27.9,117212
14101003005,3,,ߌ,ܒ,1650,925,640,59,28.1,97324
141010080,2,,ߌ,ݒJ,4848,2830,1278,67.5,29.3,327066
14101008001,3,,ߌ,ݒJ꒚,896,510,306,70.1,31.1,62795
14101008002,3,,ߌ,ݒJ񒚖,791,557,200,74.7,30.8,59098
14101008003,3,,ߌ,ݒJO,1564,989,377,67.5,29.6,105548
14101008004,3,,ߌ,ݒJl,1597,774,395,62.4,27.2,99625
141010120,2,,ߌ,ߌ,1248,799,369,60,28.9,74909
14101012001,3,,ߌ,ߌ꒚,812,524,237,64.1,29.2,52025
14101012002,3,,ߌ,ߌ񒚖,436,275,132,52.5,28.1,22884
141010140,2,,ߌ,J,1877,1098,692,75,35.2,140844
14101014001,3,,ߌ,J꒚,1012,584,384,76.8,36.8,77721
14101014002,3,,ߌ,J񒚖,865,514,308,73,33.5,63123
141010160,2,,ߌ,zK,671,399,225,80.6,34.1,54090
141010170,2,,ߌ,L,2267,729,1244,55.2,31.4,125203
141010180,2,,ߌ,ϖ쒬,2109,1106,884,61.2,29.2,129054
141010190,2,,ߌ,n,6097,4004,1752,81.6,31.1,497413
14101019001,3,,ߌ,n꒚,1040,583,423,70.7,28.5,73500
14101019002,3,,ߌ,n񒚖,1010,719,256,83.7,31.7,84580
14101019003,3,,ߌ,nO,880,503,345,80.9,31.3,71185
14101019004,3,,ߌ,nl,950,624,252,85.3,32.6,81061
14101019005,3,,ߌ,nܒ,746,533,184,79.7,31.6,59467
14101019006,3,,ߌ,nZ,614,517,86,95.6,33.8,58709
14101019007,3,,ߌ,nꎵ,857,525,206,80.4,29.3,68912
141010260,2,,ߌ,k,5906,3727,1659,78.6,29.9,464240
14101026001,3,,ߌ,k꒚,827,531,251,83.6,32.7,69153
14101026002,3,,ߌ,k񒚖,519,292,156,82.3,33.6,42724
14101026003,3,,ߌ,kO,753,490,176,77,29,57982
14101026004,3,,ߌ,kl,743,434,200,83,32.2,61695
14101026005,3,,ߌ,kܒ,809,509,261,75,28,60649
14101026006,3,,ߌ,kZ,1102,726,253,79.1,29.1,87175
14101026007,3,,ߌ,k,1153,745,362,73.6,28,84862
141010331,2,,ߌ,qPJ,2483,1638,667,81.8,29.4,203149
14101033101,3,,ߌ,qPJ꒚,1655,1143,367,82.5,29.3,136460
14101033102,3,,ߌ,qPJ񒚖,601,362,219,78.2,29.1,46995
14101033103,3,,ߌ,qPJO,227,133,81,86.8,31.6,19694
141010341,2,,ߌ,,5376,2869,1960,68.3,26.7,366941
14101034101,3,,ߌ,꒚,1077,694,300,73.7,27.9,79383
14101034102,3,,ߌ,񒚖,368,195,130,64.7,25.8,23821
14101034103,3,,ߌ,O,1230,739,403,74.5,27.9,91695
14101034104,3,,ߌ,l,1847,767,797,66.1,26.8,121997
14101034105,3,,ߌ,ܒ,854,474,330,58.6,23.2,50046
141010350,2,,ߌ,㖖g,3745,2367,1229,75.3,29.8,281968
14101035001,3,,ߌ,㖖g꒚,877,556,287,76.2,29.7,66809
14101035002,3,,ߌ,㖖g񒚖,855,661,178,75,29.4,64110
14101035003,3,,ߌ,㖖gO,524,233,257,67.1,28.2,35171
14101035004,3,,ߌ,㖖gl,633,433,175,78.7,29.6,49829
14101035005,3,,ߌ,㖖gܒ,856,484,332,77.2,31.4,66049
141010400,2,,ߌ,g,6104,3346,2189,68.7,29.2,419147
14101040001,3,,ߌ,g꒚,1057,493,509,63.4,30.1,67057
14101040002,3,,ߌ,g񒚖,928,574,311,62.4,26.9,57869
14101040003,3,,ߌ,gO,896,360,443,58.4,27.1,52356
14101040004,3,,ߌ,gl,901,401,433,63.9,30.3,57532
14101040005,3,,ߌ,gܒ,1330,1002,271,83.1,31.6,110565
14101040006,3,,ߌ,gZ,992,516,222,74.4,27.8,73768
141010460,2,,ߌ,R,1939,1209,641,81.7,31.7,158342
14101046001,3,,ߌ,R꒚,833,510,303,72.7,28.6,60592
14101046002,3,,ߌ,R񒚖,1106,699,338,88.4,34.1,97750
141010480,2,,ߌ,Ocr,-,-,-,-,-,-
141010490,2,,ߌ,]P蒬,1203,822,285,70.8,25.6,85140
141010500,2,,ߌ,,8324,4081,3484,60.8,27.8,506405
14101050001,3,,ߌ,꒚,1692,1287,248,68.4,25.6,115683
14101050002,3,,ߌ,񒚖,797,361,407,60.4,29.7,48124
14101050003,3,,ߌ,O,1838,716,885,60.6,28,111430
14101050004,3,,ߌ,l,1642,700,787,57.1,28.2,93740
14101050005,3,,ߌ,ܒ,1307,645,523,60.4,28.5,78948
14101050006,3,,ߌ,Z,1048,372,634,55.8,29.3,58481
141010560,2,,ߌ,s㒬,1300,958,308,72.3,28.6,93966
141010570,2,,ߌ,s꓌,486,257,203,64.9,29.7,31539
141010580,2,,ߌ,sꐼ,581,250,293,58.4,30,33921
141010590,2,,ߌ,sꉺ,755,318,267,62.4,24.7,47122
141010600,2,,ߌ,sa,964,482,428,51.8,26.3,49958
141010610,2,,ߌ,sxm,606,297,284,54.9,26.9,33248
141010620,2,,ߌ,K,2534,1663,769,64,26.9,162217
14101062001,3,,ߌ,K꒚,662,475,167,69.2,27.9,45822
14101062002,3,,ߌ,K񒚖,686,352,292,56.8,26.3,38931
14101062003,3,,ߌ,KO,1186,836,310,65.3,26.7,77464
141010650,2,,ߌ,,593,267,262,65.5,30.9,38814
141010660,2,,ߌ,h,1681,740,826,64.5,28.1,108366
14101066001,3,,ߌ,hʂP,486,197,257,64.2,27.5,31177
14101066002,3,,ߌ,hʂQ,340,203,117,77,29.6,26164
14101066003,3,,ߌ,hʂR,365,144,181,59.9,27.7,21881
14101066004,3,,ߌ,hʂS,490,196,271,59.5,27.7,29144
141010700,2,,ߌ,,3107,2094,911,69.7,27.2,216481
14101070001,3,,ߌ,P,1475,828,572,65.2,27.3,96125
14101070002,3,,ߌ,Q,1632,1266,339,73.7,27.1,120356
141010720,2,,ߌ,䒬,1637,792,727,63.5,27.7,103887
14101072001,3,,ߌ,䒬P,410,234,144,67.5,30.3,27679
14101072002,3,,ߌ,䒬Q,223,116,95,67.3,30.6,15017
14101072003,3,,ߌ,䒬R,575,269,290,61.6,27.2,35399
14101072004,3,,ߌ,䒬S,429,173,198,60.1,24.7,25792
141010760,2,,ߌ,哌,673,480,79,67,23.5,45094
141010770,2,,ߌ,c,2064,1155,789,65.4,27,135056
14101077001,3,,ߌ,cP,642,414,188,67.9,27.8,43586
14101077002,3,,ߌ,cQ,438,272,143,68.1,28.9,29832
14101077003,3,,ߌ,cR,609,300,287,64.6,26,39370
14101077004,3,,ߌ,cS,375,169,171,59.4,25.4,22267
141010810,2,,ߌ,{,1952,969,848,61.7,27.8,120342
14101081001,3,,ߌ,{ʂP,432,198,214,60.4,28.4,26075
14101081002,3,,ߌ,{ʂQ,574,363,186,64,28.3,36762
14101081003,3,,ߌ,{ʂR,427,176,205,66.1,29.4,28207
14101081004,3,,ߌ,{ʂS,519,232,243,56.5,25.3,29298
141010850,2,,ߌ,,1538,701,714,62,28.6,95329
14101085001,3,,ߌ,ʂP,435,191,215,62.2,29,27064
14101085002,3,,ߌ,ʂQ,505,236,213,65.3,30.3,32960
14101085003,3,,ߌ,ʂR,598,274,286,59,26.9,35306
141010880,2,,ߌ,l,402,243,140,62,26.7,24938
14101088001,3,,ߌ,lP,259,131,117,65.5,28.9,16974
14101088002,3,,ߌ,lQ,143,112,23,55.7,23,7964
141010900,2,,ߌ,,1073,878,147,71.8,25.7,77065
14101090001,3,,ߌ,P,343,223,96,66.6,27.5,22835
14101090002,3,,ߌ,Q,730,655,51,74.3,25,54230
141010920,2,@,ߌ,,342,295,34,81.4,29.9,27835
141010930,2,*,ߌ,ٓV,,,,,,
141010940,2,,ߌ,,1141,649,436,64,27.8,73055
14101094001,3,,ߌ,P,461,238,191,59.9,26.9,27597
14101094002,3,,ߌ,Q,266,157,99,66.3,30.3,17625
14101094003,3,,ߌ,R,414,254,146,67.2,27.2,27834
141010970,2,,ߌ,J,1985,1136,723,59.1,26.2,117232
14101097001,3,,ߌ,JP,785,536,217,57.3,24.8,44994
14101097002,3,,ߌ,JQ,334,167,145,57,26.5,19049
14101097003,3,,ߌ,JR,360,157,191,57,28.5,20523
14101097004,3,,ߌ,JS,506,276,170,64.6,26.9,32666
141011010,2,,ߌ,쒬,1060,598,284,69.2,28.9,73378
141011020,2,,ߌ,L,-,-,-,-,-,-
14101102001,3,,ߌ,LP,-,-,-,-,-,-
14101102002,3,,ߌ,LQ,-,-,-,-,-,-
141011040,2,,ߌ,P,16,9,5,54.6,24.2,873
14101104001,3,,ߌ,PP,16,9,5,54.6,24.2,873
14101104002,3,,ߌ,PQ,-,-,-,-,-,-
141011060,2,,ߌ,,-,-,-,-,-,-
141011070,2,,ߌ,{,1521,904,501,59.3,25.3,90138
14101107001,3,,ߌ,{꒚,1060,600,388,60.3,26.2,63881
14101107002,3,,ߌ,{񒚖,461,304,113,57,23.3,26257
141011090,2,,ߌ,,6804,4275,2038,71.8,28.7,488646
14101109001,3,,ߌ,꒚,1741,1060,602,68.6,26.2,119495
14101109002,3,,ߌ,񒚖,807,495,214,71.7,27.8,57831
14101109003,3,,ߌ,O,1233,909,286,71,28.1,87598
14101109004,3,,ߌ,l,798,462,263,79.6,32.3,63529
14101109005,3,,ߌ,ܒ,1049,727,224,71,29.2,74521
14101109006,3,,ߌ,Z,1176,622,449,72.9,30.9,85672
141011150,2,,ߌ,,1014,634,313,79.6,33.4,80744
141011160,2,,ߌ,,1440,889,433,77.7,32.4,111897
141011170,2,,ߌ,k,619,444,139,90.5,38.6,55998
141011180,2,,ߌ,̋{,1862,1290,506,77.7,31,144621
14101118001,3,,ߌ,̋{꒚,1133,778,317,78.2,31.6,88632
14101118002,3,,ߌ,̋{񒚖,729,512,189,76.8,30.1,55989
141011200,2,,ߌ,ߌ,8787,3801,3575,50.7,26.6,445196
14101120001,3,,ߌ,ߌ꒚,1307,463,695,45.9,28.6,60056
14101120002,3,,ߌ,ߌ񒚖,2008,828,654,50.7,25.5,101712
14101120003,3,,ߌ,ߌO,1815,898,589,52.7,25.3,95596
14101120004,3,,ߌ,ߌl,1790,680,840,50.4,27.6,90278
14101120005,3,,ߌ,ߌܒ,1867,932,797,52.3,27.3,97554
141011240,2,,ߌ,单ӓ,-,-,-,-,-,-
141011250,2,,ߌ,Lʒ,-,-,-,-,-,-
