KEY_CODE,HYOSYO,HTKSYU,CITYNAME,NAME,T000055001,T000055002,T000055003,T000055004,T000055005,T000055006
,,,,,ZɏZވʐ,,c؉,Pѓ艄ʐ,Pl艄ʐ,ʐ
14207,1,,s,,86555,55367,22115,83.1,32,7191435
142070010,2,,s,P,1080,701,225,75.5,29.9,81583
14207001000,3,,s,P,388,240,116,72.5,29.2,28143
14207001001,3,,s,PP,272,154,29,67.5,23.9,18366
14207001002,3,,s,PQ,419,307,80,83.6,35.4,35034
14207001003,3,,s,PR,1,-,-,40,10,40
142070050,2,,s,{,2675,1823,778,78.2,30.7,209176
14207005001,3,,s,{P,482,305,162,78.9,31,38022
14207005002,3,,s,{Q,412,314,92,80,30.8,32964
14207005003,3,,s,{R,462,312,138,85.3,31.5,39401
14207005004,3,,s,{S,481,289,174,74.1,31.1,35660
14207005005,3,,s,{T,838,603,212,75.3,29.9,63129
142070100,2,,s,,648,334,248,68.5,32.1,44362
142070110,2,,s,ᏼ,1000,623,329,78.8,32.1,78817
142070120,2,,s,K,835,450,347,74.9,36.2,62559
142070130,2,,s,Vh,285,149,123,74.9,34.7,21345
142070140,2,,s,\ԍ,1879,1111,722,72.9,32.3,136911
14207014001,3,,s,\ԍP,835,505,314,74.1,34.3,61875
14207014002,3,,s,\ԍQ,399,209,177,81.4,33.4,32496
14207014003,3,,s,\ԍR,645,397,231,66,29.1,42540
142070170,2,,s,b,1356,857,449,77,33.6,104405
14207017001,3,,s,bP,904,545,329,70.1,31.9,63339
14207017002,3,,s,bQ,452,312,120,90.9,36.6,41066
142070190,2,,s,,3622,2431,1080,85.5,33.5,309525
14207019001,3,,s,΂P,324,235,83,82.1,30.4,26590
14207019002,3,,s,΂Q,610,389,204,86,35.1,52440
14207019003,3,,s,΂R,682,398,260,79.4,33.5,54159
14207019004,3,,s,΂S,866,576,254,83.7,33.1,72484
14207019005,3,,s,΂T,663,475,170,90.4,34.1,59951
14207019006,3,,s,΂U,457,338,109,91.8,33.9,41956
14207019007,3,,s,΂V,20,20,-,97.3,34.7,1945
142070260,2,,s,C,2561,1697,772,85.3,36.8,218408
14207026001,3,,s,C݂P,453,276,156,82.1,38.7,37173
14207026002,3,,s,C݂Q,529,354,164,85.3,38.9,45127
14207026003,3,,s,C݂R,513,343,154,93.2,37.8,47834
14207026004,3,,s,C݂S,1066,724,298,82.8,34.7,88274
142070300,2,,s,Cݖk,4370,2802,1405,85.7,35.6,374594
14207030001,3,,s,CݖkP,312,166,113,83,37,25886
14207030002,3,,s,CݖkQ,959,593,336,85,36.8,81491
14207030003,3,,s,CݖkR,815,498,291,84.9,36,69181
14207030004,3,,s,CݖkS,1201,825,339,88,35.5,105683
14207030005,3,,s,CݖkT,1083,720,326,85.3,33.9,92353
142070350,2,,s,Cݓ,3501,2490,895,97.9,38.6,342686
14207035001,3,,s,CݓP,662,431,195,95.4,39,63128
14207035002,3,,s,CݓQ,795,523,246,98,37.4,77879
14207035003,3,,s,CݓR,423,332,75,105.8,42.5,44759
14207035004,3,,s,CݓS,481,299,167,102.7,39.2,49395
14207035005,3,,s,CݓT,438,334,93,100.9,39.6,44185
14207035006,3,,s,CݓU,702,571,119,90.2,36.1,63340
142070410,2,,s,,3334,2291,749,84.3,29.3,281015
142070420,2,,s,vVc,153,107,45,88.4,29.3,13529
142070430,2,,s,v,1266,802,436,84.1,30.8,106466
14207043000,3,,s,v,643,340,285,84.3,31.5,54177
14207043001,3,,s,v,623,462,151,83.9,30.1,52289
142070440,2,,s,~,2814,1847,811,80.1,28.5,225539
14207044000,3,,s,~,1382,904,400,84.3,29.7,116455
14207044001,3,,s,~P,718,533,136,77.3,26.4,55501
14207044002,3,,s,~Q,714,410,275,75,28.4,53583
142070470,2,,s,߂,2560,23,13,48.5,21.5,124184
142070480,2,,s,,2715,1738,827,80.6,29.5,218834
142070490,2,,s,lV,2477,1694,657,86.3,31.1,213872
142070500,2,,s,,1028,640,344,79.3,31.4,81565
14207050001,3,,s,P,51,37,14,89.1,35.8,4543
14207050002,3,,s,Q,452,183,258,72,29.7,32551
14207050003,3,,s,R,525,420,72,84.7,32.4,44471
142070530,2,,s,h,2013,1325,491,77.4,28.3,155735
142070540,2,,s,,1324,1084,225,81.4,28.6,107710
142070550,2,,s,,434,160,261,69,25.8,29956
142070580,2,,s,,1328,902,398,87.7,30.4,116447
14207058000,3,,s,,88,68,19,87.6,32.5,7712
14207058001,3,,s,P,624,401,208,79.8,28.1,49794
14207058002,3,,s,Q,616,433,171,95.7,32.3,58941
142070590,2,,s,C,712,518,179,91,33.3,64785
142070600,2,,s,l,2764,5,1,42.2,21.4,116745
142070611,2,,s,,4164,2962,842,86.6,31.4,360721
14207061101,3,,s,P,1047,682,137,81.2,29.3,85065
14207061102,3,,s,Q,613,475,103,87.3,31.5,53516
14207061103,3,,s,R,461,350,104,88.3,30.4,40707
14207061104,3,,s,S,936,679,203,88.4,32.5,82746
14207061105,3,,s,T,279,220,57,92.4,30.8,25781
14207061106,3,,s,U,646,430,184,88.1,34.3,56942
14207061107,3,,s,V,182,126,54,87.7,31.8,15965
142070612,2,,s,,87,55,31,97.6,36.6,8494
142070620,2,,s,,592,567,8,114.5,42.3,67804
142070630,2,,s,Ï,1937,1331,552,77.6,29.4,150400
142070640,2,,s,ԉH,2197,1655,472,90.1,32.4,197945
142070650,2,,s,c,2239,1365,703,82.1,32.4,183903
14207065001,3,,s,cP,459,293,158,82.7,31.4,37981
14207065002,3,,s,cQ,580,250,208,65.2,26.1,37823
14207065003,3,,s,cR,482,405,61,106.1,41.8,51129
14207065004,3,,s,cS,561,383,161,85.4,33.2,47920
14207065005,3,,s,cT,157,34,115,57.7,25.4,9051
142070700,2,,s,c,1098,749,320,88.7,32.8,97380
14207070001,3,,s,cP,259,169,85,89.1,32.3,23064
14207070002,3,,s,cQ,557,387,158,88.7,31.7,49427
14207070003,3,,s,cR,282,193,77,88.3,35.5,24888
142070730,2,,s,ac,2017,1268,680,81.5,30.1,164335
14207073001,3,,s,acP,763,487,255,84.6,30.9,64516
14207073002,3,,s,acQ,448,303,136,83.4,31.6,37353
14207073003,3,,s,acR,806,478,289,77.5,28.4,62466
142070760,2,,s,H,1743,1134,484,84.3,31.1,146914
14207076001,3,,s,HP,661,496,125,89.6,31.9,59195
14207076002,3,,s,HQ,552,279,194,75.7,27.7,41776
14207076003,3,,s,HR,530,359,165,86.7,33.7,45944
142070790,2,,s,,1410,920,440,83.4,30,117637
14207079001,3,,s,тP,523,336,178,81.5,30.8,42645
14207079002,3,,s,тQ,559,345,194,81.1,28.9,45339
14207079003,3,,s,тR,328,239,68,90.4,30.5,29653
142070820,2,,s,,243,158,79,87.8,33.9,21334
142070830,2,,s,㊯,417,183,220,75.3,33.1,31388
142070840,2,,s,{h,630,338,257,76.7,31.6,48350
142070850,2,,s,ԏ,1474,894,342,76.9,29.3,113298
142070860,2,,s,l|,3005,1841,1064,86.4,36.3,259694
14207086001,3,,s,l|P,752,426,297,82.8,34.2,62263
14207086002,3,,s,l|Q,537,306,216,84.8,35.6,45560
14207086003,3,,s,l|R,670,383,263,84.7,37.7,56727
14207086004,3,,s,l|S,1046,726,288,91,37.3,95144
142070900,2,,s,o,692,454,218,89.2,33.8,61695
142070910,2,,s,Ђ΂肪u,668,511,126,90,33,60133
142070920,2,,s,u,655,419,170,86,32,56356
142070930,2,,s,Z,1082,811,245,92.7,34.7,100269
142070940,2,,s,Q,1367,1010,321,95,35.8,129866
14207094001,3,,s,QP,551,442,102,98.3,36,54161
14207094002,3,,s,QQ,816,568,219,92.8,35.6,75705
142070960,2,,s,Ւ,517,370,126,91.2,35.4,47125
142070970,2,,s,xm,749,573,151,82.3,31,61622
142070980,2,,s,a,674,508,141,96.1,35.6,64777
142070990,2,,s,u,1847,1431,369,92.7,33.8,171162
14207099001,3,,s,uP,733,547,174,93.7,36.4,68680
14207099002,3,,s,uQ,1114,884,195,92,32.3,102483
142071010,2,,s,HC,480,423,51,100.2,37.1,48075
142071020,2,,s,l,341,249,71,96.5,37.8,32897
142071030,2,,s,l{,1030,794,214,93.6,34.2,96458
142071040,2,,s,΂l,717,624,80,88.2,32.4,63253
142071050,2,,s,,240,194,45,75.8,31.7,18191
142071060,2,,s,sJ,137,135,2,114.2,39,15645
142071070,2,,s,ڑ,728,684,29,117.4,36.7,85439
142071080,2,,s,,2254,1802,421,99.3,35.6,223734
142071090,2,,s,,390,351,31,113.8,37,44389
