KEY_CODE,HYOSYO,HTKSYU,CITYNAME,NAME,T000055001,T000055002,T000055003,T000055004,T000055005,T000055006
,,,,,ZɏZވʐ,,c؉,Pѓ艄ʐ,Pl艄ʐ,ʐ
14111,1,,`,,83355,54523,17344,76.5,29.6,6375350
141110010,2,,`,Ō,2109,1226,703,65.9,27.1,139040
14111001001,3,,`,Ōˈ꒚,1067,578,388,62.6,26,66793
14111001002,3,,`,Ō˓񒚖,1042,648,315,69.3,28.2,72247
141110030,2,,`,v,4518,2691,1531,70.1,29.9,316501
14111003001,3,,`,vۈ꒚,1145,532,537,63.7,30.7,72883
14111003002,3,,`,vۓ񒚖,1727,948,675,66.9,29.3,115610
14111003003,3,,`,vێO,1646,1211,319,77.8,30,128009
141110060,2,,`,`,6218,3760,1886,70.2,28.7,436307
14111006001,3,,`,`꒚,1198,720,377,67.2,28.2,80479
14111006002,3,,`,`񒚖,1617,1093,426,71.9,28.2,116227
14111006003,3,,`,`O,857,475,355,69.8,29,59839
14111006004,3,,`,`l,668,254,159,58.1,23,38833
14111006005,3,,`,`ܒ,637,376,233,68.4,30.1,43556
14111006006,3,,`,`Z,1241,842,336,78.5,32.1,97372
141110120,2,,`,`쒆,519,271,232,60.6,28.4,31455
141110131,2,,`,쒆,2557,1297,467,69.2,27.2,176953
14111013101,3,,`,쒆꒚,336,194,131,75.3,30,25293
14111013102,3,,`,쒆񒚖,857,610,224,81,28.4,69438
14111013103,3,,`,쒆O,1364,493,112,60.3,25.6,82223
141110140,2,,`,,6908,4593,1425,77.4,28.7,534632
14111014001,3,,`,꒚,254,146,101,78.8,28.8,20015
14111014002,3,,`,񒚖,1174,806,330,80.8,30.5,94815
14111014003,3,,`,O,1005,957,35,75.8,26.2,76171
14111014004,3,,`,l,962,725,206,83.9,32.1,80757
14111014005,3,,`,ܒ,686,316,344,64,26.6,43872
14111014006,3,,`,Z,763,34,25,51.3,20.6,39109
14111014007,3,,`,쎵,427,361,52,94,31.5,40123
14111014008,3,,`,씪,863,671,157,82.4,30.1,71080
14111014009,3,,`,㒚,774,577,175,88.7,31,68691
141110230,2,,`,뒬,8884,4678,713,62.5,24,555022
14111023001,3,,`,뒬,5081,2142,253,58.3,23.2,296039
14111023002,3,,`,뒬,3803,2536,460,68.1,25.1,258984
141110240,2,,`,iJ,18,17,1,149.1,52.6,2684
141110260,2,,`,剪,3445,2096,1192,72.4,31.4,249585
14111026001,3,,`,剪꒚,1693,1117,486,73.9,31.1,125064
14111026002,3,,`,剪񒚖,1548,806,682,68.2,31.4,105560
14111026003,3,,`,剪O,204,173,24,92.9,33,18961
141110290,2,,`,剪,1989,1284,632,65.3,31,129953
14111029001,3,,`,剪꒚,649,524,113,70.2,32.9,45590
14111029002,3,,`,剪񒚖,651,418,210,63.6,30.1,41425
14111029003,3,,`,剪O,689,342,309,62.3,30.2,42939
141110320,2,,`,,6130,4117,1632,76.7,29.8,470327
14111032001,3,,`,꒚,831,645,170,68.9,27.3,57247
14111032002,3,,`,񒚖,1002,559,403,74.2,31.4,74392
14111032003,3,,`,O,1170,815,324,79.8,30.7,93338
14111032004,3,,`,l,549,219,92,62,24.8,34011
14111032005,3,,`,ܒ,1099,830,252,78,28.9,85674
14111032006,3,,`,Z,909,606,274,85,32.9,77291
14111032007,3,,`,,570,443,117,84.9,30.5,48374
141110390,2,,`,ڂJ,5551,4558,802,83.7,30.2,464579
14111039001,3,,`,ڂJ꒚,1430,1277,129,81.7,28.8,116836
14111039002,3,,`,ڂJ񒚖,926,787,110,74.4,27.3,68936
14111039003,3,,`,ڂJO,647,476,139,82.7,31,53536
14111039004,3,,`,ڂJl,954,754,176,92.8,33.6,88576
14111039005,3,,`,ڂJܒ,1594,1264,248,85.8,30.8,136694
141110440,2,,`,iJ,2494,2139,301,83.9,29.7,209133
14111044001,3,,`,iJ꒚,768,665,82,86.6,31.5,66471
14111044002,3,,`,iJ񒚖,436,371,54,85.3,30.4,37208
14111044003,3,,`,iJO,1290,1103,165,81.7,28.5,105455
141110470,2,,`,iJ,5348,3831,1264,81.7,30.6,436874
14111047001,3,,`,iJ꒚,1203,901,257,85.4,32.4,102777
14111047002,3,,`,iJ񒚖,980,582,348,70.2,28.9,68802
14111047003,3,,`,iJO,1042,826,192,84.6,30.9,88179
14111047004,3,,`,iJl,739,540,180,78.5,28.2,58000
14111047005,3,,`,iJܒ,832,553,205,83,30.7,69051
14111047006,3,,`,iJZ,552,429,82,90.7,32.2,50066
141110530,2,,`,ێR,2344,1404,702,89.2,32.9,209141
14111053001,3,,`,ێR꒚,377,109,176,60.3,24.7,22729
14111053002,3,,`,ێR񒚖,993,599,296,91.9,33.3,91274
14111053003,3,,`,ێRO,542,371,146,106.3,38.4,57607
14111053004,3,,`,ێRl,432,325,84,86.9,31.2,37531
141110570,2,,`,`,11413,6714,1899,73.9,29.3,842977
14111057001,3,,`,`꒚,996,676,276,92.7,34,92314
14111057002,3,,`,`񒚖,2698,161,157,48.8,24.5,131531
14111057003,3,,`,`O,594,343,224,70.8,29.2,42033
14111057004,3,,`,`l,1296,1075,176,78.3,30,101453
14111057005,3,,`,`ܒ,895,755,115,84.9,32.2,76026
14111057006,3,,`,`Z,1863,1522,245,64.7,25.5,120457
14111057007,3,,`,`䎵,951,614,258,99.1,35.9,94255
14111057008,3,,`,`䔪,850,543,275,94,32.9,79903
14111057009,3,,`,`㒚,1270,1025,173,82.7,28,105005
141110660,2,,`,R,3255,2729,272,104.3,37.3,339415
14111066001,3,,`,R꒚,1413,1127,150,94.1,33.2,132910
14111066002,3,,`,R񒚖,387,365,11,98.8,35,38230
14111066003,3,,`,RO,696,570,72,111.2,40.5,77383
14111066004,3,,`,Rl,759,667,39,119.8,43.2,90892
141110700,2,,`,ڂJ,1015,856,100,79.1,27.4,80250
141110710,2,,`,,4059,2843,581,91.4,34.5,371194
14111071001,3,,`,꒚,620,467,132,85.5,33.2,53015
14111071002,3,,`,񒚖,451,311,123,87.4,32.8,39402
14111071003,3,,`,O,546,239,77,69.9,26.4,38168
14111071004,3,,`,l,808,381,114,67,25.7,54142
14111071005,3,,`,ܒ,666,583,63,109.8,40.2,73133
14111071006,3,,`,Z,634,540,70,113.6,43.8,71995
14111071007,3,,`,쎵,334,322,2,123.8,44.1,41340
141110780,2,,`,iJ,4581,3419,1009,82.8,29.9,379327
14111078001,3,,`,iJ꒚,424,390,28,98.5,32.4,41745
14111078002,3,,`,iJ񒚖,623,432,150,75.8,27.1,47198
14111078003,3,,`,iJO,1100,695,347,78.7,29,86551
14111078004,3,,`,iJl,680,579,92,76.4,27.5,51952
14111078005,3,,`,iJܒ,1341,1110,205,89.1,32.4,119538
14111078006,3,,`,iJZ,413,213,187,78.3,29.9,32345
