KEY_CODE,HYOSYO,HTKSYU,CITYNAME,NAME,T000055001,T000055002,T000055003,T000055004,T000055005,T000055006
,,,,,ZɏZވʐ,,c؉,Pѓ艄ʐ,Pl艄ʐ,ʐ
14114,1,,J,,47366,26765,12640,76.7,29.1,3634445
141140010,2,,J,J,1364,54,-,64.5,27,87978
141140020,2,,J,J,5078,2628,2140,71.9,30.7,365322
14114002001,3,,J,J꒚,446,304,121,76.2,29.3,33983
14114002002,3,,J,J񒚖,980,575,283,75.3,31.4,73762
14114002003,3,,J,JO,544,263,266,70.2,32,38166
14114002004,3,,J,Jl,1617,669,869,63.7,29.3,102976
14114002005,3,,J,Jܒ,1017,469,478,73.3,29.4,74570
14114002006,3,,J,JZ,474,348,123,88.3,36.2,41864
141140081,2,,J,{,3309,2363,840,83.2,30.1,275194
14114008101,3,,J,{꒚,1188,970,196,85.4,30.8,101490
14114008102,3,,J,{񒚖,1500,921,509,77.6,28.7,116387
14114008103,3,,J,{O,483,357,116,88.2,31.9,42602
14114008104,3,,J,{l,138,115,19,106.6,33,14716
141140090,2,,J,c,3563,1822,1044,71.4,28.5,254328
141140100,2,,J,Oc,3605,2053,1121,73.3,29.8,264091
14114010000,3,,J,Oc,3514,2052,1121,73.5,30.1,258246
14114010001,3,,J,Oc,91,1,-,64.2,21.9,5845
141140111,2,,J,va,3007,2029,808,83.9,30,252391
14114011101,3,,J,va꒚,703,508,180,86.2,31.1,60574
14114011102,3,,J,va񒚖,1052,769,274,89.2,31.6,93826
14114011103,3,,J,vaO,752,559,149,85.1,30.2,63958
14114011104,3,,J,val,500,193,205,68.1,24.5,34034
141140113,2,,J,va,3279,2130,788,77,27.3,252502
14114011301,3,,J,va꒚,984,688,240,71.6,25.9,70476
14114011302,3,,J,va񒚖,1022,689,258,80.1,27.5,81834
14114011303,3,,J,vaO,802,596,177,82.6,29.6,66224
14114011304,3,,J,val,471,157,113,72.1,26.2,33967
141140114,2,,J,va,2030,674,120,68.3,23.4,138672
14114011401,3,,J,va꒚,144,121,22,104.7,34.4,15084
14114011402,3,,J,va񒚖,295,233,52,80,27.4,23611
14114011403,3,,J,vaO,137,121,9,112.2,34.9,15374
14114011404,3,,J,val,1454,199,37,58.2,20.2,84604
141140120,2,,J,k,108,103,5,91.2,26.6,9850
141140130,2,,J,܊іڒ,989,846,126,90.8,33.1,89828
141140140,2,,J,ڍ,59,57,-,89.3,27,5271
141140150,2,,J,㐣J,949,376,239,72.7,26.7,68986
141140160,2,,J,|,342,223,106,82.1,29.9,28084
141140170,2,,J,~,547,338,189,78.5,28.8,42928
14114017001,3,,J,~꒚,417,241,161,76,28.1,31691
14114017002,3,@,J,~񒚖,130,97,28,86.4,31.1,11236
14114017003,3,*,J,~O,,,,,,
141140200,2,,J,{,3450,2119,1090,76.2,28.9,262979
14114020001,3,,J,{꒚,1033,672,344,76.6,28.7,79146
14114020002,3,,J,{񒚖,1267,748,321,75.3,27.9,95396
14114020003,3,,J,{O,875,514,341,76.8,30.9,67173
14114020004,3,,J,{l,275,185,84,77.3,28.3,21264
141140240,2,,J,,636,557,69,108.8,38.4,69166
141140250,2,@,J,쐣J,1154,920,218,90,33.1,103849
14114025001,3,,J,쐣J꒚,911,711,185,88.9,32.5,81016
14114025002,3,@,J,쐣J񒚖,243,209,33,94,35.2,22834
141140270,2,*,J,{,,,,,,
141140280,2,,J,,1909,526,143,71.2,27.6,136010
14114028001,3,,J,꒚,972,399,117,77.9,29,75741
14114028002,3,,J,񒚖,937,127,26,64.3,26,60268
141140300,2,,J,J,2925,2039,797,82.2,28.7,240447
14114030001,3,,J,J꒚,623,443,166,83.1,27.2,51794
14114030002,3,,J,J񒚖,1019,638,327,80,28.7,81507
14114030003,3,,J,JO,1283,958,304,83.5,29.5,107146
141140330,2,,J,,3507,1493,814,71.6,27.7,251098
14114033001,3,,J,ˈ꒚,1649,505,205,66,26.3,108789
14114033002,3,,J,˓񒚖,667,206,231,69.2,26,46177
14114033003,3,,J,ˎO,1191,782,378,80.7,30.6,96132
141140360,2,,J,kV,802,523,259,80.1,27.1,64240
141140370,2,,J,,3704,2134,1475,76.3,29.7,282446
14114037001,3,,J,꒚,563,201,351,65,27.7,36621
14114037002,3,,J,񒚖,557,331,214,78.9,29.6,43960
14114037003,3,,J,O,484,249,213,76,29.8,36794
14114037004,3,,J,l,522,266,246,74.1,29.8,38687
14114037005,3,,J,ܒ,473,337,128,80.2,28.4,37911
14114037006,3,,J,Z,459,285,159,76.1,32.6,34949
14114037007,3,,J,򎵒,646,465,164,82.9,30.4,53525
141140440,2,,J,,841,560,245,78,30.7,65605
141140450,2,,J,,209,198,4,110.9,40.9,23182
