KEY_CODE,HYOSYO,HTKSYU,CITYNAME,NAME,T000055001,T000055002,T000055003,T000055004,T000055005,T000055006
,,,,,ZɏZވʐ,,c؉,Pѓ艄ʐ,Pl艄ʐ,ʐ
14216,1,,Ԏs,,50003,30807,15745,72.9,29.1,3644938
142160301,2,,Ԏs,I,2317,1687,520,82.5,29.2,191107
14216030101,3,,Ԏs,IP,575,403,155,86.5,31.6,49736
14216030102,3,,Ԏs,IQ,333,254,73,84.3,30.4,28064
14216030103,3,,Ԏs,IR,471,378,87,80.7,27.2,38008
14216030104,3,,Ԏs,IS,430,311,98,81.2,28.7,34902
14216030105,3,,Ԏs,IT,425,276,90,76.3,27.1,32438
14216030106,3,,Ԏs,IU,83,65,17,95.9,32.1,7960
142160302,2,,Ԏs,I,704,428,189,78.2,27.4,55037
14216030201,3,,Ԏs,IP,290,192,47,80.2,28.1,23244
14216030202,3,,Ԏs,IQ,414,236,142,76.8,26.9,31793
142160303,2,,Ԏs,I,447,321,110,87.6,32.4,39176
142160400,2,,Ԏs,͂u,9957,5699,3959,64.1,28.6,638440
14216040001,3,,Ԏs,͂uP,2137,1023,1033,54.5,26.8,116514
14216040002,3,,Ԏs,͂uQ,1584,795,741,62.3,29.5,98675
14216040003,3,,Ԏs,͂uR,1335,677,632,65,29,86723
14216040004,3,,Ԏs,͂uS,1590,1102,469,68.9,28.8,109554
14216040005,3,,Ԏs,͂uT,1907,922,900,62,29.4,118229
14216040006,3,,Ԏs,͂uU,1404,1180,184,77.5,28.5,108746
142160500,2,,Ԏs,lcJ,902,550,265,81.7,30.2,73651
142160600,2,,Ԏs,Vch,854,633,207,93.9,31.1,80165
142160700,2,,Ԏs,,2134,1330,528,84.5,33.4,180310
14216070001,3,,Ԏs,P,534,222,223,70.6,27.1,37675
14216070002,3,,Ԏs,Q,633,469,128,88.1,35.6,55781
14216070003,3,,Ԏs,R,967,639,177,89.8,35.6,86854
142160800,2,,Ԏs,΃Pu,3218,1730,1400,76,32.7,244710
14216080001,3,,Ԏs,΃PuP,324,90,212,74,29.8,23966
14216080002,3,,Ԏs,΃PuQ,511,345,149,93.9,35.8,47980
14216080003,3,,Ԏs,΃PuR,998,583,395,73.7,31.7,73537
14216080004,3,,Ԏs,΃PuS,654,309,332,63.5,29.4,41505
14216080005,3,,Ԏs,΃PuT,330,186,138,81.2,35.2,26807
14216080006,3,,Ԏs,΃PuU,401,217,174,77.1,36.4,30916
142160900,2,,Ԏs,,375,232,128,78.4,32.4,29410
142161000,2,@,Ԏs,L,1076,798,256,77.6,29.5,83475
14216100001,3,*,Ԏs,LP,,,,,,
14216100002,3,*,Ԏs,LQ,,,,,,
142161100,2,,Ԏs,,1698,1398,251,74.1,26.9,125750
14216110001,3,,Ԏs,P,561,458,89,70.9,26.8,39795
14216110002,3,,Ԏs,Q,1137,940,162,75.6,27,85955
142161200,2,,Ԏs,,1942,1285,382,91.5,32.6,177731
14216120001,3,,Ԏs,ԂP,1058,802,205,100.4,33.6,106256
14216120002,3,,Ԏs,ԂQ,884,483,177,80.9,31.2,71475
142161300,2,,Ԏs,,4452,1942,2143,60,27.4,267134
14216130001,3,,Ԏs,P,1459,633,752,54.8,27.8,79881
14216130002,3,,Ԏs,Q,1234,633,449,68.7,27.1,84789
14216130003,3,,Ԏs,R,1146,489,532,59.3,26.6,67902
14216130004,3,,Ԏs,S,613,187,410,56.4,29.1,34562
142161400,2,,Ԏs,J,7384,4801,2255,74.1,29.8,546896
14216140001,3,,Ԏs,JP,1107,654,417,77.3,28.7,85553
14216140002,3,,Ԏs,JQ,362,329,30,93.5,35.1,33857
14216140003,3,,Ԏs,JR,995,616,337,77,30.7,76579
14216140004,3,,Ԏs,JS,2840,2060,645,69.3,28.8,196692
14216140005,3,,Ԏs,JT,2080,1142,826,74.1,30.4,154214
142161500,2,,Ԏs,Ђ΂肪u,5742,4119,1088,74.5,27.2,427757
14216150001,3,,Ԏs,Ђ΂肪uP,1490,1013,434,76.8,28,114405
14216150002,3,,Ԏs,Ђ΂肪uQ,1249,1006,209,78.5,28.4,98086
14216150003,3,,Ԏs,Ђ΂肪uR,1429,1172,222,77.1,27.4,110158
14216150004,3,,Ԏs,Ђ΂肪uS,420,381,34,73.3,26.2,30787
14216150005,3,,Ԏs,Ђ΂肪uT,1154,547,189,64.4,24.9,74320
142161600,2,,Ԏs,,3069,1566,952,70.9,27,217511
14216160001,3,,Ԏs,P,426,259,139,72.9,26,31069
14216160002,3,,Ԏs,Q,607,308,243,64.5,24.9,39123
14216160003,3,,Ԏs,R,672,351,298,70.5,29.4,47405
14216160004,3,,Ԏs,S,661,414,224,78.8,31.9,52088
14216160005,3,,Ԏs,T,703,234,48,68,23.5,47827
142161700,2,,Ԏs,ݖ,1047,385,453,62.1,27.9,64986
14216170001,3,,Ԏs,ݖP,635,200,248,58.7,26.5,37248
14216170002,3,,Ԏs,ݖQ,256,90,151,58.4,28.4,14953
14216170003,3,,Ԏs,ݖR,156,95,54,82,32.4,12785
142161800,2,,Ԏs,I,2685,1903,659,75.1,27.9,201692
14216180001,3,,Ԏs,IP,307,250,57,82.7,26.9,25394
14216180002,3,,Ԏs,IQ,181,146,31,84.9,29.1,15365
14216180003,3,,Ԏs,IR,349,210,125,69.4,25.7,24224
14216180004,3,,Ԏs,IS,724,461,184,71.8,27.9,51967
14216180005,3,,Ԏs,IT,470,287,167,69.4,27.1,32598
14216180006,3,,Ԏs,IU,654,549,95,79.7,29.9,52144
142169900,2,,Ԏs,,-,-,-,-,-,-
14216990001,3,,Ԏs,,-,-,-,-,-,-
14216990002,3,,Ԏs,,-,-,-,-,-,-
