KEY_CODE,HYOSYO,HTKSYU,CITYNAME,NAME,T000055001,T000055002,T000055003,T000055004,T000055005,T000055006
,,,,,ZɏZވʐ,,c؉,Pѓ艄ʐ,Pl艄ʐ,ʐ
14211,1,,`s,,63755,38509,20907,81.9,32.1,5220618
142110010,2,,`s,{,1181,502,243,73.8,32,87166
14211001001,3,,`s,{P,199,111,76,86.9,43.8,17295
14211001002,3,,`s,{Q,282,187,88,89.2,39.2,25156
14211001003,3,,`s,{R,700,204,79,63.9,26.5,44715
142110040,2,,`s,͌,219,160,52,83.8,34.4,18354
142110050,2,,`s,,298,212,74,92.4,34.6,27524
142110060,2,,`s,L,113,87,22,102.9,37.3,11631
142110070,2,,`s,D,203,117,12,89.9,32.5,18241
142110080,2,,`s,],3623,2570,801,90.4,32.3,327593
14211008001,3,,`s,]P,180,131,45,106.1,37.1,19091
14211008002,3,,`s,]Q,315,195,107,88.2,34.4,27789
14211008010,3,,`s,],2974,2152,595,90,31.8,267716
14211008011,3,,`s,],154,92,54,84.4,33,12997
142110100,2,,`s,,177,120,47,100.6,43,17813
142110110,2,,`s,h,184,146,32,107,40.3,19680
142110120,2,,`s,,133,88,38,94.5,37.5,12565
142110130,2,,`s,K,171,106,58,98.9,36.4,16910
142110140,2,,`s,,367,260,88,101,37.4,37081
14211014001,3,,`s,P,174,140,30,111.7,39.9,19444
14211014002,3,,`s,Q,193,120,58,91.4,35,17637
142110160,2,,`s,_,296,199,89,92.1,35,27264
142110170,2,,`s,Ђ΂Pu,294,155,131,90.1,33.1,26476
142110180,2,,`s,xm,113,73,26,94,33.3,10619
142110200,2,,`s,,534,319,199,73,29.2,38972
142110210,2,,`s,V,344,236,97,93.8,33.9,32256
142110220,2,,`s,钣,283,107,147,68.3,31.2,19341
142110230,2,,`s,Β,483,273,169,82.6,30.7,39918
142110240,2,,`s,,305,199,99,97,32.8,29590
142110250,2,,`s,,2401,1383,942,86.4,30.5,207424
142110260,2,,`s,㍡쒬,273,186,78,102.8,38.8,28078
142110270,2,,`s,쒬,389,292,87,81.8,34.4,31828
142110280,2,,`s,,1968,1161,768,84.9,31.4,167106
142110290,2,,`s,`,171,67,97,78.8,34.5,13478
142110300,2,,`s,,356,229,120,82.4,32.2,29336
142110310,2,,`s,K,1303,732,494,83,33.3,108167
142110320,2,,`s,|,386,220,157,91,31.6,35109
142110330,2,,`s,삪u,1471,1435,20,88.8,28,130687
14211033001,3,,`s,삪uP,25,24,-,132,36.3,3299
14211033002,3,,`s,삪uQ,619,610,5,85.2,28.6,52767
14211033003,3,,`s,삪uR,659,634,15,84.3,25.8,55526
14211033004,3,,`s,삪uS,23,23,-,122.2,33.9,2811
14211033005,3,,`s,삪uT,145,144,-,112.3,32.9,16283
142110340,2,,`s,,141,77,63,87.1,31.4,12276
14211034001,3,,`s,P,35,27,8,99.3,34.1,3474
14211034002,3,,`s,Q,20,4,16,71,29,1420
14211034003,3,,`s,R,86,46,39,85.8,30.8,7381
142110350,2,,`s,,300,133,153,89,31.4,26713
14211035001,3,,`s,P,81,28,50,84.5,31.6,6847
14211035002,3,,`s,Q,8,8,-,138,38.1,1104
14211035003,3,,`s,R,211,97,103,88.9,31.1,18762
142110380,2,,`s,,554,406,94,91.5,32.2,50705
142110390,2,,`s,Ö,756,624,76,106.2,35.3,80320
142110400,2,,`s,R,425,393,28,119.7,37.1,50887
142110410,2,,`s,,51,50,1,131.9,34.8,6726
142110420,2,,`s,,185,178,4,125.1,39.1,23136
142110430,2,,`s,c,2124,1811,284,94.4,32.6,200571
142110440,2,,`s,c,1215,846,338,94.3,33.3,114612
142110450,2,,`s,,228,84,136,73,26.4,16654
142110460,2,,`s,H,683,480,174,90.4,30.7,61720
142110470,2,,`s,,753,650,78,112.9,35.3,85039
142110480,2,,`s,,234,220,11,128.2,38.2,29994
142110490,2,,`s,ː,2194,1704,320,94,30.8,206250
142110500,2,,`s,O,344,256,81,90.1,31,30987
142110512,2,,`s,ߊk,1692,883,767,65.5,32,110803
14211051201,3,,`s,ߊkP,586,311,260,64.1,32.3,37591
14211051202,3,,`s,ߊkQ,642,351,276,66.4,33.8,42612
14211051203,3,,`s,ߊkR,464,221,231,66,29.5,30601
142110513,2,,`s,ߊ,4152,1915,1777,64,30.1,265560
14211051301,3,,`s,ߊP,872,254,601,51.3,29.9,44699
14211051302,3,,`s,ߊQ,1158,384,369,59.7,28.2,69157
14211051303,3,,`s,ߊR,397,224,165,77.6,33.4,30805
14211051304,3,,`s,ߊS,1090,634,433,68.9,30.6,75109
14211051305,3,,`s,ߊT,635,419,209,72.1,30.9,45791
142110514,2,,`s,ߊ,1068,623,432,74.4,30.2,79441
14211051400,3,,`s,ߊ,289,199,87,86.8,31.2,25089
14211051401,3,,`s,ߊ,779,424,345,69.8,29.8,54352
142110520,2,,`s,k,2949,1397,1472,67,32.3,197669
14211052000,3,,`s,k,2594,1323,1214,70.1,32.8,181845
14211052001,3,,`s,k,355,74,258,44.6,27.3,15824
142110530,2,,`s,,7994,3322,4539,58.2,30.2,465516
14211053001,3,,`s,P,516,46,462,33.2,26.1,17111
14211053002,3,,`s,Q,788,164,609,38.3,27.5,30193
14211053003,3,,`s,R,469,109,354,47.2,29.3,22159
14211053004,3,,`s,S,582,260,308,61.4,30.6,35712
14211053005,3,,`s,T,498,222,261,67,31.3,33346
14211053010,3,,`s,,984,427,518,54.8,28.4,53876
14211053011,3,,`s,,2497,1106,1374,57.5,29.6,143591
14211053012,3,,`s,,1660,988,653,78,33,129528
142110540,2,,`s,,2554,560,529,59.8,27.6,152759
142110550,2,,`s,ؒ,595,386,197,92.3,32.6,54900
142110560,2,,`s,퐶,445,277,159,90.3,34.2,40171
142110570,2,,`s,t,415,276,108,92.2,35.7,38250
142110580,2,,`s,,326,222,93,94.1,34.9,30668
142110590,2,,`s,x,2407,1708,648,90.5,32,217918
142110600,2,,`s,x,1240,787,390,87.3,30.9,108213
142110610,2,,`s,xR,1119,749,292,96.7,32,108256
142110620,2,,`s,V,579,425,148,89.7,31,51939
142110630,2,,`s,,268,160,98,99.1,41.5,26566
14211063001,3,,`s,P,146,94,48,106.3,40.8,15517
14211063002,3,,`s,Q,122,66,50,90.6,42.5,11049
142110650,2,,`s,ᏼ,264,133,122,75.7,31.1,19994
142110660,2,,`s,u,590,343,235,81.9,33.2,48331
142110670,2,,`s,ȏ,886,438,406,85.4,36.2,75690
14211067001,3,,`s,ȏP,395,209,164,86.7,38.1,34261
14211067002,3,,`s,ȏQ,491,229,242,84.4,34.7,41429
142110700,2,,`s,ȌE,136,123,11,111.5,37.6,15165
142110710,2,,`s,瑺,155,134,19,115.9,37,17965
142110720,2,,`s,a,3041,2024,914,88.7,33.2,269628
14211072000,3,,`s,a,1131,856,247,95.4,33.6,107867
14211072001,3,,`s,aP,493,285,194,80.5,31.1,39671
14211072002,3,,`s,aQ,912,445,416,76.6,31.4,69884
14211072003,3,,`s,aR,505,438,57,103.4,37.2,52206
142110730,2,,`s,a,354,202,143,82.9,29.9,29358
14211073001,3,,`s,aP,201,95,99,74.5,27.3,14975
14211073002,3,,`s,aQ,153,107,44,94,33.2,14384
142110740,2,,`s,瑺,1494,1143,320,87.9,31.9,131368
14211074001,3,,`s,瑺P,287,177,98,86.9,32.8,24941
14211074002,3,,`s,瑺Q,230,152,69,88.6,32.1,20376
14211074003,3,,`s,瑺R,448,413,33,85,30.2,38098
14211074004,3,,`s,瑺S,273,211,58,93.6,34,25566
14211074005,3,,`s,瑺T,256,190,62,87.5,31.4,22388
142110750,2,,`s,Ҋ,481,422,55,114.2,38.2,54923
142110760,2,,`s,O,115,111,-,124.8,39.7,14356
142110770,2,,`s,,111,105,3,134.2,40.4,14900
142110780,2,,`s,,99,95,2,136.5,38.8,13516
