KEY_CODE,HYOSYO,HTKSYU,CITYNAME,NAME,T000055001,T000055002,T000055003,T000055004,T000055005,T000055006
,,,,,ZɏZވʐ,,c؉,Pѓ艄ʐ,Pl艄ʐ,ʐ
14212,1,,؎s,,86439,50087,28776,78.3,31.4,6764691
142120010,2,,؎s,},607,287,256,72.7,29.3,44114
14212001001,3,,؎s,}P,460,223,180,75.8,29.1,34863
14212001002,3,,؎s,}Q,147,64,76,62.9,30.1,9251
142120030,2,,؎s,,781,378,361,63.4,32.1,49522
142120040,2,,؎s,,425,300,111,71.6,33.5,30442
142120050,2,,؎s,,1214,835,311,76.9,34.5,93344
14212005001,3,,؎s,P,457,337,105,73.1,34.2,33398
14212005002,3,,؎s,Q,513,355,121,77.7,33.8,39862
14212005003,3,,؎s,R,244,143,85,82.3,36.5,20084
142120080,2,,؎s,,1265,496,624,61.8,28.5,78127
14212008001,3,,؎s,P,536,242,270,66.7,30,35731
14212008002,3,,؎s,Q,729,254,354,58.2,27.5,42396
142120100,2,,؎s,ؒ,363,242,103,71.6,34,26002
142120110,2,,؎s,,1376,645,572,54.9,30.8,75475
14212011001,3,,؎s,P,300,228,57,74.7,33.7,22422
14212011002,3,,؎s,Q,160,27,117,39.8,31.2,6362
14212011003,3,,؎s,R,551,289,234,56.6,30.5,31206
14212011004,3,,؎s,S,365,101,164,42.4,27.6,15487
142120150,2,,؎s,h,1634,747,753,56.3,29.4,92020
14212015001,3,,؎s,hP,1016,475,460,55.4,29.8,56305
14212015002,3,,؎s,hQ,618,272,293,57.8,28.7,35716
142120170,2,,؎s,c,723,303,368,58.6,29.5,42366
142120180,2,,؎s,K,420,203,203,61.8,31.6,25970
142120190,2,,؎s,,453,211,223,55.9,30.1,25315
142120200,2,,؎s,,-,-,-,-,-,-
142120210,2,,؎s,,3860,1726,1622,66.2,32.6,255345
14212021001,3,,؎s,P,493,208,228,60.8,31.5,29971
14212021002,3,,؎s,Q,656,286,244,63.2,31.2,41435
14212021003,3,,؎s,R,775,397,345,74.5,33.6,57745
14212021004,3,,؎s,S,436,137,182,63.6,31.7,27731
14212021005,3,,؎s,T,1500,698,623,65.6,33.4,98463
142120260,2,,؎s,Ȓ,661,-,-,40.4,17.3,26719
142120270,2,,؎s,쒬,372,275,56,102.9,41,38290
142120280,2,,؎s,˒m,2161,1495,574,87.1,31.8,188302
142120290,2,,؎s,P,63,57,2,146.6,41.8,9235
142120300,2,,؎s,R,2750,1657,1017,76,29.8,208901
142120310,2,,؎s,֌,1668,850,794,70.6,30.5,117721
142120320,2,,؎s,˒m,916,731,167,86.6,32.1,79284
142120330,2,,؎s,˒m,1038,484,524,74.8,28.9,77671
142120340,2,,؎s,c,1304,767,477,84,32.3,109545
142120350,2,,؎s,,1798,1055,668,79.7,30.5,143294
142120360,2,,؎s,I,375,229,134,91.1,35.1,34178
142120371,2,,؎s,Oc,1475,695,624,68.4,28.7,100884
14212037101,3,,؎s,OcP,376,201,39,66.6,24.8,25045
14212037102,3,,؎s,OcQ,528,233,285,68.7,28.7,36258
14212037103,3,,؎s,OcR,571,261,300,69.3,31.9,39581
142120372,2,,؎s,Oc,2388,1545,776,81.1,31.1,193776
142120381,2,,؎s,y,1064,435,278,64.7,27.4,68829
14212038101,3,,؎s,yP,622,169,150,56,24.1,34859
14212038102,3,,؎s,yQ,442,266,128,76.9,32,33970
142120382,2,,؎s,y,260,219,41,114.6,40.1,29802
142120390,2,,؎s,,2185,1016,1067,76.5,29.1,167209
14212039001,3,,؎s,тP,336,120,202,74.1,29.6,24888
14212039002,3,,؎s,тQ,939,485,418,73,27.4,68510
14212039003,3,,؎s,тR,268,146,109,84.5,31.1,22657
14212039004,3,,؎s,тS,468,188,255,76.9,31.1,35998
14212039005,3,,؎s,тT,174,77,83,87.1,29.9,15155
142120400,2,,؎s,ȓc,1026,425,538,71.3,28.4,73161
14212040001,3,,؎s,ȓcP,863,345,461,69.2,27.7,59752
14212040002,3,,؎s,ȓcQ,163,80,77,82.3,32,13409
142120410,2,,؎s,ȓc,2503,1526,683,74.5,29.3,186463
14212041001,3,,؎s,ȓcP,1433,957,236,73.4,27.8,105247
14212041002,3,,؎s,ȓcQ,440,254,157,79.4,35.5,34926
14212041003,3,,؎s,ȓcR,630,315,290,73.5,28.8,46290
142120450,2,,؎s,ȓc,1690,920,652,80.6,30.3,136258
14212045001,3,,؎s,ȓcP,541,280,186,83.4,29.6,45136
14212045002,3,,؎s,ȓcQ,550,284,242,79.5,32.2,43704
14212045003,3,,؎s,ȓcR,599,356,224,79.2,29.5,47418
142120480,2,,؎s,ȓck,2545,1530,972,72.5,29.6,184476
14212048001,3,,؎s,ȓckP,742,544,186,70.9,28.9,52585
14212048002,3,,؎s,ȓckQ,469,273,188,75.4,30,35374
14212048003,3,,؎s,ȓckR,1021,553,448,70.7,29,72137
14212048004,3,,؎s,ȓckS,313,160,150,77.9,32.3,24380
142120520,2,,؎s,q,666,352,76,78.1,30.7,52031
14212052001,3,,؎s,qP,255,178,73,86.6,34.8,22086
14212052002,3,,؎s,qQ,177,174,3,116.7,40.6,20656
14212052003,3,,؎s,qR,234,-,-,39.7,16.9,9289
142120551,2,,؎s,݂͂,601,586,9,109.5,33.5,65782
14212055101,3,,؎s,݂͂P,364,364,-,110.9,33.2,40366
14212055102,3,,؎s,݂͂Q,237,222,9,107.2,33.9,25416
142120552,2,,؎s,܂,736,690,30,104.8,37.5,77143
142120553,2,,؎s,㉬,1548,1294,221,106,35,164064
142120560,2,,؎s,,412,348,52,122.7,38.9,50532
142120570,2,,؎s,,3347,1500,1766,67.4,29.1,225564
142120580,2,,؎s,Δ,2784,1722,402,83,32,231104
14212058001,3,,؎s,ΔP,574,470,94,101.6,36.7,58327
14212058002,3,,؎s,ΔQ,720,458,114,80.4,30.3,57873
14212058003,3,,؎s,ΔR,675,192,-,50.3,23,33982
14212058004,3,,؎s,ΔS,373,240,125,90.4,34.1,33730
14212058005,3,,؎s,ΔT,442,362,69,106.8,37.4,47193
142120630,2,,؎s,юR,4775,2727,1873,79.3,32.2,378449
142120640,2,,؎s,Ñ,198,190,3,128.8,40.3,25500
142120650,2,,؎s,Ñ,210,184,19,116.9,37.7,24552
142120660,2,,؎s,{̗,837,731,39,105.3,34.3,88129
14212066001,3,,؎s,{̗P,263,192,10,113.5,36,29845
14212066002,3,,؎s,{̗Q,107,102,5,108.5,34.3,11612
14212066003,3,,؎s,{̗R,124,112,11,125.8,38.8,15602
14212066004,3,,؎s,{̗S,343,325,13,90.6,31,31070
142120701,2,,؎s,ˎ,3322,1329,1698,67.7,29.6,224791
14212070101,3,,؎s,ˎP,1164,298,774,62.4,29.1,72681
14212070102,3,,؎s,ˎQ,423,247,147,81.6,32.8,34500
14212070103,3,,؎s,ˎR,486,233,220,68.9,29.4,33484
14212070104,3,,؎s,ˎS,484,251,182,71.2,30.1,34452
14212070105,3,,؎s,ˎT,765,300,375,64.9,28.1,49675
142120710,2,,؎s,,2655,1919,583,78.9,29.6,209480
142120720,2,,؎s,,1323,845,332,83.9,30.6,110990
142120731,2,,؎s,,889,620,251,90.3,31.3,80241
14212073101,3,,؎s,P,414,275,131,87.8,31.2,36358
14212073102,3,,؎s,Q,475,345,120,92.4,31.5,43883
142120732,2,,؎s,,1707,1047,580,81.2,33.5,138665
142120740,2,,؎s,J,2679,1277,1017,72.9,30.2,195172
142120750,2,,؎s,Dq,853,579,246,85.9,33.6,73234
142120760,2,,؎s,b,3526,1808,1533,74.6,32.2,262903
14212076000,3,,؎s,b,3170,1550,1450,72.2,31.3,228718
14212076001,3,,؎s,b,356,258,83,96,40.6,34185
142120770,2,,؎s,ї,1546,1457,49,102.6,37.4,158650
14212077001,3,,؎s,їP,656,629,18,88.1,32.7,57812
14212077002,3,,؎s,їQ,389,352,22,112.9,40.3,43936
14212077003,3,,؎s,їR,501,476,9,113.6,41,56903
142120800,2,,؎s,,584,500,42,119.2,35.6,69639
142120810,2,,؎s,,394,331,47,119.1,36.6,46927
142120820,2,,؎s,ÌËv,68,64,4,137.5,40.3,9353
142120830,2,,؎s,c,2343,1192,971,70.3,29.5,164778
14212083001,3,,؎s,cP,665,317,313,59,26.4,39263
14212083002,3,,؎s,cQ,346,204,127,72.6,28.4,25103
14212083003,3,,؎s,cR,23,13,6,102.2,42.7,2350
14212083004,3,,؎s,cS,772,285,381,68.3,30.5,52747
14212083005,3,,؎s,cT,438,359,65,91.1,32,39896
14212083010,3,,؎s,c,99,14,79,54.7,31.1,5420
142120840,2,,؎s,,513,380,117,103,34.6,52817
142120850,2,,؎s,˓c,1480,810,615,80.4,29,119001
142120860,2,,؎s,ÌËv,147,106,38,98,32.7,14404
142120870,2,,؎s,㗎,800,399,318,66.5,29.4,53223
142120880,2,,؎s,,88,64,23,104.7,34.5,9216
142120890,2,@,؎s,΃Pu,1768,614,201,62,26.3,109590
14212089001,3,,؎s,΃PuP,218,154,61,98.3,43.1,21439
14212089002,3,,؎s,΃PuQ,293,234,52,86.5,34,25335
14212089003,3,,؎s,΃PuR,463,8,1,45.3,17.9,20956
14212089004,3,,؎s,΃PuS,511,33,4,39.2,18.7,20055
14212089005,3,@,؎s,΃PuT,283,185,83,77,31.8,21805
142120930,2,*,؎s,X̗{,,,,,,
142120940,2,,؎s,X̗R,-,-,-,-,-,-
142120950,2,,؎s,X̗,2277,2138,70,117.1,36.8,266728
14212095001,3,,؎s,X̗P,412,401,8,100.7,31.8,41478
14212095002,3,,؎s,X̗Q,510,475,20,118.2,37.6,60289
14212095003,3,,؎s,X̗R,561,531,22,111.3,35.9,62433
14212095004,3,,؎s,X̗S,648,591,17,127.5,38.9,82624
14212095005,3,,؎s,X̗T,146,140,3,136.3,41.3,19904
