KEY_CODE,HYOSYO,HTKSYU,CITYNAME,NAME,T000055001,T000055002,T000055003,T000055004,T000055005,T000055006
,,,,,ZɏZވʐ,,c؉,Pѓ艄ʐ,Pl艄ʐ,ʐ
14132,1,,K,,61124,28648,21681,61.4,26.5,3752142
141322010,2,,K,ˎ{,2681,1904,605,69.9,27.3,187382
14132201001,3,,K,ˎ{P,673,388,250,68.7,28.7,46228
14132201002,3,,K,ˎ{Q,2008,1516,355,70.3,26.9,141154
141322020,2,,K,,466,248,192,69.3,30,32313
141322030,2,,K,,314,167,135,70.4,30.3,22117
141322040,2,,K,Œ,-,-,-,-,-,-
141322050,2,,K,,1795,975,725,61.2,26.3,109868
14132205001,3,,K,P,346,190,145,65.8,29.2,22775
14132205002,3,,K,Q,240,146,87,69.3,28.8,16625
14132205003,3,,K,R,496,206,250,57.8,26.8,28650
14132205004,3,,K,S,713,433,243,58.7,23.9,41819
141322060,2,,K,Îs,4340,2512,1483,69.8,29.2,303032
14132206000,3,,K,Îs,1063,507,354,60.3,25.6,64089
14132206001,3,,K,ÎsP,1549,936,525,72.6,29.9,112462
14132206002,3,,K,ÎsQ,1728,1069,604,73.2,30.8,126480
141322070,2,,K,Îs,955,359,291,60.4,25,57708
141322090,2,,K,쒬,705,189,191,54.7,25.8,38578
141322100,2,,K,,1024,559,453,65.6,28.5,67222
141322110,2,,K,,-,-,-,-,-,-
141322120,2,,K,ˎ,1878,1231,417,65.9,27.5,123705
14132212001,3,,K,ˎP,221,118,96,68.8,28.1,15199
14132212002,3,,K,ˎQ,439,277,149,67.2,27.6,29491
14132212003,3,,K,ˎR,313,205,101,69.9,28.5,21883
14132212004,3,,K,ˎS,905,631,71,63.1,27,57132
141322130,2,,K,͌,3488,629,32,50.2,22.1,174983
141322140,2,,K,K,2673,1033,1356,55.7,28,148759
14132214001,3,,K,KP,735,265,454,54.7,26.7,40193
14132214002,3,,K,KQ,676,282,370,58.3,30.2,39442
14132214003,3,,K,KR,545,177,200,55.5,27.8,30265
14132214004,3,,K,KS,717,309,332,54.2,27.7,38860
141322150,2,,K,K,1679,910,711,60.5,29.8,101499
14132215001,3,,K,KP,299,180,108,68.4,30.3,20460
14132215002,3,,K,KQ,438,177,244,49.8,28.7,21820
14132215003,3,,K,KR,597,382,194,61.1,29.8,36504
14132215004,3,,K,KS,345,171,165,65.8,30.4,22715
141322160,2,,K,x쒬,132,-,-,41.6,32.1,5492
141322170,2,,K,,975,395,546,49.3,26,48087
141322180,2,,K,{,1244,413,213,60,29.9,74588
141322190,2,,K,K,3755,1411,2069,52.1,26.8,195620
14132219001,3,,K,KP,757,260,447,54.5,26.8,41277
14132219002,3,,K,KQ,1561,499,903,47.4,26.4,73960
14132219003,3,,K,KR,1437,652,719,55.9,27.3,80384
141322200,2,,K,_,1014,386,488,56.5,26.7,57320
14132220001,3,,K,_P,411,157,232,59.1,27,24290
14132220002,3,,K,_Q,603,229,256,54.8,26.5,33030
141322210,2,,K,s,157,65,86,59.6,29.2,9357
141322220,2,,K,ˉz,4223,2275,1488,61.8,26.3,260915
14132222001,3,,K,ˉzP,585,232,244,61.3,26.2,35866
14132222002,3,,K,ˉzQ,1325,496,584,58.1,27.1,76940
14132222003,3,,K,ˉzR,864,468,372,64.3,29.1,55528
14132222004,3,,K,ˉzS,1449,1079,288,63.9,24.5,92580
141322230,2,,K,Ð쒬,1122,512,425,63.7,27.5,71493
141322240,2,,K,,3143,1140,1113,57.2,26.2,179912
141322250,2,,K,c,2678,1159,1178,57.1,26.9,152792
141322260,2,,K,q,7733,4027,2206,66.9,25.8,517333
14132226001,3,,K,q,2560,1995,426,75.4,28.7,193073
14132226002,3,,K,q,2540,1253,1099,64.7,25.4,164216
14132226003,3,,K,q,2633,779,681,60.8,23.4,160045
141322270,2,,K,,7737,3227,3555,60.8,24.5,470544
14132227001,3,,K,P,962,324,455,59.2,24.3,56903
14132227002,3,,K,Q,1192,574,478,67.5,27,80408
14132227003,3,,K,R,1620,759,776,63.3,25.7,102597
14132227004,3,,K,S,2397,791,1183,55.6,22.6,133296
14132227005,3,,K,T,1566,779,663,62.2,24.4,97341
141322280,2,,K,k,3518,1802,1374,63.3,26.7,222824
14132228001,3,,K,kP,1567,803,670,60.2,26.9,94328
14132228002,3,,K,kQ,863,563,174,74.8,28.7,64515
14132228003,3,,K,kR,1088,436,530,58.8,24.8,63981
141322290,2,,K,,513,162,329,51.3,27.7,26325
141322300,2,,K,Vˉz,1182,958,20,78.2,29,92374
