KEY_CODE,HYOSYO,HTKSYU,CITYNAME,NAME,T000055001,T000055002,T000055003,T000055004,T000055005,T000055006
,,,,,ZɏZވʐ,,c؉,Pѓ艄ʐ,Pl艄ʐ,ʐ
14209,1,,͌s,,252690,143377,86972,71.9,29.5,18171980
142090010,2,,͌s,,2549,1111,942,69.7,29.9,177580
14209001001,3,,͌s,P,567,296,248,67.6,31,38353
14209001002,3,,͌s,Q,576,193,100,68.9,27.1,39667
14209001003,3,,͌s,R,721,310,362,65.8,29,47447
14209001004,3,,͌s,S,685,312,232,76.1,32.7,52114
142090020,2,,͌s,t,1021,813,191,87.6,33.1,89394
14209002001,3,,͌s,tP,571,423,141,80,31.5,45667
14209002002,3,,͌s,tQ,164,128,31,96,35.9,15744
14209002003,3,,͌s,tR,286,262,19,97.8,34.6,27982
142090030,2,,͌s,Riԁj,-,-,-,-,-,-
142090040,2,,͌s,R,1510,1013,326,78.2,29.9,118059
14209004001,3,,͌s,RP,217,139,65,84.7,37.3,18376
14209004002,3,,͌s,RQ,786,527,145,74.5,27.7,58535
14209004003,3,,͌s,RR,457,337,112,82.5,30.3,37694
14209004004,3,,͌s,RS,50,10,4,69.1,31.4,3455
142090051,2,,͌s,aiԂPj,7625,5629,1568,85.8,29.9,654129
14209005100,3,,͌s,aiԂPj,3700,2804,758,84.7,29.9,313213
14209005101,3,,͌s,aiԂPj,3656,2608,773,86.7,29.9,316906
14209005102,3,,͌s,aiԂPj,269,217,37,89.3,29.2,24010
142090052,2,,͌s,aiԂQj,11,8,2,89.8,35.3,988
142090060,2,,͌s,z,262,146,50,75.1,28.7,19685
142090070,2,,͌s,,659,425,183,74,27.3,48779
14209007001,3,,͌s,ʂP,536,304,181,67.9,26.4,36376
14209007002,3,,͌s,ʂQ,123,121,2,100.8,30.7,12403
142090080,2,,͌s,͌,7753,2947,4211,51.9,27.5,402231
14209008001,3,,͌s,͌P,746,244,274,58.9,28.3,43927
14209008002,3,,͌s,͌Q,1174,421,723,49.8,28.9,58451
14209008003,3,,͌s,͌R,782,355,377,55.1,28.8,43083
14209008004,3,,͌s,͌S,1726,658,980,43.3,24.4,74659
14209008005,3,,͌s,͌T,1143,447,631,50.8,27,58039
14209008006,3,,͌s,͌U,1192,468,695,56.5,28.5,67334
14209008007,3,,͌s,͌V,475,162,250,54.4,27.5,25835
14209008008,3,,͌s,͌W,515,192,281,60,29,30904
142090091,2,,͌s,iԂPj,5140,3439,1299,77,28.1,395707
14209009100,3,,͌s,iԂPj,3984,2719,900,77.3,28.2,307878
14209009101,3,,͌s,iԂPj,1156,720,399,76,27.6,87829
142090092,2,,͌s,iԂQj,1288,258,58,51.8,21.1,66704
142090093,2,,͌s,iԂRj,82,53,27,83.8,31.5,6873
142090100,2,,͌s,̒,1145,619,352,74.1,29.1,84826
142090110,2,,͌s,V,4122,2174,1661,67.1,28.5,276774
14209011001,3,,͌s,VP,308,84,218,56.8,28.8,17503
14209011002,3,,͌s,VQ,711,268,398,59.1,27.3,42026
14209011003,3,,͌s,VR,425,228,173,65.5,28.3,27848
14209011004,3,,͌s,VS,288,207,70,89.2,36.2,25678
14209011005,3,,͌s,VT,905,526,248,68,28.7,61505
14209011006,3,,͌s,VU,420,265,147,71.1,26.6,29845
14209011007,3,,͌s,VV,583,385,171,74.6,29,43513
14209011008,3,,͌s,VW,482,211,236,59.9,26,28858
142090121,2,,͌s,iPj,529,280,243,73,33.3,38593
14209012102,3,,͌s,iPjQ,529,280,243,73,33.3,38593
14209012103,3,,͌s,iPjR,-,-,-,-,-,-
142090122,2,,͌s,iQj,211,115,65,74.5,30.2,15720
142090130,2,,͌s,,2363,1213,1094,68.3,29.6,161342
14209013001,3,,͌s,P,471,145,319,54.7,28,25745
14209013002,3,,͌s,Q,144,89,52,78.4,33.1,11296
14209013003,3,,͌s,R,313,184,120,68.1,28.7,21329
14209013004,3,,͌s,S,360,169,179,76.8,31.7,27637
14209013005,3,,͌s,T,582,360,209,71.8,30.3,41810
14209013006,3,,͌s,U,493,266,215,68,28.2,33526
142090140,2,,͌s,c,3440,1654,1670,72.4,30.1,249102
14209014001,3,,͌s,cP,474,177,290,70.3,29,33339
14209014002,3,,͌s,cQ,464,193,255,71.6,30.8,33238
14209014003,3,,͌s,cR,560,239,305,69.3,29,38816
14209014004,3,,͌s,cS,444,213,184,72.7,29.4,32277
14209014005,3,,͌s,cT,464,236,216,73,30,33879
14209014006,3,,͌s,cU,530,305,211,73.5,30.7,38942
14209014007,3,,͌s,cV,504,291,209,76.6,32,38612
142090150,2,,͌s,,1955,1412,364,79.3,28.8,155021
14209015001,3,,͌s,؂P,265,144,113,76.1,31.8,20170
14209015002,3,,͌s,؂Q,498,312,37,75.8,26.2,37767
14209015003,3,,͌s,؂R,687,543,132,81.7,29.8,56115
14209015004,3,,͌s,؂S,505,413,82,81.1,29,40970
142090160,2,,͌s,u,1951,799,276,70.1,28.1,136718
14209016001,3,,͌s,uP,299,181,100,76.1,28.6,22742
14209016002,3,,͌s,uQ,379,289,84,93.7,36.8,35519
14209016003,3,,͌s,uR,1273,329,92,61.6,25.3,78458
142090170,2,,͌s,X쒬,647,330,298,70.5,32.1,45603
142090180,2,,͌s,xm,2569,1167,881,67.4,27.1,173209
14209018001,3,,͌s,xmP,27,5,20,60.8,28.3,1641
14209018002,3,,͌s,xmQ,520,245,242,64.8,30.7,33703
14209018003,3,,͌s,xmR,607,457,141,77,29.1,46719
14209018004,3,,͌s,xmS,298,137,157,69.1,31.3,20593
14209018005,3,,͌s,xmT,707,80,188,59.9,22.5,42316
14209018006,3,,͌s,xmU,410,243,133,68.9,25.7,28236
142090190,2,,͌s,u,2455,1574,767,79.5,30.7,195261
14209019001,3,,͌s,uP,608,386,193,79.5,31.1,48345
14209019002,3,,͌s,uQ,589,327,245,73.9,31.3,43498
14209019003,3,,͌s,uR,456,342,93,90.3,33.4,41174
14209019004,3,,͌s,uS,802,519,236,77.6,28.4,62244
142090200,2,,͌s,u,163,153,3,92.5,34,15080
14209020001,3,,͌s,uP,13,12,1,108.7,35.3,1413
14209020002,3,,͌s,uQ,150,141,2,91.1,33.8,13667
142090210,2,,͌s,΂u,1569,1343,210,85.3,30,133858
14209021001,3,,͌s,΂uP,884,731,145,80.5,28.7,71159
14209021002,3,,͌s,΂uQ,685,612,65,91.5,31.6,62699
142090220,2,,͌s,싴{,2436,1503,697,66.7,27,162412
14209022001,3,,͌s,싴{P,1073,684,228,69.8,27,74866
14209022002,3,,͌s,싴{Q,924,512,370,63.4,27.8,58597
14209022003,3,@,͌s,싴{R,439,307,99,65.9,25.3,28949
14209022004,3,*,͌s,싴{S,,,,,,
142090230,2,,͌s,{,278,193,70,75.7,27,21033
14209023001,3,*,͌s,{P,,,,,,
14209023002,3,@,͌s,{Q,163,103,52,74.2,25.9,12087
14209023003,3,,͌s,{R,115,90,18,77.8,28.6,8947
142090240,2,,͌s,{{,3017,1771,1119,76.4,29.2,230370
14209024001,3,,͌s,{{P,1019,673,329,77.4,29.8,78872
14209024002,3,,͌s,{{Q,918,526,372,78.5,29.3,72061
14209024003,3,,͌s,{{R,1080,572,418,73.6,28.6,79437
142090250,2,,͌s,h,983,626,330,82.3,31.2,80897
14209025001,3,,͌s,hP,371,203,155,79.3,30,29403
14209025002,3,,͌s,hQ,612,423,175,84.1,31.9,51494
14209025003,3,,͌s,hR,-,-,-,-,-,-
142090260,2,,͌s,,4911,2070,2696,62.7,29.5,307688
14209026001,3,,͌s,P,1782,791,951,62.4,28.3,111256
14209026002,3,,͌s,Q,1029,418,583,64.4,30.8,66270
14209026003,3,,͌s,R,1237,476,706,62.2,30,76957
14209026004,3,,͌s,S,863,385,456,61.7,29.7,53205
142090270,2,,͌s,z,3721,2743,867,82.9,30.7,308403
14209027001,3,,͌s,zP,391,296,70,89.8,33,35129
14209027002,3,,͌s,zQ,795,488,284,76.7,29.3,60973
14209027003,3,,͌s,zR,616,455,156,79.5,29,48989
14209027004,3,,͌s,zS,862,709,136,85.4,30.9,73644
14209027005,3,,͌s,zT,509,407,80,90.8,32.9,46234
14209027006,3,,͌s,zU,477,332,128,78.3,30.4,37356
14209027007,3,,͌s,zV,71,56,13,85.6,30.2,6078
142090281,2,,͌s,RiPj,2938,1379,769,74.3,29.6,218181
14209028101,3,,͌s,RiPjP,281,103,83,75,27.9,21068
14209028102,3,,͌s,RiPjQ,418,198,207,73.5,31.1,30730
14209028103,3,,͌s,RiPjR,885,599,215,81.8,32,72353
14209028104,3,,͌s,RiPjS,849,190,106,61.9,25.6,52559
14209028105,3,,͌s,RiPjT,64,57,7,126.5,53.2,8094
14209028106,3,,͌s,RiPjU,441,232,151,75.7,29,33377
142090282,2,,͌s,RiQj,-,-,-,-,-,-
142090290,2,,͌s,R,2060,1034,615,70.9,26.3,145951
14209029001,3,,͌s,RP,859,512,318,73.6,27.4,63207
14209029002,3,,͌s,RQ,1201,522,297,68.9,25.6,82744
142090301,2,,͌s,RiPj,873,673,179,97.8,37.3,85376
14209030101,3,,͌s,RiPjP,451,347,94,97,37.7,43756
14209030102,3,,͌s,RiPjQ,422,326,85,98.6,37,41620
142090302,2,,͌s,RiQj,-,-,-,-,-,-
142090320,2,,͌s,,4085,2534,1431,79.2,30.5,323367
14209032001,3,,͌s,P,511,327,171,78.7,31.8,40191
14209032002,3,,͌s,Q,1126,634,444,72.9,28.8,82037
14209032003,3,,͌s,R,590,323,255,79,33.3,46622
14209032004,3,,͌s,S,586,349,220,79.3,30.8,46487
14209032005,3,,͌s,T,595,488,91,88.4,29.6,52603
14209032006,3,,͌s,U,677,413,250,81.9,31,55428
142090330,2,,͌s,R,165,91,73,62,27.5,10235
142090340,2,,͌s,{,5030,3703,1074,76.3,30,383569
14209034001,3,,͌s,{P,1448,1010,360,78.5,30.1,113714
14209034002,3,,͌s,{Q,866,402,323,67.8,29.1,58700
14209034003,3,,͌s,{R,962,748,198,81.1,29.5,78065
14209034004,3,,͌s,{S,886,687,185,73.6,29.1,65169
14209034005,3,,͌s,{T,868,856,8,78.2,31.9,67920
142090350,2,,͌s,{,4234,2328,1640,76.1,29.8,322415
14209035001,3,,͌s,{P,936,533,343,79.2,30.5,74133
14209035002,3,,͌s,{Q,1115,612,432,74.2,28.3,82692
14209035003,3,,͌s,{R,1237,661,551,72.7,29.6,89964
14209035004,3,,͌s,{S,946,522,314,79.9,31.5,75626
142090370,2,,͌s,{,8784,3961,4071,62.6,29.9,550033
14209037001,3,,͌s,{P,547,186,331,60.8,28.2,33270
14209037002,3,,͌s,{Q,1010,503,444,58.1,28.4,58683
14209037003,3,,͌s,{R,1232,526,667,50.7,28.1,62488
14209037004,3,,͌s,{S,1028,314,355,67.9,30.7,69755
14209037005,3,,͌s,{T,1577,616,891,62.7,30,98847
14209037006,3,,͌s,{U,1673,1024,602,68.4,32.9,114444
14209037007,3,,͌s,{V,839,293,466,60.6,28.4,50832
14209037008,3,,͌s,{W,878,499,315,70.3,29.4,61714
142090380,2,,͌s,{,3913,1978,1721,68,28.7,265973
14209038001,3,,͌s,{P,893,389,421,60.2,27.1,53737
14209038002,3,,͌s,{Q,1517,710,732,64.1,28.2,97187
14209038003,3,,͌s,{R,948,596,325,78.8,30.4,74711
14209038004,3,,͌s,{S,555,283,243,72.7,29.1,40339
142090390,2,,͌s,{,1052,521,498,67.6,31.1,71104
142090401,2,,͌s,iPj,6612,4823,1511,78.6,29.1,519842
14209040101,3,,͌s,iPjP,800,671,121,84,28.6,67162
14209040102,3,,͌s,iPjQ,811,608,175,75.5,27.4,61205
14209040103,3,,͌s,iPjR,875,664,175,82.2,30.6,71894
14209040104,3,,͌s,iPjS,1132,666,419,71.8,29,81242
14209040105,3,,͌s,iPjT,1107,733,352,78.9,29.1,87311
14209040106,3,,͌s,iPjU,975,698,159,71.9,27.2,70140
14209040107,3,,͌s,iPjV,828,703,107,88.6,31.9,73348
14209040108,3,,͌s,iPjW,84,80,3,89.8,33.4,7542
142090402,2,,͌s,iQj,156,124,26,89,33.1,13877
142090410,2,,͌s,,2038,750,1196,52.5,27.7,107062
14209041001,3,,͌s,P,904,361,506,52,26.8,46981
14209041002,3,,͌s,Q,1134,389,690,53,28.4,60082
142090430,2,,͌s,,2174,1573,561,79.9,29.6,173624
14209043001,3,,͌s,P,496,395,92,81.1,29.6,40222
14209043002,3,,͌s,Q,403,322,69,85.1,29.5,34305
14209043003,3,,͌s,R,281,118,158,68.3,29.7,19182
14209043004,3,,͌s,S,488,310,169,73,29.7,35614
14209043005,3,,͌s,T,506,428,73,87.6,29.6,44301
142090440,2,,͌s,a,2935,1347,1410,63.5,28.7,186512
14209044001,3,,͌s,aP,834,322,394,64.6,30.5,53844
14209044002,3,,͌s,aQ,649,369,273,74.4,29.8,48268
14209044003,3,,͌s,aR,699,473,209,70,27.5,48903
14209044004,3,,͌s,aS,753,183,534,47.1,26.7,35497
142090450,2,,͌s,,3477,1984,1307,77.4,29.5,269160
14209045001,3,,͌s,ӂP,570,351,202,77.2,28.4,44002
14209045002,3,,͌s,ӂQ,373,259,83,98.7,35.6,36820
14209045003,3,,͌s,ӂR,655,290,316,71.1,26,46559
14209045004,3,,͌s,ӂS,1017,607,376,72.8,28,73995
14209045005,3,,͌s,ӂT,862,477,330,78.6,31.9,67784
142090470,2,,͌s,,6308,2916,2724,59.3,27.9,374074
14209047001,3,,͌s,ӂP,1077,292,419,55.9,27.2,60209
14209047002,3,,͌s,ӂQ,1413,1001,284,71.2,27.5,100627
14209047003,3,,͌s,ӂR,1906,912,885,53.8,27.1,102606
14209047004,3,,͌s,ӂS,1655,613,983,57.2,29.8,94708
14209047005,3,,͌s,ӂT,257,98,153,62,29.2,15925
142090480,2,,͌s,Ӗ{,4441,2857,1442,75.9,29.4,336966
14209048001,3,,͌s,Ӗ{P,772,612,147,81.9,28.5,63194
14209048002,3,,͌s,Ӗ{Q,1014,451,520,65.9,28.6,66852
14209048003,3,,͌s,Ӗ{R,1109,664,416,71.4,29.4,79226
14209048004,3,,͌s,Ӗ{S,907,596,267,74.1,27.7,67171
14209048005,3,,͌s,Ӗ{T,639,534,92,94.7,34,60522
142090530,2,,͌s,,3187,2093,1026,75.9,29.8,241823
14209053001,3,,͌s,P,1086,695,361,72.9,28.9,79202
14209053002,3,,͌s,Q,1098,824,254,79.3,30,87052
14209053003,3,,͌s,R,502,262,236,70.8,30.9,35534
14209053004,3,,͌s,S,73,28,41,73.2,30.7,5341
14209053005,3,,͌s,T,428,284,134,81.1,30.3,34694
142090540,2,,͌s,,2741,1792,893,77.5,30.4,212500
14209054001,3,,͌s,P,434,257,157,78.1,29.9,33878
14209054002,3,,͌s,Q,693,513,172,79.5,32.4,55094
14209054003,3,,͌s,R,577,392,177,79.9,30.4,46118
14209054004,3,,͌s,S,1037,630,387,74.6,29.3,77409
142090551,2,,͌s,ᏼiPj,3568,2546,938,78.7,31.9,280809
14209055101,3,,͌s,ᏼiPjP,508,391,107,82.9,31.2,42136
14209055102,3,,͌s,ᏼiPjQ,393,278,107,91.7,34,36030
14209055103,3,,͌s,ᏼiPjR,899,650,219,75.5,30.9,67853
14209055104,3,,͌s,ᏼiPjS,393,232,155,70.1,31.1,27565
14209055105,3,,͌s,ᏼiPjT,632,435,184,79,34.1,49945
14209055106,3,,͌s,ᏼiPjU,743,560,166,77.1,30.9,57280
142090552,2,,͌s,ᏼiQj,79,24,53,53.4,33.2,4218
14209055202,3,*,͌s,ᏼiQjQ,,,,,,
14209055203,3,@,͌s,ᏼiQjR,49,20,28,52.9,33.3,2594
14209055205,3,,͌s,ᏼiQjT,30,4,25,54.1,33.1,1624
142090560,2,,͌s,,1498,698,737,62.9,29.8,94170
142090572,2,,͌s,ߊԁiԂQj,-,-,-,-,-,-
142090581,2,,͌s,ߊԁiPj,4211,2509,1562,72.2,30.7,304159
14209058101,3,,͌s,ߊԁiPjP,11,1,9,62.2,27.4,684
14209058104,3,,͌s,ߊԁiPjS,983,674,273,79.2,29.6,77894
14209058105,3,,͌s,ߊԁiPjT,830,552,255,69.4,31.4,57598
14209058106,3,,͌s,ߊԁiPjU,878,314,527,66.7,35,58597
14209058107,3,,͌s,ߊԁiPjV,847,546,274,70.7,28.9,59922
14209058108,3,,͌s,ߊԁiPjW,662,422,224,74.7,29.8,49463
142090582,2,,͌s,ߊԁiQj,2593,1491,918,75.2,31.5,195077
14209058201,3,,͌s,ߊԁiQjP,1060,602,418,73.7,30.9,78128
14209058202,3,,͌s,ߊԁiQjQ,839,534,288,77.3,30.7,64847
14209058203,3,,͌s,ߊԁiQjR,454,307,63,86.8,35.3,39396
14209058206,3,,͌s,ߊԁiQjU,240,48,149,52.9,28.6,12706
142090590,2,,͌s,h,710,404,285,70.8,33,50274
142090600,2,,͌s,͑,10912,3623,5122,56.2,28.5,613634
14209060001,3,,͌s,͑P,442,185,224,67.5,34,29821
14209060002,3,,͌s,͑Q,916,317,573,57.4,31.2,52575
14209060003,3,,͌s,͑R,523,203,270,52.8,30.7,27616
14209060004,3,,͌s,͑S,1389,578,21,70.2,24.3,97552
14209060005,3,,͌s,͑T,1582,522,952,54.7,30.4,86506
14209060006,3,,͌s,͑U,2128,555,627,57.5,27.9,122381
14209060007,3,,͌s,͑V,2048,786,1146,50.4,27.4,103129
14209060008,3,,͌s,͑W,976,196,718,45.3,29.7,44173
14209060009,3,,͌s,͑X,908,281,591,54.9,31.9,49881
142090610,2,,͌s,,1665,700,645,65.2,30.7,108633
14209061001,3,,͌s,P,861,387,430,65.2,30.5,56150
14209061002,3,,͌s,Q,804,313,215,65.3,31,52483
142090621,2,,͌s,䉀iPj,2017,1463,515,85.2,34.6,171943
14209062101,3,,͌s,䉀iPjP,596,410,177,82.4,33.4,49095
14209062102,3,,͌s,䉀iPjQ,601,411,171,87.8,35.9,52793
14209062103,3,,͌s,䉀iPjR,820,642,167,85.4,34.6,70055
142090622,2,,͌s,䉀iQj,1006,676,307,79.2,31.1,79652
14209062204,3,,͌s,䉀iQjS,408,288,112,77.4,31.4,31583
14209062205,3,,͌s,䉀iQjT,598,388,195,80.4,31,48069
142090630,2,,͌s,L,790,385,328,69,31.5,54482
142090640,2,,͌s,哇,3884,2642,562,86.2,29.3,334845
14209064000,3,,͌s,哇,3679,2461,540,85.2,29.1,313430
14209064001,3,,͌s,哇,205,181,22,104.5,33.1,21415
142090650,2,,͌s,,1254,652,209,79.1,28,99198
142090661,2,,͌s,ciԂPj,7598,5604,1511,89.3,30.6,678539
14209066100,3,,͌s,ciԂPj,3134,2419,645,91.3,31.2,286054
14209066101,3,,͌s,ciԂPj,3327,2455,612,90,30.7,299473
14209066102,3,,͌s,ciԂPj,1137,730,254,81.8,28.9,93012
142090662,2,,͌s,ciԂQj,508,366,77,81.6,27.6,41449
142090663,2,,͌s,ciԂRj,148,115,32,81.1,29.9,12006
142090670,2,,͌s,a,3260,2078,932,82.9,31.2,270337
14209067001,3,,͌s,aP,231,184,44,90.8,30.9,20965
14209067002,3,,͌s,aQ,171,155,11,93,30.2,15896
14209067003,3,,͌s,aR,557,276,203,71.1,28.2,39597
14209067004,3,,͌s,aS,569,342,216,81.5,30.8,46371
14209067005,3,,͌s,aT,388,273,86,87.3,33,33890
14209067006,3,,͌s,aU,537,360,148,83.5,30.7,44835
14209067007,3,,͌s,aV,807,488,224,85.2,33.2,68783
142090681,2,,͌s,aiԂPj,64,57,4,113,33.5,7234
142090682,2,,͌s,aiԂQj,25,14,11,101.2,29.8,2530
142090691,2,,͌s,aiPj,2751,1731,900,73.9,29.7,203360
14209069101,3,,͌s,aiPjP,142,15,124,37.3,30.8,5294
14209069102,3,,͌s,aiPjQ,111,42,29,64.7,33.3,7186
14209069103,3,,͌s,aiPjR,104,95,7,102.4,34.1,10649
14209069104,3,,͌s,aiPjS,83,76,6,104.1,33.6,8641
14209069105,3,,͌s,aiPjT,151,128,19,97,31.6,14646
14209069106,3,,͌s,aiPjU,517,359,146,80.9,31.8,41846
14209069107,3,,͌s,aiPjV,624,423,186,73.9,28.5,46138
14209069108,3,,͌s,aiPjW,1019,593,383,67.7,27.6,68960
142090692,2,,͌s,aiQj,69,21,47,53.4,29.7,3684
14209069201,3,,͌s,aiQjP,62,17,44,51.7,30.8,3203
14209069207,3,,͌s,aiQjV,7,4,3,68.8,24.1,481
142090701,2,,͌s,kiPj,149,100,46,91.1,42.5,13573
142090702,2,,͌s,kiQj,283,101,180,56.1,34.2,15886
142090710,2,,͌s,a,3418,2254,1032,89.3,31.3,305225
14209071000,3,,͌s,a,3303,2163,1010,89,31.3,293925
14209071001,3,,͌s,a,115,91,22,98.3,31.7,11301
142090720,2,,͌s,,1730,1085,551,95.4,31.6,164963
142090731,2,,͌s,ViԂPj,32,24,8,96.8,30.1,3096
142090732,2,,͌s,ViԂQj,28,26,2,120.6,33.1,3377
142090741,2,,͌s,ViPj,3214,2503,618,71.3,26.1,229013
14209074101,3,,͌s,ViPjP,677,408,200,70.5,26.3,47709
14209074102,3,,͌s,ViPjQ,277,203,71,66.1,26.1,18323
14209074103,3,,͌s,ViPjR,530,258,260,70.8,26.3,37539
14209074104,3,,͌s,ViPjS,1577,1503,65,69.5,24.7,109553
14209074105,3,,͌s,ViPjT,153,131,22,103.8,41.4,15889
142090742,2,,͌s,ViQj,168,99,66,74.1,28.3,12442
142090743,2,@,͌s,ViRj,7,7,-,103.8,26.9,726
14209074302,3,*,͌s,ViRjQ,,,,,,
14209074305,3,*,͌s,ViRjT,,,,,,
142090750,2,,͌s,镔,2828,2132,661,91.2,30.9,257828
142090760,2,,͌s,V,1402,1124,250,94.6,32.3,132630
142090770,2,,͌s,͑,7139,3906,3022,69.3,30.7,494808
14209077001,3,,͌s,͑P,782,369,380,65,30.6,50794
14209077002,3,,͌s,͑Q,1814,732,1035,59.3,30.6,107578
14209077003,3,,͌s,͑R,1027,531,485,67.2,29.5,68975
14209077004,3,,͌s,͑S,972,495,455,64.2,29.8,62424
14209077005,3,,͌s,͑T,502,335,123,76.1,30.4,38221
14209077006,3,,͌s,͑U,854,634,199,83,32.5,70846
14209077007,3,,͌s,͑V,1188,810,345,80.8,31.5,95971
142090780,2,,͌s,͑cn,946,135,14,48.7,22,46056
142090790,2,,͌s,,403,228,39,69.5,29.9,28005
142090800,2,,͌s,ot,793,592,189,80.5,29.9,63811
14209080001,3,,͌s,otP,192,177,11,98.5,34.6,18914
14209080002,3,,͌s,otQ,601,415,178,74.7,28.2,44896
142090810,2,,͌s,,5758,2545,2640,61.6,29.3,354454
14209081001,3,,͌s,P,734,438,284,65,27.9,47741
14209081002,3,,͌s,Q,1045,645,354,62.7,26.7,65514
14209081003,3,,͌s,R,1037,455,553,61.8,29.4,64075
14209081004,3,,͌s,S,590,264,312,65.6,33.9,38725
14209081005,3,,͌s,T,1805,470,879,55.2,29,99664
14209081006,3,,͌s,U,547,273,258,70.8,32.4,38735
142090820,2,,͌s,,3480,1285,1742,61.9,29.8,215359
14209082001,3,,͌s,P,896,253,457,56.5,28.4,50582
14209082002,3,,͌s,Q,1472,534,855,59.5,29.7,87617
14209082003,3,,͌s,R,1112,498,430,69.4,30.8,77161
142090830,2,,͌s,cn,2341,1707,171,50.6,22.2,118529
14209083001,3,,͌s,cnP,1289,824,72,48.9,21.7,63092
14209083002,3,,͌s,cnQ,1052,883,99,52.7,22.9,55437
142090840,2,,͌s,,5503,2657,2027,67.6,30.5,371863
14209084001,3,,͌s,P,1756,682,438,68.4,29.7,120035
14209084002,3,,͌s,Q,1161,744,382,73.9,31,85786
14209084003,3,,͌s,R,1106,702,299,79.4,32.3,87792
14209084004,3,,͌s,S,1480,529,908,52.9,29.4,78250
142090850,2,,͌s,ъ,7938,3744,3872,64,29.9,508229
14209085001,3,,͌s,ъԂP,1140,690,375,70.5,28.4,80372
14209085002,3,,͌s,ъԂQ,893,320,540,56.7,28.3,50652
14209085003,3,,͌s,ъԂR,1042,392,602,55.1,27.6,57404
14209085004,3,,͌s,ъԂS,1480,657,763,61.1,29.5,90409
14209085005,3,,͌s,ъԂT,613,104,484,48,28.5,29431
14209085006,3,,͌s,ъԂU,992,516,450,71.6,31.8,71015
14209085007,3,,͌s,ъԂV,859,569,272,79.3,33.9,68097
14209085008,3,,͌s,ъԂW,919,496,386,66.2,30.8,60849
142090860,2,,͌s,},913,256,616,54.5,28.4,49743
142090870,2,,͌s,{,1084,794,227,68.7,27.1,74437
14209087001,3,,͌s,{P,844,629,190,68.8,27.3,58096
14209087002,3,,͌s,{Q,211,155,37,67.6,26.1,14257
14209087003,3,,͌s,{R,10,10,-,120.9,43.2,1209
14209087004,3,,͌s,{S,19,-,-,46,21.9,875
142090881,2,@,͌s,LX,3444,2101,999,71.4,29.3,246040
14209088101,3,,͌s,LXP,1679,1135,415,71.5,28.7,119992
14209088102,3,,͌s,LXQ,1039,596,323,69.2,29.5,71901
14209088103,3,@,͌s,LXR,726,370,261,74.6,30.3,54147
142090882,2,*,͌s,LX,,,,,,
142090890,2,,͌s,Õ,4264,2522,1430,73.6,29.4,313860
14209089001,3,,͌s,ÕP,760,473,264,78,30,59262
14209089002,3,,͌s,ÕQ,797,540,232,69.6,27.2,55455
14209089003,3,,͌s,ÕR,917,328,442,66.3,27.7,60804
14209089004,3,,͌s,ÕS,829,438,288,71.5,31,59254
14209089005,3,,͌s,ÕT,564,431,122,82.4,30.8,46447
14209089006,3,,͌s,ÕU,397,312,82,82.2,31.4,32637
142090900,2,,͌s,V,943,322,1,57.6,23.4,54335
142090910,2,,͌s,iԁj,-,-,-,-,-,-
142090920,2,,͌s,cc,842,525,166,97.2,33.3,81878
14209092001,3,,͌s,ccP,18,16,2,160.8,52.6,2894
14209092002,3,,͌s,ccQ,234,121,106,89,33.3,20826
14209092003,3,,͌s,ccR,449,255,52,93.3,31.9,41881
14209092004,3,,͌s,ccS,141,133,6,115.4,35.3,16276
142090930,2,,͌s,ߊԖ{,10228,5640,3932,68.2,28.9,697596
14209093001,3,,͌s,ߊԖ{P,1121,524,535,69.3,29.8,77662
14209093002,3,,͌s,ߊԖ{Q,1483,631,639,57.1,28.9,84742
14209093003,3,,͌s,ߊԖ{R,1058,654,358,59.4,28.5,62819
14209093004,3,,͌s,ߊԖ{S,1667,678,889,62.8,28.2,104642
14209093005,3,,͌s,ߊԖ{T,1159,696,320,67.8,27.6,78535
14209093006,3,,͌s,ߊԖ{U,784,486,282,72.2,28.5,56611
14209093007,3,,͌s,ߊԖ{V,1025,656,331,73.3,28.5,75083
14209093008,3,,͌s,ߊԖ{W,993,639,334,81,30.2,80389
14209093009,3,,͌s,ߊԖ{X,938,676,244,82.2,30.3,77114
142090940,2,,͌s,iԁj,-,-,-,-,-,-
142090950,2,,͌s,Vc,-,-,-,-,-,-
142090960,2,,͌s,c,1234,1122,89,97.5,33.5,120305
14209096001,3,,͌s,cP,238,213,20,104.6,33.2,24906
14209096002,3,,͌s,cQ,508,446,54,94.2,33.1,47838
14209096003,3,,͌s,cR,379,363,9,102.9,33.7,39005
14209096004,3,,͌s,cS,109,100,6,78.5,35.5,8557
