KEY_CODE,HYOSYO,HTKSYU,CITYNAME,NAME,T000055001,T000055002,T000055003,T000055004,T000055005,T000055006
,,,,,ZɏZވʐ,,c؉,Pѓ艄ʐ,Pl艄ʐ,ʐ
14204,1,,qs,,67972,48209,15380,95.5,38.7,6490626
142040010,2,,qs,\,560,425,118,105.1,40.7,58850
142040020,2,,qs,򖾎,1679,1453,179,119.1,46.9,199985
14204002001,3,,qs,򖾎P,196,154,40,112.7,44.1,22095
14204002002,3,,qs,򖾎Q,159,131,24,109.5,44.4,17409
14204002003,3,,qs,򖾎R,267,229,29,111.8,44.3,29842
14204002004,3,,qs,򖾎S,354,318,31,115.3,45.6,40829
14204002005,3,,qs,򖾎T,240,188,38,100.3,38.5,24076
14204002006,3,,qs,򖾎U,463,433,17,142,56,65734
142040030,2,,qs,K,1069,870,175,115.7,47,123698
142040040,2,,qs,,366,275,78,110.7,44.8,40519
14204004001,3,,qs,P,232,183,43,110.9,45.1,25735
14204004002,3,,qs,Q,134,92,35,110.3,44.4,14784
142040060,2,,qs,m,1305,913,338,99.7,42.5,130071
14204006001,3,,qs,m,22,18,2,122.6,51.9,2698
14204006002,3,,qs,mP,488,290,179,94,42.5,45855
14204006003,3,,qs,mQ,179,156,13,112.5,44,20130
14204006004,3,,qs,mR,241,150,74,100.8,41.8,24288
14204006005,3,,qs,mS,334,261,67,96.6,40.8,32257
14204006006,3,,qs,mT,41,38,3,118.1,46.1,4842
142040110,2,,qs,KJ,740,556,150,108.1,46.2,80000
14204011001,3,,qs,KJP,208,139,55,115,52.5,23927
14204011002,3,,qs,KJQ,162,120,33,109.7,45.4,17765
14204011003,3,,qs,KJR,112,73,33,100,39.9,11203
14204011004,3,,qs,KJS,258,224,29,105.1,45,27105
142040150,2,,qs,,810,591,193,104.3,45,84450
14204015001,3,,qs,P,136,95,38,105.1,45.7,14294
14204015002,3,,qs,Q,446,321,109,103,44.7,45944
14204015003,3,,qs,R,228,175,46,106.2,45.3,24212
142040180,2,,qs,咬,2244,1622,543,98,41,219890
14204018001,3,,qs,咬P,458,282,154,93.2,42.5,42704
14204018002,3,,qs,咬Q,551,392,138,95.2,39.8,52447
14204018003,3,,qs,咬R,342,272,60,114.1,48.8,39010
14204018004,3,,qs,咬S,370,266,94,97.6,39.9,36108
14204018005,3,,qs,咬T,274,195,66,84.5,33.6,23145
14204018006,3,,qs,咬U,164,138,24,106.7,42.8,17495
14204018007,3,,qs,咬V,85,77,7,105.6,38.4,8980
142040250,2,,qs,ޖ؍,2664,2005,579,99.8,40.1,265987
14204025001,3,,qs,ޖ؍P,418,314,88,101.9,41,42597
14204025002,3,,qs,ޖ؍Q,391,273,110,96.5,39.4,37713
14204025003,3,,qs,ޖ؍R,575,465,89,96.7,38.5,55608
14204025004,3,,qs,ޖ؍S,258,204,47,112.1,45.6,28935
14204025005,3,,qs,ޖ؍T,553,402,138,96.6,38.2,53432
14204025006,3,,qs,ޖ؍U,469,347,107,101.7,41.2,47702
142040310,2,,qs,RKl,1790,1201,513,96.4,42.2,172547
14204031001,3,,qs,RKlP,387,254,118,98.3,44.5,38034
14204031002,3,,qs,RKlQ,673,444,189,98.8,43.6,66460
14204031003,3,,qs,RKlR,375,241,123,94.4,39.4,35413
14204031004,3,,qs,RKlS,355,262,83,91.9,39.9,32639
142040350,2,,qs,䐬,458,313,130,98.1,46,44921
142040360,2,,qs,ڒ,290,253,34,126.7,46.3,36751
142040370,2,,qs,,583,445,123,107.4,44.5,62613
14204037001,3,,qs,P,337,250,77,104.4,43.4,35186
14204037002,3,,qs,Q,246,195,46,111.5,46,27427
142040390,2,,qs,J,1655,1164,428,98.8,41.4,163486
14204039001,3,,qs,JP,307,236,62,112.4,45.3,34505
14204039002,3,,qs,JQ,717,498,197,96.2,41.6,68975
14204039003,3,,qs,JR,135,94,34,110.9,42.4,14978
14204039004,3,,qs,JS,147,99,40,85,39.9,12499
14204039005,3,,qs,JT,349,237,95,93.2,37.7,32529
142040440,2,,qs,m,463,332,118,94.5,40.8,43749
142040450,2,,qs,Ɋy,768,621,127,101.6,41.4,78056
14204045001,3,,qs,ɊyP,265,214,44,97.6,39.7,25865
14204045002,3,,qs,ɊyQ,223,178,41,101.6,41.3,22653
14204045003,3,,qs,ɊyR,164,136,26,108.1,43,17721
14204045004,3,,qs,ɊyS,116,93,16,101.9,42.8,11817
142040490,2,,qs,K,1225,1018,180,111.4,44.2,136456
14204049001,3,,qs,KP,212,157,50,92.4,36.8,19588
14204049002,3,,qs,KQ,165,141,19,113.5,43.2,18735
14204049003,3,,qs,KR,196,158,33,113.6,47.8,22263
14204049004,3,,qs,KS,110,85,22,111,45.5,12206
14204049005,3,,qs,KT,542,477,56,117.5,45.9,63664
142040540,2,,qs,z,2292,1775,448,91.5,36.6,209757
14204054001,3,,qs,zP,403,337,61,94.5,38.1,38066
14204054002,3,,qs,zQ,505,416,67,90,33.6,45469
14204054003,3,,qs,zR,733,536,176,84.1,34.8,61662
14204054004,3,,qs,zS,284,185,93,87.9,37.6,24957
14204054005,3,,qs,zT,367,301,51,107.9,42.3,39603
142040590,2,,qs,zE,2376,1920,388,109,42.3,259033
142040600,2,,qs,q,1577,1439,99,128.4,49.4,202541
14204060001,3,,qs,qP,479,413,50,121.3,47.4,58086
14204060002,3,,qs,qQ,405,379,17,134.4,51.8,54444
14204060003,3,,qs,qR,269,254,10,124.7,46,33533
14204060004,3,,qs,qS,424,393,22,133.2,51.9,56478
142040640,2,,qs,Kl,1618,1499,83,129.6,49.6,209626
14204064001,3,,qs,KlP,10,8,-,124.2,44.3,1242
14204064002,3,,qs,KlQ,423,390,28,127.4,48.2,53888
14204064003,3,,qs,KlR,443,414,21,136,51.7,60238
14204064004,3,,qs,KlS,486,444,26,127.2,51.1,61796
14204064005,3,,qs,KlT,256,243,8,126.8,45.9,32463
142040690,2,,qs,Ð,1085,799,156,100.9,38.1,109523
14204069001,3,,qs,ÐP,617,454,126,102.3,38.6,63145
14204069002,3,,qs,ÐQ,468,345,30,99.1,37.4,46378
142040710,2,,qs,Kl,812,687,113,109.2,42,88660
14204071001,3,,qs,KlP,460,362,90,90.9,35.6,41793
14204071002,3,,qs,KlQ,352,325,23,133.1,50.1,46867
142040730,2,,qs,,2567,1687,301,96.2,37.3,246829
14204073001,3,,qs,,378,48,76,62.8,21.7,23744
14204073002,3,,qs,P,305,132,156,76.2,29.5,23229
14204073003,3,,qs,Q,657,530,10,110.3,40.8,72480
14204073004,3,,qs,R,564,525,20,136,53.3,76690
14204073005,3,,qs,S,276,109,1,60.7,25.5,16745
14204073006,3,,qs,T,387,343,38,87.7,39,33941
142040790,2,,qs,,1609,1227,214,101.9,41.4,164038
14204079001,3,,qs,,282,104,26,57.3,24.4,16155
14204079002,3,,qs,P,425,261,161,79.8,32.1,33936
14204079003,3,,qs,Q,504,481,15,126,51,63480
14204079004,3,,qs,R,398,381,12,126.8,50.6,50466
142040830,2,,qs,R,1998,987,499,77.5,32.4,154768
142040840,2,,qs,㒬,648,321,149,76.3,27.7,49440
142040850,2,,qs,L,1925,1234,351,90.5,33.9,174128
142040861,2,,qs,Jc,2305,1607,509,95.4,37.7,219993
14204086101,3,,qs,JcP,122,71,24,81.7,36.4,9966
14204086102,3,,qs,JcQ,351,294,50,119.7,45.4,42013
14204086103,3,,qs,JcR,750,409,233,79,31.7,59242
14204086104,3,,qs,JcS,340,246,68,94.5,36.8,32119
14204086105,3,,qs,JcT,553,447,95,107.5,40.9,59458
14204086106,3,,qs,JcU,189,140,39,91,38.7,17195
142040862,2,,qs,Jc,-,-,-,-,-,-
142040870,2,,qs,,1241,831,353,91.3,36.6,113347
142040880,2,,qs,qR,768,665,81,125.7,51.6,96568
14204088001,3,,qs,qRP,181,162,16,125.6,49.8,22725
14204088002,3,,qs,qRQ,213,195,14,134.3,56.4,28615
14204088003,3,,qs,qRR,250,213,29,118.8,48.8,29701
14204088004,3,,qs,qRS,124,95,22,125.2,51.9,15528
142040920,2,,qs,Rm,1652,1248,324,103.8,44.2,171560
142040930,2,,qs,,3521,2242,1171,78.8,33.8,277501
14204093001,3,,qs,,784,541,222,95.5,39.8,74899
14204093002,3,,qs,Q,673,303,346,64.7,33.3,43540
14204093003,3,,qs,R,633,428,185,69.6,29,44068
14204093004,3,,qs,S,704,492,196,83,35.2,58421
14204093005,3,,qs,T,727,478,222,77.8,30.8,56571
142040980,2,,qs,ܒJ,1408,610,727,65.9,31.6,92737
14204098001,3,,qs,ܒJ,42,26,13,95.3,37.8,4004
14204098002,3,,qs,ܒJP,463,158,277,53.2,28,24628
14204098003,3,,qs,ܒJQ,903,426,437,71,32.9,64105
142041010,2,,qs,D,4605,2543,1819,74.6,33.6,343449
14204101001,3,,qs,D,1285,828,412,83.8,34.8,107632
14204101002,3,,qs,DP,267,170,79,76.9,36.7,20543
14204101003,3,,qs,DQ,750,312,399,65.2,33.8,48926
14204101004,3,,qs,DR,516,272,228,72.1,34.2,37223
14204101005,3,,qs,DS,683,336,284,69.2,30.7,47285
14204101006,3,,qs,DT,686,413,255,72.8,30.9,49949
14204101007,3,,qs,DU,418,212,162,76.3,36,31891
142041080,2,,qs,,247,208,35,128.3,42.3,31699
142041090,2,,qs,␣,3076,1703,1210,72.7,29.8,223530
14204109001,3,,qs,␣,1681,862,761,72.8,29.6,122382
14204109002,3,,qs,␣P,1395,841,449,72.5,30.1,101148
142041110,2,,qs,,786,519,248,86.1,33.7,67697
14204111001,3,,qs,P,192,99,87,75.9,29.9,14568
14204111002,3,,qs,Q,361,291,60,97.1,36.6,35056
14204111003,3,@,qs,R,233,129,101,77.6,32,18073
14204111004,3,*,qs,S,,,,,,
14204111005,3,,qs,T,-,-,-,-,-,-
142041160,2,,qs,,2088,1962,82,119.2,47.2,248965
14204116001,3,,qs,P,304,284,12,110,41.6,33426
14204116002,3,,qs,Q,219,207,7,114.9,46.2,25155
14204116003,3,,qs,R,251,241,7,129.3,52.5,32443
14204116004,3,,qs,S,470,434,27,122.8,49.7,57706
14204116005,3,,qs,T,166,157,6,115.1,44.4,19100
14204116006,3,,qs,U,323,299,14,126.3,50.9,40782
14204116007,3,,qs,V,355,340,9,113.7,44,40353
142041230,2,,qs,iʓnj,353,138,208,65.8,32.9,23218
142041240,2,,qs,{,2735,1948,518,78.6,32.2,214890
14204124001,3,,qs,{,1419,1121,84,79.1,30.2,112293
14204124002,3,,qs,{P,633,398,204,82.3,35.3,52101
14204124003,3,,qs,{Q,683,429,230,73.9,34.1,50496
142041250,2,,qs,ʓ,2050,1331,570,86.9,33.5,178129
14204125001,3,,qs,ʓP,550,242,282,71.3,30.3,39212
14204125002,3,,qs,ʓQ,649,458,145,90.4,34.3,58700
14204125003,3,,qs,ʓR,218,96,81,80.8,30.9,17620
14204125004,3,,qs,ʓS,226,179,21,86.8,29.7,19619
14204125005,3,,qs,ʓT,407,356,41,105.6,39.9,42978
142041300,2,,qs,A,2021,1342,503,80.2,29.9,162115
142041310,2,,qs,,1250,1099,125,116.1,40.8,145072
142041320,2,,qs,֒J,690,581,90,101.1,37.5,69791
