KEY_CODE,HYOSYO,HTKSYU,CITYNAME,NAME,T000055001,T000055002,T000055003,T000055004,T000055005,T000055006
,,,,,ZɏZވʐ,,c؉,Pѓ艄ʐ,Pl艄ʐ,ʐ
14131,1,,,,87387,42261,37674,59.2,26.4,5175349
141310010,2,,,,1652,1055,498,61,25.3,100765
14131001001,3,,,P,-,-,-,-,-,-
14131001002,3,,,Q,937,714,186,63.3,25.1,59272
14131001003,3,,,R,715,341,312,58,25.6,41493
141310020,2,,,twO,1346,629,563,54.7,26.1,73597
14131002001,3,,,twOP,909,450,325,54.5,26.4,49529
14131002002,3,,,twOQ,437,179,238,55.1,25.6,24068
141310030,2,,,쒆,1648,735,829,56.7,27.1,93431
14131003001,3,,,쒆P,1159,512,587,56.2,27.1,65091
14131003002,3,,,쒆Q,489,223,242,58,27,28340
141310040,2,,,ɐ,1111,463,525,58.2,25.4,64642
141310050,2,,,,4553,2664,1405,63.5,25.7,288937
14131005001,3,,,P,1187,643,414,63.5,27.4,75328
14131005002,3,,,Q,813,493,281,66.2,26.2,53835
14131005003,3,,,R,927,533,263,63.5,25.1,58882
14131005004,3,,,S,1626,995,447,62,24.8,100893
141310060,2,,,ω,2233,1081,880,60.8,24.9,135685
14131006001,3,,,ωP,1092,542,388,58.9,24.1,64281
14131006002,3,,,ωQ,1141,539,492,62.6,25.7,71404
141310070,2,,,rV,1768,999,676,61.2,26.2,108161
14131007001,3,,,rVP,399,228,152,63,28.2,25152
14131007002,3,,,rVQ,1350,760,516,60.4,25.5,81487
14131007003,3,,,rVR,19,11,8,80.1,31.7,1521
141310080,2,,,lJ㒬,2096,1129,906,60.7,25.2,127291
141310090,2,,,lJ,442,314,108,74.1,27.2,32768
141310100,2,,,t,-,-,-,-,-,-
141310110,2,,,䒬,817,338,428,60.7,26.4,49610
141310120,2,,,a,1546,718,754,59.4,26.2,91794
14131012001,3,,,aP,489,208,263,56,25.6,27367
14131012002,3,,,aQ,1057,510,491,61,26.5,64427
141310130,2,,,o,627,207,361,47.3,23.8,29642
141310140,2,,,t{,585,294,263,57.7,26.6,33746
141310150,2,,,t,372,223,134,80.9,32.5,30100
141310160,2,,,O,1366,631,609,63,26.8,86079
14131016001,3,,,OP,464,228,179,62.5,25.5,29020
14131016002,3,,,OQ,240,122,115,67.6,28.8,16236
14131016003,3,,,OR,662,281,315,61.7,27.1,40823
141310170,2,,,t͌,500,131,213,56.5,24.3,28249
14131017001,3,,,t͌P,26,17,7,70,34.3,1819
14131017002,3,,,t͌Q,474,114,206,55.8,23.8,26430
141310180,2,@,,a,1420,756,570,68.5,28,97305
14131018001,3,,,aP,646,351,245,68.2,27.9,44069
14131018002,3,,,aQ,453,240,194,69.3,27.8,31376
14131018003,3,@,,aR,321,165,131,68.1,28.6,21860
141310190,2,*,,,,,,,,
141310200,2,,,],834,386,263,62.3,24.2,51996
14131020001,3,,,]P,320,126,137,63.3,26.5,20250
14131020002,3,,,]Q,514,260,126,61.8,22.8,31746
141310210,2,,,c,1236,912,285,67,27.4,82816
14131021001,3,,,cP,207,79,119,47.8,23.6,9899
14131021002,3,,,cQ,934,808,110,72.9,28.2,68077
14131021003,3,,,cR,95,25,56,50.9,25.7,4840
141310220,2,,,mo,895,250,585,49,25.6,43869
14131022001,3,,,moP,490,118,347,50,25.9,24510
14131022002,3,,,moQ,405,132,238,47.8,25.1,19359
141310230,2,,,l,849,456,290,66.5,26.7,56417
14131023001,3,,,lP,426,251,99,72.1,25.8,30721
14131023002,3,,,lQ,192,122,59,76.2,29.8,14629
14131023003,3,,,lR,215,75,129,46.2,25.5,9930
14131023004,3,,,lS,16,8,3,71.1,27.7,1138
141310240,2,@,,,21,3,13,65.4,33.5,1373
14131024001,3,*,,P,,,,,,
14131024002,3,*,,Q,,,,,,
14131024003,3,,,R,-,-,-,-,-,-
141310250,2,,,,-,-,-,-,-,-
141310260,2,,,璹,-,-,-,-,-,-
141310270,2,,,],-,-,-,-,-,-
141310280,2,,,,-,-,-,-,-,-
141310510,2,,,{,2431,1433,782,62.7,25.5,152430
14131051001,3,,,{P,938,511,393,62.1,25.5,58286
14131051002,3,,,{Q,1493,922,389,63.1,25.6,94144
141310520,2,,,l,2773,1312,1332,55.9,25,155057
14131052001,3,,,lP,896,384,486,54.3,25.2,48687
14131052002,3,,,lQ,904,526,347,58.9,24.2,53218
14131052003,3,,,lR,598,288,287,55.4,25.3,33111
14131052004,3,,,lS,375,114,212,53.4,26.4,20042
141310530,2,,,Ǖ,1132,542,566,57.7,24.7,65269
141310540,2,,,|ǒ,2434,1297,1023,63.4,26.4,154428
14131054001,3,,,|ǒʂP,886,441,416,66.3,28.1,58723
14131054002,3,,,|ǒʂQ,685,301,323,57.9,25.4,39648
14131054003,3,,,|ǒʂR,491,300,181,64,25.2,31400
14131054004,3,,,|ǒʂS,343,231,98,66.3,26,22739
14131054005,3,,,|ǒʂT,29,24,5,66.2,25.9,1919
141310550,2,,,c,928,371,450,57.9,24.9,53749
141310560,2,@,,ch,731,359,357,62.8,29.4,45937
14131056001,3,*,,chP,,,,,,
14131056002,3,*,,chQ,,,,,,
141310570,2,,,c,6753,3666,2793,64.4,26.6,434572
14131057001,3,,,cP,991,538,407,71.5,29.6,70900
14131057002,3,,,cQ,1255,643,575,60.6,26.2,76005
14131057003,3,,,cR,1082,587,465,62.3,26.2,67438
14131057004,3,,,cS,1106,600,485,65.8,27.4,72822
14131057005,3,,,cT,1298,627,562,59.8,24.6,77626
14131057006,3,,,cU,676,351,298,62,26.2,41926
14131057007,3,,,cV,345,320,1,80.7,26.7,27855
141310580,2,,,c,3096,1753,1138,62.9,25.9,194602
14131058001,3,,,cP,553,388,151,69.8,26.8,38621
14131058002,3,,,cQ,1000,503,464,56.4,24.9,56449
14131058003,3,,,cR,851,503,258,67.8,27.2,57682
14131058004,3,,,cS,692,359,265,60.5,25,41851
141310590,2,@,,r㒬,386,178,185,51.6,22.4,19925
141310600,2,*,,쒬,,,,,,
141310610,2,,,nc,-,-,-,-,-,-
141310620,2,,,cӐVc,-,-,-,-,-,-
141310630,2,,,Β,10,3,6,52.6,19.5,526
141310640,2,,,쒬,-,-,-,-,-,-
141310650,2,@,,,19,13,4,72.6,32.1,1380
141310660,2,,,,-,-,-,-,-,-
141310670,2,*,,,,,,,,
141311010,2,,,wO{,217,121,80,64.9,32.1,14082
141311020,2,,,q,621,190,379,50.3,31.3,31240
14131102001,3,,,qP,227,70,146,54.1,31.8,12274
14131102002,3,,,qQ,394,120,233,48.1,31,18967
141311030,2,,,{,2217,969,1131,46.6,26.3,103273
14131103001,3,,,{P,752,232,485,45.5,28.6,34214
14131103002,3,,,{Q,1465,737,646,47.1,25.2,69060
141311040,2,,,xV,496,67,364,33.4,25.3,16575
141311050,2,,,{{,340,136,176,45.7,26.4,15533
141311060,2,,,c,598,280,288,53.4,30.5,31924
141311070,2,,,i,3040,1273,976,52.5,26,159460
14131107000,3,,,i,1492,547,688,49.9,26.3,74495
14131107001,3,,,i,1548,726,288,54.9,25.8,84965
141311080,2,,,쒬,1037,233,721,38.5,26.4,39931
141311090,2,,,쒬,1248,329,836,41.9,26.1,52269
141311100,2,,,獪,54,22,32,44.5,27.6,2403
141311110,2,,,,683,279,388,48.8,25.8,33345
141311120,2,,,rc,1536,682,777,49.9,26.3,76690
14131112001,3,,,rcP,1014,423,527,46.7,25.6,47383
14131112002,3,,,rcQ,522,259,250,56.1,27.5,29306
141311130,2,,,,4023,2436,972,69.9,27.1,281191
14131113001,3,,,P,1220,636,443,63.3,27.1,77238
14131113002,3,,,Q,1578,1046,430,72.3,27.7,114061
14131113003,3,,,R,1225,754,99,73.4,26.2,89892
141311140,2,,,ncR,1066,451,590,55.3,25.9,58945
141311150,2,,,,947,513,401,54.4,26,51550
14131115001,3,,,؂P,502,244,245,56,26.7,28137
14131115002,3,,,؂Q,445,269,156,52.6,25.2,23413
141311160,2,,,ncV,1577,858,644,63.7,27.8,100472
14131116001,3,,,ncVP,378,198,167,64.6,29,24412
14131116002,3,,,ncVQ,482,210,235,58.8,27.4,28349
14131116003,3,,,ncVR,717,450,242,66.5,27.5,47711
141311170,2,,,nc,1114,400,645,53.9,26.4,60094
141311180,2,,,nc,2638,1308,1245,61.5,27.4,162286
14131118001,3,,,ncP,997,453,511,56.5,26.9,56367
14131118002,3,,,ncQ,691,334,332,65.1,29,44955
14131118003,3,,,ncR,459,204,242,63.1,27.7,28958
14131118004,3,,,ncS,491,317,160,65.2,25.8,32006
141311190,2,,,哇㒬,1047,508,496,64.6,28.5,67627
141311200,2,,,nc,608,293,291,65.5,27.6,39825
141311210,2,,,哇,4924,2292,2168,61.8,27.3,304074
14131121001,3,,,哇P,1079,498,518,57.8,26.6,62402
14131121002,3,,,哇Q,601,279,301,65.4,28.7,39282
14131121003,3,,,哇R,1173,536,557,64.2,27.3,75351
14131121004,3,,,哇S,841,427,226,62.9,28.2,52933
14131121005,3,,,哇T,1230,552,566,60.2,26.6,74107
141311220,2,,,{O,814,340,402,48.7,26.6,39666
141311230,2,,,V,561,234,296,52.6,27.1,29504
141311240,2,,,,769,240,429,55.3,27.1,42540
141311250,2,,,L,1690,604,1022,50,26.5,84565
14131125001,3,,,L˂P,961,329,589,50.6,27.4,48657
14131125002,3,,,L˂Q,729,275,433,49.3,25.4,35909
141311260,2,,,|,505,245,153,54.3,28.6,27433
141311270,2,,,xm,682,171,140,60.9,26.7,41558
14131127001,3,,,xmP,383,27,28,64.6,29.4,24749
14131127002,3,,,xmQ,299,144,112,56.2,23.6,16809
141311280,2,,,,1878,763,982,59.6,26.3,111934
14131128001,3,,,P,457,208,225,64.8,28.2,29633
14131128002,3,,,Q,710,258,382,57.6,26.4,40923
14131128003,3,,,R,711,297,375,58.2,25.2,41377
141311290,2,,,,1648,643,752,60.4,27.6,99544
14131129001,3,,,P,671,186,301,54.4,27.5,36535
14131129002,3,,,Q,977,457,451,64.5,27.6,63010
141311300,2,,,`,199,80,104,48.6,26.1,9673
141311310,2,,,ؒ,-,-,-,-,-,-
