KEY_CODE,HYOSYO,HTKSYU,CITYNAME,NAME,T000055001,T000055002,T000055003,T000055004,T000055005,T000055006
,,,,,ZɏZވʐ,,c؉,Pѓ艄ʐ,Pl艄ʐ,ʐ
13229,1,,s,,80195,39930,26714,68.4,29.7,5482006
132290010,2,,s,V,3393,1592,903,73.5,31.3,249354
13229001001,3,,s,VP,1068,202,158,62.5,28.5,66746
13229001002,3,,s,VQ,306,179,106,77.8,34,23807
13229001003,3,,s,VR,311,180,125,77.2,30.8,23995
13229001004,3,,s,VS,424,226,151,82.3,33.9,34885
13229001005,3,,s,VT,935,558,268,77,32.4,71979
13229001006,3,,s,VU,349,247,95,80.1,31,27942
132290020,2,,s,,5064,2047,1236,64.3,27.7,325824
13229002001,3,,s,P,975,253,259,63.2,30,61628
13229002002,3,,s,Q,1285,660,155,68.3,26,87772
13229002003,3,,s,R,949,365,114,67.4,28.9,63927
13229002004,3,,s,S,131,42,65,57.9,26,7580
13229002005,3,,s,T,937,506,397,61.4,28.8,57570
13229002006,3,,s,U,787,221,246,60.2,26.1,47347
132290030,2,,s,,2717,1234,1136,62.6,29.6,169978
13229003001,3,,s,P,427,217,204,65.7,32.1,28055
13229003002,3,,s,Q,537,115,185,56.9,28.3,30562
13229003003,3,,s,R,399,217,170,64.8,27,25851
13229003004,3,,s,S,491,230,220,62,29.1,30460
13229003005,3,,s,T,608,326,273,61.4,30.3,37316
13229003006,3,,s,U,255,129,84,69.5,32.4,17735
132290040,2,,s,ےJ,5553,2537,2530,64.9,30,360270
13229004001,3,,s,ےJP,574,295,222,71.9,27.9,41259
13229004002,3,,s,ےJQ,532,196,286,61.8,30.1,32890
13229004003,3,,s,ےJR,1302,435,778,56.1,30.4,73101
13229004004,3,,s,ےJS,602,351,235,66.8,32.1,40210
13229004005,3,,s,ےJT,1264,665,517,70.2,29.6,88712
13229004006,3,,s,ےJU,1279,595,492,65.8,30.1,84097
132290050,2,,s,xm,5187,1759,2215,62.7,29.3,325188
13229005001,3,,s,xmP,1410,302,198,63.8,28.3,89947
13229005002,3,,s,xmQ,697,382,282,74.6,32,52023
13229005003,3,,s,xmR,479,202,214,60.7,29.1,29090
13229005004,3,,s,xmS,1506,482,878,59.6,29.2,89709
13229005005,3,,s,xmT,479,200,270,60.4,29,28934
13229005006,3,,s,xmU,616,191,373,57.6,29.3,35486
132290060,2,,s,,2548,1720,687,79.6,31.5,202878
13229006001,3,,s,P,319,226,77,83.6,33,26678
13229006002,3,,s,Q,448,220,197,67,31,30038
13229006003,3,,s,R,432,257,116,76.3,30.4,32973
13229006004,3,,s,S,326,229,91,82,31.3,26740
13229006005,3,,s,T,575,448,113,82.9,31.9,47665
13229006006,3,,s,U,448,340,93,86.6,31.5,38784
132290070,2,,s,,2922,1317,1240,68.3,30.8,199658
13229007001,3,,s,P,377,132,127,65.3,31.4,24609
13229007002,3,,s,Q,506,193,264,66.3,31.4,33534
13229007003,3,,s,R,603,276,295,62.2,30.8,37502
13229007004,3,,s,S,659,337,233,72.8,32.2,47955
13229007005,3,,s,T,462,265,178,76.2,33.1,35225
13229007006,3,,s,U,315,114,143,66.1,24.1,20834
132290080,2,,s,,3394,2297,944,76.2,30.7,258608
13229008001,3,,s,򒬂P,674,453,190,80.4,32,54217
13229008002,3,,s,򒬂Q,712,525,133,78.2,29.4,55692
13229008003,3,,s,򒬂R,396,236,146,71,32,28122
13229008004,3,,s,򒬂S,311,207,81,76.4,30.1,23745
13229008005,3,,s,򒬂T,747,484,251,69.6,29.4,51955
13229008006,3,,s,򒬂U,554,392,143,81,31.9,44879
132290090,2,,s,Zg,2589,1551,932,74.3,31.2,192261
13229009001,3,,s,ZgP,658,472,163,79.3,31.3,52169
13229009002,3,,s,ZgQ,411,202,185,69.2,32.3,28443
13229009003,3,,s,ZgR,490,217,259,65.9,31.3,32283
13229009004,3,,s,ZgS,507,320,181,73.5,30.3,37265
13229009005,3,,s,ZgT,192,108,67,73.7,27.9,14149
13229009006,3,,s,ZgU,331,232,77,84.4,32.7,27951
132290100,2,,s,Ђ΂肪u,2893,1303,573,70.8,31,204847
13229010001,3,,s,Ђ΂肪uP,792,358,315,71.9,34.3,56913
13229010002,3,,s,Ђ΂肪uQ,722,331,222,71.5,29.9,51644
13229010003,3,,s,Ђ΂肪uR,707,-,-,45.5,24,32174
13229010004,3,,s,Ђ΂肪uS,672,614,36,95.4,33.9,64117
132290110,2,,s,Ђ΂肪uk,2092,811,1121,62,30.6,129651
13229011001,3,,s,Ђ΂肪ukP,467,162,202,66,30.6,30839
13229011002,3,,s,Ђ΂肪ukQ,480,232,236,69.1,30.9,33169
13229011003,3,,s,Ђ΂肪ukR,628,205,403,53.9,30.4,33840
13229011004,3,,s,Ђ΂肪ukS,517,212,280,61.5,30.8,31803
132290120,2,,s,h,1287,645,382,78.2,27,100656
13229012001,3,,s,hP,660,322,240,75.4,25.9,49790
13229012002,3,,s,hQ,368,197,62,84.1,28.6,30952
13229012003,3,,s,hR,259,126,80,76.9,27.9,19915
132290130,2,,s,k,1884,1290,503,81.8,30.7,154179
13229013001,3,,s,kP,228,124,104,79.5,30.1,18127
13229013002,3,,s,kQ,557,376,156,83.4,30.9,46427
13229013003,3,,s,kR,337,258,70,80.5,29,27135
13229013004,3,,s,kS,182,129,15,77.7,29.6,14137
13229013005,3,,s,kT,456,326,113,84.5,31.8,38551
13229013006,3,,s,kU,124,77,45,79.1,32.6,9803
132290140,2,,s,ےJ,3427,1702,1370,70.2,31,240424
13229014001,3,,s,ےJP,341,195,136,73,31.1,24889
13229014002,3,,s,ےJQ,842,267,341,61.3,28.3,51612
13229014003,3,,s,ےJR,738,468,240,84.4,33.9,62294
13229014004,3,,s,ےJS,616,294,291,64.2,31.3,39536
13229014005,3,,s,ےJT,890,478,362,69.8,30.6,62092
132290150,2,,s,c,6147,2546,2792,59.2,29,364157
13229015001,3,,s,cP,462,251,151,64.8,29.7,29924
13229015002,3,,s,cQ,939,436,402,60.8,30.5,57125
13229015003,3,,s,cR,877,368,491,55.2,29.8,48418
13229015004,3,,s,cS,1175,329,667,53.7,27.9,63067
13229015005,3,,s,cT,639,294,317,63.3,30,40431
13229015006,3,,s,cU,798,397,386,61.9,29.8,49369
13229015007,3,,s,cV,1257,471,378,60.3,27.3,75825
132290160,2,,s,쒬,5584,2599,2247,66,30.6,368556
13229016001,3,,s,쒬P,949,321,503,51.7,28,49052
13229016002,3,,s,쒬Q,925,468,413,68.3,33,63223
13229016003,3,,s,쒬R,1205,462,362,66.6,29.4,80239
13229016004,3,,s,쒬S,972,436,389,65,31.6,63179
13229016005,3,,s,쒬T,830,467,346,71.8,32.2,59617
13229016006,3,,s,쒬U,703,445,234,75.7,29.6,53247
132290170,2,,s,,2832,1538,531,66.4,27.4,188087
13229017001,3,,s,P,397,185,104,60,26.1,23811
13229017002,3,,s,Q,190,83,84,77.1,31.4,14647
13229017003,3,,s,R,788,190,88,52.3,23.5,41241
13229017004,3,,s,S,1075,886,76,75.5,28.5,81169
13229017005,3,,s,T,382,194,179,71.3,31.2,27218
132290180,2,,s,Β,1698,1009,340,70.3,29,119300
13229018001,3,,s,ΒP,554,371,110,62.9,27.3,34844
13229018002,3,,s,ΒQ,609,470,120,83.5,31.8,50853
13229018003,3,,s,ΒR,535,168,110,62.8,27.1,33603
132290200,2,,s,J˒,5407,3466,761,74.5,29.6,403081
13229020001,3,,s,J˒P,1281,514,174,73.3,30.5,93855
13229020002,3,,s,J˒Q,2530,1897,115,75.8,28.3,191794
13229020003,3,,s,J˒R,1596,1055,472,73.6,31.3,117433
132290210,2,,s,k,2093,951,792,64.4,29.4,134810
13229021001,3,,s,kP,1073,546,355,65.7,29.1,70513
13229021002,3,,s,kQ,533,237,131,71,30.1,37865
13229021003,3,,s,kR,487,168,306,54.3,29.2,26432
132290220,2,,s,䒬,4697,2585,1196,72.9,29.2,342465
13229022001,3,,s,䒬P,913,516,346,73.5,32.4,67061
13229022002,3,,s,䒬Q,711,408,196,80.2,31,57004
13229022003,3,,s,䒬R,552,306,115,80,31.2,44182
13229022004,3,,s,䒬S,1511,704,317,63.5,25.7,96015
13229022005,3,,s,䒬T,290,121,53,78.9,27.3,22887
13229022006,3,,s,䒬U,720,530,169,76.8,30.3,55316
132290230,2,,s,ŋvے,6787,3431,2283,66,28.1,447774
13229023001,3,,s,ŋvےP,1500,737,506,63.3,26.6,94963
13229023002,3,,s,ŋvےQ,1596,675,535,59.4,26.9,94750
13229023003,3,,s,ŋvےR,1491,702,641,69.6,31.3,103759
13229023004,3,,s,ŋvےS,1446,913,378,70.8,28.3,102398
13229023005,3,,s,ŋvےT,754,404,223,68.8,27.2,51905
