KEY_CODE,HYOSYO,HTKSYU,CITYNAME,NAME,T000055001,T000055002,T000055003,T000055004,T000055005,T000055006
,,,,,住宅に住む一般世帯,持ち家,民営借家,１世帯当たり延面積,１人当たり延面積,総延面積
13104,1,,新宿区,,165884,59050,85838,52.4,29.6,8692509
131040010,2,,新宿区,四谷,2130,724,1310,56.7,32.5,120826
13104001001,3,,新宿区,四谷１丁目,215,139,62,95.1,41.7,20450
13104001002,3,,新宿区,四谷２丁目,140,70,58,77.7,34.6,10877
13104001003,3,,新宿区,四谷３丁目,233,106,108,59.5,34.8,13864
13104001004,3,,新宿区,四谷４丁目,1542,409,1082,49,30,75634
131040020,2,,新宿区,本塩町,267,118,89,65.3,31.3,17430
131040030,2,,新宿区,三栄町,783,342,357,64.4,32.7,50455
131040040,2,,新宿区,坂町,1243,443,700,50.8,30.2,63115
131040050,2,,新宿区,若葉,2010,1046,848,63.4,32.8,127358
13104005001,3,,新宿区,若葉１丁目,1071,562,459,70.3,35.8,75332
13104005002,3,,新宿区,若葉２丁目,406,220,148,60,31.8,24374
13104005003,3,,新宿区,若葉３丁目,533,264,241,51.9,27.3,27652
131040060,2,,新宿区,須賀町,716,282,382,57.1,32,40866
131040070,2,,新宿区,左門町,909,404,433,54.9,34.8,49945
131040080,2,,新宿区,信濃町,486,164,226,73.3,35.5,35637
131040090,2,,新宿区,南元町,963,399,437,54.8,28.8,52737
131040100,2,,新宿区,荒木町,1163,416,696,52.1,32.7,60595
131040110,2,,新宿区,舟町,776,301,457,51.5,33.8,39945
131040120,2,,新宿区,愛住町,709,263,415,60.5,35.2,42928
131040130,2,,新宿区,大京町,1625,665,867,59.9,32.5,97408
131040140,2,,新宿区,霞ヶ丘町,282,-,-,37.5,19.4,10587
131040150,2,,新宿区,内藤町,413,247,135,74.9,37.6,30952
131040160,2,,新宿区,片町,228,87,132,46.9,31.2,10694
131040170,2,,新宿区,新宿,9802,3578,5386,49.3,29.8,483708
13104017001,3,,新宿区,新宿１丁目,2246,850,1234,47.4,30.8,106398
13104017002,3,,新宿区,新宿２丁目,684,304,348,53.4,34.3,36523
13104017003,3,,新宿区,新宿３丁目,55,41,9,70.8,43.7,3893
13104017004,3,,新宿区,新宿４丁目,136,56,66,53.1,31.3,7227
13104017005,3,,新宿区,新宿５丁目,1638,504,1055,44.1,28.9,72236
13104017006,3,,新宿区,新宿６丁目,1904,438,1155,46.7,28.5,88886
13104017007,3,,新宿区,新宿７丁目,3139,1385,1519,53.7,29.1,168545
131040180,2,,新宿区,歌舞伎町,1569,387,1098,39.7,28,62288
13104018001,3,,新宿区,歌舞伎町１丁目,115,44,65,40.5,25.3,4654
13104018002,3,,新宿区,歌舞伎町２丁目,1454,343,1033,39.6,28.2,57634
131040190,2,,新宿区,市谷田町,507,218,214,53.7,33.6,27219
13104019001,3,,新宿区,市谷田町１丁目,68,8,2,41.9,26.1,2847
13104019002,3,,新宿区,市谷田町２丁目,276,163,101,59.6,36.1,16446
13104019003,3,,新宿区,市谷田町３丁目,163,47,111,48.6,32.2,7926
131040200,2,,新宿区,市谷本村町,423,139,223,52.9,32.7,22379
131040210,2,,新宿区,市谷砂土原町,656,289,293,89.8,46.7,58909
13104021001,3,,新宿区,市谷砂土原町１丁目,106,68,30,111.3,44.2,11802
13104021002,3,,新宿区,市谷砂土原町２丁目,180,34,102,83.9,45.9,15103
13104021003,3,,新宿区,市谷砂土原町３丁目,370,187,161,86.5,48.1,32004
131040220,2,,新宿区,市谷左内町,242,122,93,71.4,36.7,17280
131040230,2,,新宿区,市谷加賀町,690,204,250,64,26.7,44184
13104023001,3,,新宿区,市谷加賀町１丁目,152,11,3,74.8,19.7,11370
13104023002,3,,新宿区,市谷加賀町２丁目,538,193,247,61,30.4,32814
131040240,2,,新宿区,市谷甲良町,323,213,91,71.5,39.2,23108
131040250,2,,新宿区,市谷船河原町,93,49,40,116.6,46.5,10842
131040260,2,,新宿区,市谷長延寺町,133,9,17,40,24.1,5319
131040270,2,,新宿区,市谷鷹匠町,42,14,8,91.8,35,3854
131040280,2,,新宿区,市谷山伏町,205,143,55,69.7,33,14290
131040290,2,,新宿区,市谷八幡町,57,32,19,75.6,34.5,4307
131040300,2,,新宿区,神楽坂,1308,696,538,61.1,33.7,79953
13104030001,3,,新宿区,神楽坂１丁目,14,11,-,102.1,31.8,1429
13104030002,3,,新宿区,神楽坂２丁目,94,60,28,67.6,33.8,6358
13104030003,3,,新宿区,神楽坂３丁目,284,81,194,54.3,35.7,15432
13104030004,3,,新宿区,神楽坂４丁目,78,45,26,74.8,39.1,5831
13104030005,3,,新宿区,神楽坂５丁目,368,298,59,70.5,36.7,25937
13104030006,3,,新宿区,神楽坂６丁目,470,201,231,53.1,29.2,24966
131040310,2,,新宿区,細工町,272,92,146,52.9,26.6,14397
131040320,2,,新宿区,二十騎町,314,172,115,67.2,34.5,21115
131040330,2,,新宿区,揚場町,36,25,6,109.2,46.3,3933
131040340,2,,新宿区,津久戸町,99,26,60,42.3,29.7,4185
131040350,2,,新宿区,東五軒町,851,455,336,54.6,29,46452
131040360,2,,新宿区,西五軒町,690,234,404,60.5,32.8,41752
131040370,2,,新宿区,赤城元町,184,66,91,57.1,31.3,10503
131040380,2,,新宿区,南榎町,611,344,195,72,34.6,44021
131040390,2,,新宿区,袋町,295,129,147,63.3,36.1,18669
131040400,2,,新宿区,払方町,408,131,201,67.6,34.5,27582
131040410,2,,新宿区,南町,253,129,110,78.7,38.9,19914
131040420,2,,新宿区,北町,431,288,126,66.5,33.6,28666
131040430,2,,新宿区,納戸町,474,225,226,62.8,31.3,29769
131040440,2,,新宿区,南山伏町,379,157,167,52.6,30.4,19954
131040450,2,,新宿区,北山伏町,209,61,115,51.8,29.2,10823
131040460,2,,新宿区,白銀町,686,559,117,64.6,35.5,44330
131040470,2,,新宿区,下宮比町,63,51,9,57.7,33.1,3637
131040480,2,,新宿区,矢来町,2088,808,1003,64.9,33,135591
131040490,2,,新宿区,若宮町,530,230,236,62.4,34.2,33053
131040500,2,,新宿区,岩戸町,256,71,177,44,30.3,11276
131040510,2,,新宿区,中町,196,109,75,88.8,41.2,17403
131040520,2,,新宿区,箪笥町,198,61,127,42.8,27.7,8465
131040530,2,,新宿区,横寺町,529,211,283,54.8,33.7,29012
131040540,2,,新宿区,筑土八幡町,316,145,116,65.9,31.4,20820
131040550,2,,新宿区,新小川町,1475,804,555,56,32,82593
131040560,2,,新宿区,神楽河岸,-,-,-,-,-,-
131040570,2,,新宿区,市谷薬王寺町,1642,508,917,49.4,29,81066
131040580,2,,新宿区,市谷柳町,538,197,276,45.5,27.4,24453
131040590,2,,新宿区,市谷仲之町,730,253,317,68.3,32.7,49845
131040600,2,,新宿区,赤城下町,719,341,302,55.9,31.4,40186
131040610,2,,新宿区,天神町,594,258,296,48.3,29.8,28695
131040620,2,,新宿区,榎町,371,125,226,46.9,28.5,17384
131040630,2,,新宿区,東榎町,182,59,113,42.3,26.4,7702
131040640,2,,新宿区,早稲田町,584,201,354,45,30.1,26290
131040650,2,,新宿区,早稲田南町,541,173,249,49.3,27.5,26656
131040660,2,,新宿区,馬場下町,294,135,144,51.1,28.6,15023
131040670,2,,新宿区,原町,2077,861,991,52.9,28.4,109853
13104067001,3,,新宿区,原町１丁目,694,332,285,53.9,28.6,37432
13104067002,3,,新宿区,原町２丁目,657,245,324,52.7,27.6,34651
13104067003,3,,新宿区,原町３丁目,726,284,382,52,29.1,37769
131040680,2,,新宿区,喜久井町,950,405,468,58.6,32.2,55715
131040690,2,,新宿区,築地町,260,64,187,48.2,26.7,12532
131040700,2,,新宿区,弁天町,1384,602,566,56.5,29.2,78145
131040710,2,,新宿区,中里町,325,225,67,65.7,31.6,21346
131040720,2,,新宿区,山吹町,1301,549,707,54.9,29.7,71369
131040730,2,,新宿区,改代町,224,76,136,53.6,29.6,12003
131040740,2,,新宿区,水道町,397,125,245,46.5,27.4,18462
131040750,2,,新宿区,早稲田鶴巻町,2945,926,1834,49.6,28.6,146142
131040760,2,,新宿区,住吉町,1391,473,781,51,30.3,70983
131040770,2,,新宿区,市谷台町,683,203,416,53.9,30.5,36835
131040780,2,,新宿区,河田町,1453,226,327,60.9,32.5,88548
131040790,2,,新宿区,若松町,2824,862,1468,50.4,28.1,142196
131040800,2,,新宿区,余丁町,2067,670,1208,50.4,27.9,104272
131040810,2,,新宿区,戸山,4878,816,721,46.8,23,228199
13104081001,3,,新宿区,戸山１丁目,1120,467,499,58.6,30.1,65608
13104081002,3,,新宿区,戸山２丁目,3209,168,20,41,19.6,131526
13104081003,3,,新宿区,戸山３丁目,549,181,202,56.6,30,31065
131040820,2,,新宿区,富久町,2870,1249,1224,54.8,30.1,157405
131040830,2,,新宿区,百人町,7341,2051,3228,51.3,27.5,376359
13104083001,3,,新宿区,百人町１丁目,2100,407,1536,42.1,28.2,88510
13104083002,3,,新宿区,百人町２丁目,2235,694,1434,45,27.6,100675
13104083003,3,,新宿区,百人町３丁目,2405,889,254,65.6,27.4,157649
13104083004,3,,新宿区,百人町４丁目,601,61,4,49.1,26.2,29524
131040840,2,,新宿区,大久保,8160,2041,4652,46,25.3,375734
13104084001,3,,新宿区,大久保１丁目,2437,516,1802,40.8,26.1,99532
13104084002,3,,新宿区,大久保２丁目,4170,1269,2683,45.9,26.5,191388
13104084003,3,,新宿区,大久保３丁目,1553,256,167,54.6,22.3,84814
131040850,2,,新宿区,戸塚町,125,53,68,49.4,29.6,6177
131040860,2,,新宿区,西早稲田,9637,3368,5075,47.9,27.9,461533
13104086001,3,,新宿区,西早稲田１丁目,3207,982,1583,45.5,27.5,145825
13104086002,3,,新宿区,西早稲田２丁目,2874,940,1740,46.7,29,134197
13104086003,3,,新宿区,西早稲田３丁目,3556,1446,1752,51,27.6,181510
131040870,2,,新宿区,高田馬場,9953,2945,6052,47.9,29.4,476859
13104087001,3,,新宿区,高田馬場１丁目,2506,723,1627,48.6,31.1,121730
13104087002,3,,新宿区,高田馬場２丁目,950,342,573,52.6,30.5,49972
13104087003,3,,新宿区,高田馬場３丁目,3383,874,2155,42.6,27,144024
13104087004,3,,新宿区,高田馬場４丁目,3114,1006,1697,51.7,30.3,161133
131040880,2,,新宿区,下落合,7452,2973,3887,60.1,33,448204
13104088001,3,,新宿区,下落合１丁目,1390,363,972,37.2,24.7,51678
13104088002,3,,新宿区,下落合２丁目,1521,674,634,64.9,32.5,98747
13104088003,3,,新宿区,下落合３丁目,2334,1040,1131,67.8,37.5,158234
13104088004,3,,新宿区,下落合４丁目,2207,896,1150,63.2,32.9,139545
131040890,2,,新宿区,中落合,6957,3086,3342,59.7,31.3,415115
13104089001,3,,新宿区,中落合１丁目,1699,645,977,50.8,29.7,86359
13104089002,3,,新宿区,中落合２丁目,2072,957,903,57.3,30.6,118633
13104089003,3,,新宿区,中落合３丁目,1766,935,735,65.8,33.2,116176
13104089004,3,,新宿区,中落合４丁目,1420,549,727,66.2,31.7,93946
131040900,2,,新宿区,上落合,8510,2819,5256,46.4,27.1,394530
13104090001,3,,新宿区,上落合１丁目,2902,1153,1615,47.6,27.1,138169
13104090002,3,,新宿区,上落合２丁目,2901,807,1962,45.6,26.5,132418
13104090003,3,,新宿区,上落合３丁目,2707,859,1679,45.8,27.6,123943
131040910,2,,新宿区,西落合,6729,2663,3537,58.3,30.6,392306
13104091001,3,,新宿区,西落合１丁目,2149,717,1290,50.9,27.3,109451
13104091002,3,,新宿区,西落合２丁目,2057,805,975,52.8,27.6,108549
13104091003,3,,新宿区,西落合３丁目,1545,676,808,64.3,33.9,99300
13104091004,3,,新宿区,西落合４丁目,978,465,464,76.7,38.2,75006
131040920,2,,新宿区,中井,2497,945,1419,58.6,32.6,146250
13104092001,3,,新宿区,中井１丁目,1089,283,763,39.3,25.1,42844
13104092002,3,,新宿区,中井２丁目,1408,662,656,73.4,37.2,103406
131040930,2,,新宿区,北新宿,12398,4161,7128,46.5,27.3,577111
13104093001,3,,新宿区,北新宿１丁目,3278,1050,1898,47.5,27.5,155642
13104093002,3,,新宿区,北新宿２丁目,2504,995,1336,50.4,28.1,126206
13104093003,3,,新宿区,北新宿３丁目,3432,1123,1986,45.7,27.5,156956
13104093004,3,,新宿区,北新宿４丁目,3184,993,1908,43.4,26.4,138308
131040940,2,,新宿区,西新宿,11305,3786,6702,45.5,29.5,514000
13104094001,3,,新宿区,西新宿１丁目,28,24,1,74.5,37.2,2086
13104094002,3,,新宿区,西新宿２丁目,1,-,-,60,20,60
13104094003,3,,新宿区,西新宿３丁目,877,366,466,50.3,30.5,44080
13104094004,3,,新宿区,西新宿４丁目,4321,1502,2453,45.1,29.4,194975
13104094005,3,,新宿区,西新宿５丁目,2127,568,1438,42.2,27.2,89838
13104094006,3,,新宿区,西新宿６丁目,1016,327,647,49.8,33.3,50556
13104094007,3,,新宿区,西新宿７丁目,1158,551,493,51.6,32.4,59723
13104094008,3,,新宿区,西新宿８丁目,1777,448,1204,40.9,27.6,72682
