KEY_CODE,HYOSYO,HTKSYU,CITYNAME,NAME,T000055001,T000055002,T000055003,T000055004,T000055005,T000055006
,,,,,ZɏZވʐ,,c؉,Pѓ艄ʐ,Pl艄ʐ,ʐ
13218,1,,s,,26096,11391,10505,65.5,28.6,1710550
132180010,2,,s,厚F,8081,3333,3269,66.7,28.8,539145
13218001090,3,,s,厚F,3881,1684,1466,70.5,29,273511
13218001091,3,,s,厚F,3800,1456,1612,62.9,28.3,238868
13218001092,3,,s,厚F,400,193,191,66.9,31.4,26766
132180020,2,,s,厚,5893,2930,2631,68.7,30.2,404957
13218002090,3,,s,厚,3346,1705,1363,72.1,30.8,241341
13218002091,3,,s,厚,2547,1225,1268,64.2,29.4,163615
132180030,2,,s,l,940,470,451,67.2,30.8,63194
132180040,2,,s,u,1301,726,543,74,31.2,96292
132180050,2,,s,{,794,401,370,62.7,31,49748
132180060,2,,s,kc,840,371,431,69.2,27.1,58165
13218006000,3,,s,kc,-,-,-,-,-,-
13218006001,3,,s,kcP,350,152,194,72.4,26.5,25347
13218006002,3,,s,kcQ,490,219,237,67,27.6,32818
132180070,2,,s,c,2171,648,683,61.2,26,132841
13218007000,3,*,s,c,,,,,,
13218007001,3,@,s,cP,466,219,239,71.3,28.3,33217
13218007002,3,,s,cQ,1054,220,234,55.2,24.4,58217
13218007003,3,,s,cR,651,209,210,63.6,26.6,41406
132180080,2,,s,,2828,1550,924,63.4,27.4,179189
13218008001,3,,s,P,1559,954,485,64.2,27,100049
13218008002,3,,s,Q,1269,596,439,62.4,27.8,79141
132180090,2,,s,,3012,825,1109,56.4,25.8,169889
13218009001,3,,s,P,682,230,421,62.1,28.1,42332
13218009002,3,,s,Q,508,165,327,61.5,27.4,31265
13218009003,3,,s,R,808,430,359,73.7,29.8,59546
13218009004,3,,s,S,1014,-,2,36.2,18.9,36746
132180100,2,@,s,,157,86,67,69.5,31,10906
132180110,2,,s,cn,-,-,-,-,-,-
132180120,2,*,s,厚F{,,,,,,
132180130,2,,s,厚{,79,51,27,78.8,29.9,6224
