KEY_CODE,HYOSYO,HTKSYU,CITYNAME,NAME,T000055001,T000055002,T000055003,T000055004,T000055005,T000055006
,,,,,住宅に住む一般世帯,持ち家,民営借家,１世帯当たり延面積,１人当たり延面積,総延面積
13101,1,,千代田区,,18517,9811,4416,71.9,34.6,1331654
131010010,2,*,千代田区,丸の内,,,,,,
13101001001,3,*,千代田区,丸の内１丁目,,,,,,
13101001002,3,,千代田区,丸の内２丁目,-,-,-,-,-,-
13101001003,3,,千代田区,丸の内３丁目,-,-,-,-,-,-
131010020,2,*,千代田区,大手町,,,,,,
13101002001,3,,千代田区,大手町１丁目,-,-,-,-,-,-
13101002002,3,*,千代田区,大手町２丁目,,,,,,
131010030,2,*,千代田区,内幸町,,,,,,
13101003001,3,*,千代田区,内幸町１丁目,,,,,,
13101003002,3,,千代田区,内幸町２丁目,-,-,-,-,-,-
131010040,2,@,千代田区,有楽町,28,18,3,65.8,37.6,1843
13101004001,3,*,千代田区,有楽町１丁目,,,,,,
13101004002,3,*,千代田区,有楽町２丁目,,,,,,
131010050,2,*,千代田区,霞が関,,,,,,
13101005001,3,,千代田区,霞が関１丁目,-,-,-,-,-,-
13101005002,3,*,千代田区,霞が関２丁目,,,,,,
13101005003,3,*,千代田区,霞が関３丁目,,,,,,
131010060,2,,千代田区,永田町,108,49,28,84.8,41.8,9162
13101006001,3,,千代田区,永田町１丁目,15,4,1,36.4,27.3,546
13101006002,3,,千代田区,永田町２丁目,93,45,27,92.6,43.3,8616
131010070,2,,千代田区,隼町,147,31,3,77.2,42.3,11347
131010080,2,,千代田区,平河町,477,305,120,77.5,39.1,36954
13101008001,3,,千代田区,平河町１丁目,281,189,60,74.2,39.7,20863
13101008002,3,,千代田区,平河町２丁目,196,116,60,82.1,38.5,16091
131010090,2,,千代田区,麹町,1034,603,221,74.5,36.9,77054
13101009001,3,,千代田区,麹町１丁目,277,189,79,71,36.7,19665
13101009002,3,,千代田区,麹町２丁目,213,127,69,69.9,35.3,14886
13101009003,3,,千代田区,麹町３丁目,142,96,39,82.5,43.9,11715
13101009004,3,,千代田区,麹町４丁目,267,127,31,84.4,43.5,22523
13101009005,3,,千代田区,麹町５丁目,92,40,1,63.1,22.6,5809
13101009006,3,,千代田区,麹町６丁目,43,24,2,57.1,27.9,2455
131010100,2,,千代田区,紀尾井町,160,33,33,76.4,46.1,12224
131010110,2,,千代田区,一番町,1211,709,285,86.5,39,104808
131010120,2,,千代田区,皇居外苑,-,-,-,-,-,-
131010130,2,,千代田区,日比谷公園,-,-,-,-,-,-
131010140,2,,千代田区,千代田,8,-,-,43.4,34.7,347
131010150,2,,千代田区,北の丸公園,189,-,-,54.6,18.8,10321
131010160,2,,千代田区,九段南,910,397,207,67.7,31.1,61633
13101016001,3,,千代田区,九段南１丁目,19,6,-,56.5,22.9,1074
13101016002,3,,千代田区,九段南２丁目,262,122,59,68.5,33.5,17952
13101016003,3,,千代田区,九段南３丁目,295,152,111,66.7,35.5,19686
13101016004,3,,千代田区,九段南４丁目,334,117,37,68.6,27.2,22921
131010170,2,,千代田区,九段北,652,360,166,64.9,34.4,42331
13101017001,3,,千代田区,九段北１丁目,315,207,90,65.5,36.8,20623
13101017002,3,,千代田区,九段北２丁目,109,72,11,85.4,38.6,9313
13101017003,3,,千代田区,九段北３丁目,21,13,5,84.5,40.4,1775
13101017004,3,,千代田区,九段北４丁目,207,68,60,51.3,27.6,10620
131010180,2,,千代田区,富士見,1082,305,139,50.9,29.1,55051
13101018001,3,,千代田区,富士見１丁目,280,106,71,67.6,31,18931
13101018002,3,,千代田区,富士見２丁目,802,199,68,45,28.2,36121
131010190,2,,千代田区,飯田橋,924,564,114,70.4,32,65060
13101019001,3,,千代田区,飯田橋１丁目,124,89,28,81.8,38.4,10138
13101019002,3,,千代田区,飯田橋２丁目,447,276,50,71.5,33.7,31982
13101019003,3,,千代田区,飯田橋３丁目,202,81,10,62.4,26.1,12612
13101019004,3,,千代田区,飯田橋４丁目,151,118,26,68.4,30.6,10328
131010200,2,,千代田区,一ツ橋,16,8,7,128.5,66.3,2056
13101020001,3,,千代田区,一ツ橋１丁目,-,-,-,-,-,-
13101020002,3,,千代田区,一ツ橋２丁目,16,8,7,128.5,66.3,2056
131010210,2,,千代田区,神田神保町,1196,704,382,69.5,35.1,83162
13101021001,3,,千代田区,神田神保町１丁目,530,429,70,83.8,38.2,44424
13101021002,3,,千代田区,神田神保町２丁目,451,167,213,56.3,31.9,25393
13101021003,3,,千代田区,神田神保町３丁目,215,108,99,62.1,32.6,13345
131010220,2,,千代田区,三崎町,385,197,94,74.3,34.7,28605
13101022001,3,,千代田区,三崎町１丁目,20,15,3,88.3,36,1766
13101022002,3,,千代田区,三崎町２丁目,220,121,18,80.9,34.1,17799
13101022003,3,,千代田区,三崎町３丁目,145,61,73,62.3,35.7,9040
131010230,2,,千代田区,西神田,500,106,166,65.6,32,32808
13101023001,3,,千代田区,西神田１丁目,37,20,13,70.8,42.3,2621
13101023002,3,,千代田区,西神田２丁目,317,56,50,56.9,25.4,18032
13101023003,3,,千代田区,西神田３丁目,146,30,103,83.3,48,12155
131010240,2,,千代田区,猿楽町,239,151,32,81.1,33.8,19394
13101024001,3,,千代田区,猿楽町１丁目,106,53,9,77.8,30.9,8246
13101024002,3,,千代田区,猿楽町２丁目,133,98,23,83.8,36.4,11148
131010250,2,,千代田区,神田駿河台,147,70,69,73.7,39.5,10828
13101025001,3,,千代田区,神田駿河台１丁目,29,8,19,50.7,42,1472
13101025002,3,,千代田区,神田駿河台２丁目,58,21,34,54.1,30.5,3137
13101025003,3,,千代田区,神田駿河台３丁目,49,30,16,97,42.4,4751
13101025004,3,,千代田区,神田駿河台４丁目,11,11,-,133.5,61.2,1469
131010260,2,,千代田区,神田錦町,334,121,190,55.8,34.7,18626
13101026001,3,,千代田区,神田錦町１丁目,92,32,55,55,35.4,5060
13101026002,3,,千代田区,神田錦町２丁目,50,35,9,91,40.3,4551
13101026003,3,,千代田区,神田錦町３丁目,192,54,126,47,32.1,9015
131010270,2,,千代田区,神田小川町,334,167,118,68.9,34.2,23016
13101027001,3,,千代田区,神田小川町１丁目,49,30,9,68.4,31.6,3353
13101027002,3,,千代田区,神田小川町２丁目,55,47,2,93.7,38.7,5152
13101027003,3,,千代田区,神田小川町３丁目,230,90,107,63.1,33.4,14511
131010280,2,,千代田区,神田美土代町,13,12,1,85.6,42.8,1113
131010290,2,,千代田区,内神田,495,318,52,72.4,32.9,35822
13101029001,3,,千代田区,内神田１丁目,230,100,33,65.8,30.3,15127
13101029002,3,,千代田区,内神田２丁目,134,121,10,81.6,37,10929
13101029003,3,,千代田区,内神田３丁目,131,97,9,74.5,33.1,9766
131010300,2,,千代田区,神田司町,133,83,32,75.8,30.3,10076
131010310,2,,千代田区,神田多町,238,115,109,52.4,33,12483
131010320,2,,千代田区,神田淡路町,261,162,53,76.3,40.1,19919
13101032001,3,,千代田区,神田淡路町１丁目,110,76,21,63.5,34.9,6988
13101032002,3,,千代田区,神田淡路町２丁目,151,86,32,85.6,43.5,12931
131010330,2,,千代田区,神田須田町,397,246,109,63.3,33.3,25116
13101033001,3,,千代田区,神田須田町１丁目,224,151,51,70.3,36.1,15756
13101033002,3,,千代田区,神田須田町２丁目,173,95,58,54.1,29.3,9360
131010340,2,,千代田区,外神田,1334,878,271,73.2,34.8,97659
13101034001,3,,千代田区,外神田１丁目,110,58,3,64,31.6,7045
13101034002,3,,千代田区,外神田２丁目,265,148,99,67.8,33.8,17955
13101034003,3,,千代田区,外神田３丁目,247,168,16,74,31.9,18273
13101034004,3,,千代田区,外神田４丁目,330,275,39,79.7,40,26288
13101034005,3,,千代田区,外神田５丁目,107,82,15,93.9,36.3,10042
13101034006,3,,千代田区,外神田６丁目,275,147,99,65.7,33.1,18056
131010350,2,,千代田区,鍛冶町,107,83,13,73.8,35.1,7898
13101035001,3,,千代田区,鍛冶町１丁目,43,32,6,68.4,30.6,2941
13101035002,3,,千代田区,鍛冶町２丁目,64,51,7,77.4,38.4,4957
131010360,2,,千代田区,神田鍛冶町,26,23,-,67.3,33.6,1750
131010370,2,,千代田区,神田紺屋町,37,35,1,83.8,35.3,3102
131010380,2,,千代田区,神田北乗物町,20,16,2,95.8,39.1,1915
131010390,2,@,千代田区,神田富山町,32,26,2,73.4,37.9,2348
131010400,2,*,千代田区,神田美倉町,,,,,,
131010410,2,@,千代田区,岩本町,770,359,318,66.7,35.8,51382
13101041001,3,,千代田区,岩本町１丁目,168,63,67,64.9,30.6,10908
13101041002,3,,千代田区,岩本町２丁目,459,252,162,70,37.4,32108
13101041003,3,@,千代田区,岩本町３丁目,143,44,89,58.5,38,8366
131010420,2,*,千代田区,神田西福田町,,,,,,
131010430,2,,千代田区,神田東松下町,83,61,20,78.4,38.3,6505
131010440,2,,千代田区,神田東紺屋町,12,12,-,110.9,53.2,1331
131010450,2,,千代田区,神田岩本町,31,29,2,81.9,38.5,2540
131010460,2,,千代田区,東神田,678,303,282,64.5,34.3,43705
13101046001,3,,千代田区,東神田１丁目,377,147,180,58.3,31.5,21963
13101046002,3,,千代田区,東神田２丁目,148,87,48,79,45,11687
13101046003,3,,千代田区,東神田３丁目,153,69,54,65.7,31.6,10055
131010470,2,,千代田区,神田和泉町,300,171,85,71.5,33.7,21447
131010480,2,@,千代田区,神田佐久間町,366,215,110,67.3,34,24629
13101048001,3,,千代田区,神田佐久間町１丁目,24,10,14,54.8,33.7,1316
13101048002,3,,千代田区,神田佐久間町２丁目,42,39,2,83.2,32.3,3493
13101048003,3,,千代田区,神田佐久間町３丁目,248,136,77,63.3,33.5,15700
13101048004,3,@,千代田区,神田佐久間町４丁目,52,30,17,79.2,37.8,4120
131010490,2,*,千代田区,神田平河町,,,,,,
131010500,2,,千代田区,神田松永町,38,34,2,96.3,42,3658
131010510,2,,千代田区,神田花岡町,-,-,-,-,-,-
131010520,2,,千代田区,神田佐久間河岸,10,10,-,153.4,66.7,1534
131010530,2,,千代田区,神田練塀町,55,48,4,57.7,29.9,3174
131010540,2,,千代田区,神田相生町,-,-,-,-,-,-
131010550,2,,千代田区,二番町,445,220,105,77,33.8,34247
131010560,2,,千代田区,三番町,1043,616,217,82.8,36.2,86392
131010570,2,,千代田区,四番町,798,288,128,73.1,30.2,58363
131010580,2,,千代田区,五番町,260,208,38,83.4,34.6,21675
131010590,2,,千代田区,六番町,454,342,83,99.7,41.7,45244
