KEY_CODE,HYOSYO,HTKSYU,CITYNAME,NAME,T000055001,T000055002,T000055003,T000055004,T000055005,T000055006
,,,,,ZɏZވʐ,,c؉,Pѓ艄ʐ,Pl艄ʐ,ʐ
13113,1,,aJ,,109398,45428,53769,59.5,33.5,6508031
131130010,2,,aJ,b,7411,3484,3516,57.9,33.8,429292
13113001001,3,,aJ,bP,1873,888,933,55,32.2,103044
13113001002,3,,aJ,bQ,1959,837,943,57,32.9,111674
13113001003,3,,aJ,bR,2240,1035,1078,60.1,34.7,134678
13113001004,3,,aJ,bS,1339,724,562,59.7,35.9,79895
131130020,2,,aJ,L,6445,2913,2459,70.6,36.6,454921
13113002001,3,,aJ,LP,1395,519,784,53.2,31.7,74186
13113002002,3,,aJ,LQ,896,454,371,102.1,46.9,91458
13113002003,3,,aJ,LR,1060,529,461,81,38.8,85852
13113002004,3,,aJ,LS,1195,945,134,98.5,45.9,117745
13113002005,3,,aJ,LT,1899,466,709,45.1,25.4,85680
131130030,2,,aJ,,4676,1543,2535,52.5,31.8,245258
13113003001,3,,aJ,P,1073,465,513,56.7,34.2,60841
13113003002,3,,aJ,Q,1618,443,754,48.5,28,78497
13113003003,3,,aJ,R,1475,437,999,50.5,33.2,74509
13113003004,3,,aJ,S,510,198,269,61.6,35.1,31411
131130040,2,,aJ,b,2397,1075,1169,59.1,33.8,141729
13113004001,3,,aJ,bP,563,153,388,52.4,33.6,29475
13113004002,3,,aJ,bQ,1089,491,545,60.6,34.6,65986
13113004003,3,,aJ,bR,745,431,236,62.1,32.8,46268
131130050,2,,aJ,b,2174,970,987,57.5,32.6,125075
13113005001,3,,aJ,bP,1078,450,544,60.4,34.8,65137
13113005002,3,,aJ,bQ,1096,520,443,54.7,30.6,59938
131130060,2,,aJ,㊯R,999,571,384,69.3,37.1,69269
131130070,2,,aJ,y,946,473,325,66.5,32.1,62885
131130080,2,,aJ,R,525,221,243,76.8,38.5,40316
131130090,2,,aJ,J,653,328,254,63.4,32.8,41433
131130100,2,,aJ,aJ,1853,947,440,69.5,39,128757
13113010001,3,,aJ,aJP,956,535,104,70.2,37.9,67127
13113010002,3,,aJ,aJQ,308,141,118,56.6,34.7,17425
13113010003,3,,aJ,aJR,370,141,152,57.9,35.4,21416
13113010004,3,,aJ,aJS,219,130,66,104.1,53.7,22789
131130110,2,,aJ,u,743,377,340,57.4,34.7,42621
131130120,2,,aJ,약䒬,855,512,273,85.9,44.6,73432
131130130,2,,aJ,,373,209,153,50.5,37.2,18854
13113013001,3,,aJ,P,96,90,6,68.2,41.7,6546
13113013002,3,,aJ,Q,277,119,147,44.4,35.2,12308
131130140,2,,aJ,~R,1440,513,892,41.4,30.5,59568
131130150,2,,aJ,_,1261,521,600,51.5,34.2,64974
131130160,2,,aJ,,1289,823,394,105.4,52.4,135830
13113016001,3,,aJ,P,557,359,162,127.8,59.1,71201
13113016002,3,,aJ,Q,732,464,232,88.3,46.6,64629
131130170,2,,aJ,_R,1205,500,634,82.8,45.7,99831
131130180,2,,aJ,Fc쒬,328,253,55,74.3,42.6,24370
131130190,2,,aJ,_,234,60,122,64.5,34.8,15097
13113019001,3,,aJ,_P,234,60,122,64.5,34.8,15097
13113019002,3,,aJ,_Q,-,-,-,-,-,-
131130200,2,,aJ,Xؐ_,8,-,-,48,25.6,384
131130210,2,,aJ,㌴,4073,1994,1841,72.7,38.8,296048
13113021001,3,,aJ,㌴P,1351,545,746,58.9,34.1,79585
13113021002,3,,aJ,㌴Q,1425,769,547,84.2,42.4,119990
13113021003,3,,aJ,㌴R,1297,680,548,74.4,39.1,96473
131130220,2,,aJ,xPJ,4063,1791,1956,61,34.1,247692
13113022001,3,,aJ,xPJP,1793,727,947,60.3,34.3,108108
13113022002,3,,aJ,xPJQ,2270,1064,1009,61.5,33.9,139584
131130230,2,,aJ,,4877,2134,2217,68.3,35.8,332938
13113023001,3,,aJ,P,1854,672,929,56.8,31.3,105373
13113023002,3,,aJ,Q,1818,866,748,73,36.6,132666
13113023003,3,,aJ,R,1205,596,540,78.8,41,94899
131130240,2,,aJ,Xؒ,1453,806,541,73.4,38.2,106720
131130250,2,,aJ,R,1311,643,406,95.7,42.2,125473
131130260,2,,aJ,,3949,1759,1994,58.9,33.2,232750
13113026001,3,,aJ,P,2173,904,1158,55.8,33.1,121210
13113026002,3,,aJ,Q,1776,855,836,62.8,33.3,111540
131130270,2,,aJ,{,14255,4580,8975,47.5,27.6,677768
13113027001,3,,aJ,{P,2952,782,1997,44.7,28.5,132102
13113027002,3,,aJ,{Q,2493,845,1552,51.6,28.9,128727
13113027003,3,,aJ,{R,2314,792,1437,46.2,28.1,106850
13113027004,3,,aJ,{S,1976,788,1056,52.6,28.4,103989
13113027005,3,,aJ,{T,2223,715,1362,47.4,25.7,105269
13113027006,3,,aJ,{U,2297,658,1571,43.9,25.9,100832
131130280,2,,aJ,,9833,2412,6473,43.3,27.5,426194
13113028001,3,,aJ,˂P,3950,992,2565,44.5,28,175800
13113028002,3,,aJ,˂Q,3428,740,2328,38.9,25.7,133199
13113028003,3,,aJ,˂R,2455,680,1580,47.7,29,117195
131130290,2,,aJ,PJ,8864,2780,4882,47.7,27.4,422454
13113029001,3,,aJ,PJP,1867,482,1095,43.5,27.2,81306
13113029002,3,,aJ,PJQ,3670,1019,2036,45.6,26.6,167320
13113029003,3,,aJ,PJR,3327,1279,1751,52.2,28.3,173829
131130300,2,,aJ,X,10602,4862,4908,61.6,34.5,653419
13113030001,3,,aJ,X؂P,1186,605,434,60.5,33.8,71774
13113030002,3,,aJ,X؂Q,1621,706,788,52.4,31.5,84979
13113030003,3,,aJ,X؂R,2287,751,1296,52.1,30.7,119200
13113030004,3,,aJ,X؂S,2916,1293,1419,63.6,35.3,185566
13113030005,3,,aJ,X؂T,2592,1507,971,74,38.6,191901
131130310,2,,aJ,ʃPJ,4655,2369,1890,64.3,36.1,299180
13113031001,3,,aJ,ʃPJP,719,355,260,77.6,37.9,55809
13113031002,3,,aJ,ʃPJQ,558,312,207,68.1,37.6,38004
13113031003,3,,aJ,ʃPJR,1443,773,563,65.9,37.5,95082
13113031004,3,,aJ,ʃPJS,837,423,373,58.2,35.4,48701
13113031005,3,,aJ,ʃPJT,1089,506,487,56.1,32.6,61039
13113031006,3,,aJ,ʃPJU,9,-,-,60.6,28.7,545
131130320,2,,aJ,_{O,5648,3005,1911,73.2,36.7,413503
13113032001,3,,aJ,_{OP,577,200,167,71.8,30.8,41402
13113032002,3,,aJ,_{OQ,1522,865,466,64.5,33.9,98195
13113032003,3,,aJ,_{OR,1450,725,627,69,36.5,100004
13113032004,3,,aJ,_{OS,516,313,174,86.2,41.1,44484
13113032005,3,,aJ,_{OT,1006,526,331,80.7,39.8,81220
13113032006,3,,aJ,_{OU,577,376,146,83.5,41.7,48199
