KEY_CODE,HYOSYO,HTKSYU,CITYNAME,NAME,T000055001,T000055002,T000055003,T000055004,T000055005,T000055006
,,,,,ZɏZވʐ,,c؉,Pѓ艄ʐ,Pl艄ʐ,ʐ
13115,1,,,,272595,110425,141515,60.2,32.1,16401982
131150010,2,,,,7006,2500,3999,48.8,28.2,341648
13115001001,3,,,P,4479,1633,2602,48.7,28.6,218025
13115001002,3,,,Q,2527,867,1397,48.9,27.6,123623
131150020,2,,,a,14147,5129,8234,56.6,30.9,801014
13115002001,3,,,aP,3384,1040,2236,48.4,29.7,163663
13115002002,3,,,aQ,3731,1377,2188,56.7,30.9,211549
13115002003,3,,,aR,3078,1141,1764,64.2,33.3,197511
13115002004,3,,,aS,3954,1571,2046,57.7,29.9,228291
131150030,2,,,,9940,4159,5305,58.9,32.7,585279
13115003001,3,,,˂P,2623,778,1743,46.4,29,121590
13115003002,3,,,˂Q,1680,614,1018,50.4,31.1,84629
13115003003,3,,,˂R,1773,795,907,65.8,35.6,116625
13115003004,3,,,˂S,2552,1341,1076,67.6,33.6,172636
13115003005,3,,,˂T,1312,631,561,68.4,34.6,89799
131150040,2,,,i,7448,3188,3889,68,35.7,506824
13115004001,3,,,iP,1478,553,797,63.5,32.4,93824
13115004002,3,,,iQ,1950,1007,871,77.4,37.5,150834
13115004003,3,,,iR,2187,899,1215,67.2,36.7,147069
13115004004,3,,,iS,1833,729,1006,62.8,35,115097
131150050,2,,,lcR,7127,3357,3153,71.4,34.8,509038
13115005001,3,,,lcRP,1646,938,633,81,38.5,133313
13115005002,3,,,lcRQ,1201,586,477,73.6,34.4,88423
13115005003,3,,,lcRR,1921,819,899,66.5,32.8,127757
13115005004,3,,,lcRS,2359,1014,1144,67.6,33.8,159545
131150060,2,,,ac,9551,3506,4859,54.3,30.1,518439
13115006001,3,,,acP,4257,1484,2091,54,30.2,229989
13115006002,3,,,acQ,1768,756,754,56.5,29.2,99963
13115006003,3,,,acR,3526,1266,2014,53.5,30.4,188488
131150070,2,,,xm,9257,3988,4404,56,29.7,518830
13115007001,3,,,xmP,2274,1055,1135,54.8,29.1,124521
13115007002,3,,,xmQ,3292,1561,1479,59.6,29.5,196239
13115007003,3,,,xmR,3691,1372,1790,53.7,30.4,198070
131150080,2,,,m,3919,1441,1950,59.3,30.8,232250
13115008001,3,,,m؂P,1090,276,438,54.2,25.7,59033
13115008002,3,,,m؂Q,1222,551,555,64,32.7,78205
13115008003,3,,,m؂R,1607,614,957,59.1,33.3,95012
131150090,2,,,{,2035,781,1122,61.4,32.1,124851
13115009001,3,,,{P,1288,420,825,55.9,30.1,72014
13115009002,3,,,{Q,747,361,297,70.7,35.4,52837
131150100,2,,,~,4902,1690,2751,49.3,29.5,241846
13115010001,3,,,~P,2095,651,1161,47.1,29.1,98761
13115010002,3,,,~Q,2807,1039,1590,51,29.7,143085
131150110,2,,,~,18696,5495,12340,45.8,29,856637
13115011001,3,,,~P,3832,1253,2450,46,28.8,176430
13115011002,3,,,~Q,4386,1124,3047,42.7,28.1,187110
13115011003,3,,,~R,4310,1291,2794,48.3,29.6,208049
13115011004,3,,,~S,2601,649,1863,42.5,28,110600
13115011005,3,,,~T,3567,1178,2186,48.9,30.1,174448
131150120,2,,,~k,9852,2688,6592,45.5,29,448139
13115012001,3,,,~kP,1320,425,793,54.3,31.6,71716
13115012002,3,,,~kQ,2652,694,1838,43.1,28.7,114243
13115012003,3,,,~kR,3689,878,2700,41.9,28.5,154406
13115012004,3,,,~kS,2191,691,1261,49.2,28.3,107774
131150130,2,,,J,10275,3546,6263,51.8,31.2,532636
13115013001,3,,,JP,4136,1600,2367,55.6,32.1,229853
13115013002,3,,,JQ,2317,565,1582,43.4,28.6,100470
13115013003,3,,,JR,3822,1381,2314,52.9,31.8,202314
131150140,2,,,Jk,13021,4836,7412,55,31.2,716090
13115014001,3,,,JkP,2824,901,1819,48,29.1,135432
13115014002,3,,,JkQ,2527,904,1542,50.1,31.5,126725
13115014003,3,,,JkR,2073,773,1064,57.6,31.8,119435
13115014004,3,,,JkS,2094,765,1187,53,30,110965
13115014005,3,,,JkT,1940,763,1059,61.2,33.1,118795
13115014006,3,,,JkU,1563,730,741,67,32.7,104738
131150150,2,,,V,8410,2923,4799,53.6,31.6,450635
13115015001,3,,,VP,2142,777,1239,53.7,30.6,114949
13115015002,3,,,VQ,2827,1016,1485,57.2,32.6,161719
13115015003,3,,,VR,3441,1130,2075,50.6,31.2,173968
131150160,2,,,{V,5290,2448,2464,67.1,33.7,354701
13115016001,3,,,{VP,1525,656,784,62,32.7,94504
13115016002,3,,,{VQ,2119,968,951,66.6,34.3,141049
13115016003,3,,,{VR,1646,824,729,72.4,33.8,119147
131150170,2,,,c,3707,2024,1497,75.6,32,280280
13115017001,3,,,cP,1170,615,489,74,31.9,86591
13115017002,3,,,cQ,1261,691,530,74.8,32,94303
13115017003,3,,,cR,874,444,362,76.3,31.4,66644
13115017004,3,,,cS,402,274,116,81.5,33.4,32743
131150180,2,,,c,10217,4913,4712,64,32.8,653459
13115018001,3,,,cP,2270,1116,1012,63.6,31.7,144456
13115018002,3,,,cQ,1329,739,489,74.2,32.1,98628
13115018003,3,,,cR,1598,702,827,64.4,33.1,102990
13115018004,3,,,cS,2024,982,889,65.4,34.5,132385
13115018005,3,,,cT,2996,1374,1495,58.4,32.6,175000
131150190,2,,,E,11376,4755,5450,64.1,33.5,729650
13115019001,3,,,EP,2221,1171,846,74.1,34.4,164637
13115019002,3,,,EQ,1714,819,722,71.5,34.1,122559
13115019003,3,,,ER,2860,1169,1269,64.5,33.3,184450
13115019004,3,,,ES,2145,817,1230,62.8,35.7,134618
13115019005,3,,,ET,2436,779,1383,50.7,30.3,123387
131150200,2,,,쉬E,6004,2862,2761,75.5,37.9,453560
13115020001,3,,,쉬EP,1535,812,653,78.1,37.7,119882
13115020002,3,,,쉬EQ,1522,820,620,82.7,38.8,125911
13115020003,3,,,쉬ER,1337,591,672,73.7,38.7,98568
13115020004,3,,,쉬ES,1610,639,816,67.8,36.3,109200
131150210,2,,,㉬,6386,2710,3326,58.4,32.7,373145
13115021001,3,,,㉬P,738,293,402,52,31.2,38381
13115021002,3,,,㉬Q,2556,941,1482,56.1,32.9,143357
13115021003,3,,,㉬R,1357,677,620,67,33.8,90985
13115021004,3,,,㉬S,1735,799,822,57.9,32.1,100423
131150220,2,,,,5830,2392,3166,62,34.3,361252
13115022001,3,,,P,1207,545,608,70.1,36.5,84608
13115022002,3,,,Q,1988,795,1104,56.6,33.7,112577
13115022003,3,,,R,1344,472,814,52.5,30.8,70540
13115022004,3,,,S,1291,580,640,72.4,36.1,93527
131150230,2,,,k,9020,3617,4913,57,32,513947
13115023001,3,,,kP,1221,450,709,57.2,31.1,69805
13115023002,3,,,kQ,2033,916,968,63.3,32.9,128626
13115023003,3,,,kR,2636,1008,1492,52.2,30.9,137599
13115023004,3,,,kS,2169,817,1259,53.1,31.7,115086
13115023005,3,,,kT,961,426,485,65.4,34.2,62831
131150240,2,,,,3970,1957,1696,72.1,31.6,286171
13115024001,3,,,P,987,409,474,67.9,30.8,67003
13115024002,3,,,Q,736,363,322,75.4,29.8,55514
13115024003,3,,,R,1252,711,462,73.4,33.9,91923
13115024004,3,,,S,995,474,438,72.1,31,71730
131150250,2,,,,3701,1766,1589,72.3,34,267767
13115025001,3,,,P,1445,619,702,67.9,36.4,98100
13115025002,3,,,Q,765,394,254,77.5,33.1,59310
13115025003,3,,,R,1491,753,633,74,32.5,110356
131150260,2,,,,5219,2491,2170,64.1,32,334777
13115026001,3,,,P,1847,861,876,65.2,33.8,120452
13115026002,3,,,Q,997,514,379,67.1,31.3,66919
13115026003,3,,,R,1020,487,228,70.3,31.2,71743
13115026004,3,,,S,1355,629,687,55.8,30.7,75663
131150270,2,,,䑐,6745,2158,3638,57.4,30.3,387142
13115027001,3,,,䑐P,2134,680,1018,57,29.4,121550
13115027002,3,,,䑐Q,1853,661,1053,58.6,29.8,108606
13115027003,3,,,䑐R,1086,274,566,60.2,31.3,65428
13115027004,3,,,䑐S,779,254,444,49.8,28,38777
13115027005,3,,,䑐T,893,289,557,59.1,34,52780
131150280,2,,,䑐,7567,3472,3583,66.8,32.2,505827
13115028001,3,,,䑐P,1338,660,609,65.8,31.8,87980
13115028002,3,,,䑐Q,1629,704,775,66.5,31.3,108354
13115028003,3,,,䑐R,2011,865,1026,65.7,31.9,132095
13115028004,3,,,䑐S,1573,699,758,67.9,33.3,106745
13115028005,3,,,䑐T,1016,544,415,69.5,33.4,70653
131150290,2,,,䑐,6705,2606,3454,63.9,30,428287
13115029001,3,,,䑐P,1572,552,912,59.1,29.7,92912
13115029002,3,,,䑐Q,2471,1021,1319,63.7,30.8,157292
13115029003,3,,,䑐R,1546,580,792,65.6,29.3,101464
13115029004,3,,,䑐S,1116,453,431,68.7,29.8,76619
131150300,2,,,P,5153,2683,2176,79.2,35.9,408116
13115030001,3,,,PP,1783,888,791,73.5,35.3,131060
13115030002,3,,,PQ,1668,858,727,74.4,33.9,124065
13115030003,3,,,PR,847,468,314,88.4,38.3,74841
13115030004,3,,,PS,855,469,344,91.4,38.3,78150
131150310,2,,,,4960,2238,2489,67.5,35.3,335019
13115031001,3,,,P,1411,836,470,81.2,35.6,114525
13115031002,3,,,Q,1114,569,512,74,38,82382
13115031003,3,,,R,2435,833,1507,56.7,33.5,138113
131150320,2,,,{O,7571,3818,3139,73.9,34.6,559722
13115032001,3,,,{OP,831,442,326,66.4,32.9,55198
13115032002,3,,,{OQ,1334,679,552,80.1,34,106801
13115032003,3,,,{OR,2076,1022,811,74.5,34.3,154590
13115032004,3,,,{OS,1901,945,808,69.8,34.3,132728
13115032005,3,,,{OT,1429,730,642,77.3,36.8,110405
131150330,2,,,vR,9851,4331,4204,66.3,33.8,653183
13115033001,3,,,vRP,1072,339,117,51.7,27.6,55428
13115033002,3,,,vRQ,1321,579,488,66.8,33.7,88219
13115033003,3,,,vRR,2734,1194,1424,61.4,33.3,167871
13115033004,3,,,vRS,2336,1150,1023,77,36.7,179873
13115033005,3,,,vRT,2388,1069,1152,67.8,33.9,161793
131150340,2,,,˓,8086,3967,3325,66.5,32.1,537638
13115034001,3,,,˓P,1124,623,312,75.8,33.2,85195
13115034002,3,,,˓Q,1751,825,847,65,33,113744
13115034003,3,,,˓R,2925,1454,1301,65.6,32,191995
13115034004,3,,,˓S,2286,1065,865,64.2,30.9,146705
131150350,2,,,ː,4299,1864,1791,68.5,33.5,294522
13115035001,3,,,ːP,2061,748,970,64.4,33.8,132822
13115035002,3,,,ːQ,1202,554,470,70.5,33.2,84708
13115035003,3,,,ːR,1036,562,351,74.3,33.5,76992
131150360,2,,,㍂,5352,2126,2900,56,29.8,299663
13115036001,3,,,㍂˂P,3102,1077,1901,51.7,29.9,160469
13115036002,3,,,㍂˂Q,1168,666,348,73.1,30.8,85389
13115036003,3,,,㍂˂R,1082,383,651,49.7,28,53806
