KEY_CODE,HYOSYO,HTKSYU,CITYNAME,NAME,T000055001,T000055002,T000055003,T000055004,T000055005,T000055006
,,,,,ZɏZވʐ,,c؉,Pѓ艄ʐ,Pl艄ʐ,ʐ
13202,1,,s,,73300,33612,25422,65.3,28.5,4785776
132020010,2,,s,,2539,1551,913,80.9,29.3,205499
13202001001,3,,s,P,343,180,149,79.7,31,27327
13202001002,3,,s,Q,648,389,241,77.4,28.5,50166
13202001003,3,,s,R,281,180,97,82,29.2,23039
13202001004,3,,s,S,172,131,41,94.6,32.6,16267
13202001005,3,,s,T,740,470,243,80.3,28.3,59387
13202001006,3,,s,U,355,201,142,82.6,29.7,29314
13202001007,3,,s,V,-,-,-,-,-,-
132020020,2,,s,Ԓ,5206,2576,832,68.7,27,357863
13202002001,3,,s,ԒP,838,538,250,74.6,27.8,62516
13202002002,3,,s,ԒQ,691,497,178,78.5,30.3,54261
13202002003,3,,s,ԒR,308,215,81,94.3,35.3,29048
13202002004,3,,s,ԒS,776,471,220,64,26.2,49658
13202002005,3,,s,ԒT,1345,183,21,44.2,20.6,59437
13202002006,3,,s,ԒU,1248,672,82,82.5,28.4,102943
132020030,2,,s,㍻,4005,1760,990,66.6,25.9,266688
13202003001,3,,s,㍻P,1302,103,58,62.6,25.6,81508
13202003002,3,,s,㍻Q,253,179,71,90.4,32.3,22868
13202003003,3,,s,㍻R,494,307,162,78.6,28.7,38819
13202003004,3,,s,㍻S,317,147,140,80.3,30,25466
13202003005,3,,s,㍻T,1639,1024,559,59.8,23.2,98027
13202003006,3,,s,㍻U,-,-,-,-,-,-
13202003007,3,,s,㍻V,-,-,-,-,-,-
132020040,2,,s,쒬,5767,3589,1962,75.7,29.3,436348
13202004001,3,,s,쒬P,357,233,89,84.1,29,30007
13202004002,3,,s,쒬Q,612,466,129,86.9,29.9,53197
13202004003,3,,s,쒬R,466,230,226,75.7,29.4,35299
13202004004,3,,s,쒬S,850,535,285,81.2,29.7,69059
13202004005,3,,s,쒬T,323,123,194,60.7,27.1,19614
13202004006,3,,s,쒬U,733,397,322,69.8,29.2,51134
13202004007,3,,s,쒬V,1057,759,234,77.3,30.4,81695
13202004008,3,,s,쒬W,1369,846,483,70.4,28.3,96342
132020050,2,,s,Β,467,-,-,75.5,23.8,35246
132020060,2,,s,,331,-,-,70.2,23.1,23246
132020070,2,,s,,3869,1701,1652,61.3,26.8,237116
13202007001,3,,s,P,951,277,251,63.5,26.7,60358
13202007002,3,,s,Q,371,177,172,71.3,29.3,26441
13202007003,3,,s,R,691,250,405,65.2,29.4,45027
13202007004,3,@,s,S,1856,997,824,56.7,25.2,105290
13202007005,3,*,s,T,,,,,,
132020080,2,,s,K,5525,2233,1880,64.6,26.6,356651
13202008001,3,,s,KP,448,183,253,67.3,25.9,30147
13202008002,3,,s,KQ,1244,471,272,61.1,24.4,76026
13202008003,3,,s,KR,516,273,239,68.8,28.2,35506
13202008004,3,,s,KS,1490,377,304,57.8,24.8,86106
13202008005,3,,s,KT,1251,636,539,72.5,29.7,90704
13202008006,3,,s,KU,576,293,273,66.3,28.4,38162
132020090,2,,s,t,5164,1850,654,64.5,26.8,333023
13202009001,3,,s,tP,2164,753,174,62.8,25.1,135967
13202009002,3,,s,tQ,700,542,142,88.8,32.6,62192
13202009003,3,,s,tR,661,425,226,81,31.2,53553
13202009004,3,,s,tS,1639,130,112,49.6,24.1,81312
132020100,2,,s,h,5005,2584,1545,71.2,30.3,356396
13202010001,3,,s,hP,571,362,60,77.3,32,44113
13202010002,3,,s,hQ,729,484,206,80,30.5,58322
13202010003,3,,s,hR,504,288,208,77.7,33.7,39184
13202010004,3,,s,hS,1079,512,547,64.5,30.5,69589
13202010005,3,,s,hT,1503,605,357,66.8,28.5,100408
13202010006,3,,s,hU,619,333,167,72.3,29.5,44780
132020110,2,,s,,5113,1958,2943,57.9,30.6,296009
13202011001,3,,s,P,1318,511,778,58.1,30.3,76641
13202011002,3,,s,Q,2204,849,1306,57.9,30.6,127545
13202011003,3,,s,R,1591,598,859,57.7,30.9,91823
132020120,2,,s,,4912,2160,1677,62,32.2,304395
13202012001,3,,s,P,1643,473,814,54.9,31.4,90157
13202012002,3,,s,Q,1035,693,123,70.4,34.4,72842
13202012003,3,,s,R,2234,994,740,63.3,31.6,141397
132020130,2,,s,Hߒ,4709,2196,2027,62.7,30.1,295441
13202013001,3,,s,HߒP,1588,619,582,56.8,27.8,90181
13202013002,3,,s,HߒQ,2197,1205,936,67,31.4,147197
13202013003,3,,s,HߒR,924,372,509,62.8,30.6,58063
132020140,2,,s,ђ,7816,3324,3929,57,28.6,445707
13202014001,3,,s,ђP,2464,852,1518,48.6,27.1,119847
13202014002,3,,s,ђQ,1289,552,629,60.4,31.2,77901
13202014003,3,,s,ђR,914,463,372,57.1,29.5,52163
13202014004,3,,s,ђS,547,147,278,58.4,28.6,31945
13202014005,3,,s,ђT,845,518,272,78,31.9,65900
13202014006,3,,s,ђU,1757,792,860,55.7,26.4,97952
132020150,2,,s,č蒬,4385,2016,1948,71,33.2,311539
13202015001,3,,s,č蒬P,994,473,459,73.7,34,73275
13202015002,3,,s,č蒬Q,1127,468,534,69.7,33.3,78501
13202015003,3,,s,č蒬R,767,324,421,63.7,34.3,48822
13202015004,3,,s,č蒬S,917,467,353,76.9,35,70542
13202015005,3,,s,č蒬T,365,193,147,69.8,29,25479
13202015006,3,,s,č蒬U,215,91,34,69.4,27,14921
132020160,2,,s,xm,8487,4114,2470,61.8,26.6,524610
13202016001,3,,s,xmP,1774,780,702,62.8,28.7,111371
13202016002,3,,s,xmQ,1362,585,720,59.4,25.8,80897
13202016003,3,,s,xmR,349,178,161,79.3,32.5,27680
13202016004,3,,s,xmS,765,334,363,69.2,29,52929
13202016005,3,,s,xmT,596,262,258,69.9,28.2,41640
13202016006,3,,s,xmU,2412,1175,127,50.8,22.7,122485
13202016007,3,,s,xmV,1229,800,139,71.3,27.7,87606
