KEY_CODE,HYOSYO,HTKSYU,CITYNAME,NAME,T000055001,T000055002,T000055003,T000055004,T000055005,T000055006
,,,,,ZɏZވʐ,,c؉,Pѓ艄ʐ,Pl艄ʐ,ʐ
13208,1,,zs,,99477,42225,43438,61.3,29,6094819
132080010,2,,zs,c,3906,1341,2298,53.5,27.6,208851
13208001001,3,,zs,cP,1638,532,978,52,27.9,85219
13208001002,3,,zs,cQ,1468,409,942,50.9,27.3,74712
13208001003,3,,zs,cR,800,400,378,61.2,27.5,48921
132080020,2,,zs,Ό,4512,2409,1885,65.3,30.1,294532
13208002001,3,,zs,ΌP,1619,491,1024,53.2,29.7,86112
13208002002,3,,zs,ΌQ,1040,399,572,62.7,30.9,65214
13208002003,3,,zs,ΌR,1853,1519,289,77.3,30,143206
132080030,2,,zs,xm,3814,2022,1201,66.8,29.6,254673
13208003001,3,,zs,xmP,620,276,230,69,30.4,42776
13208003002,3,,zs,xmQ,1303,704,521,61.7,28.7,80365
13208003003,3,,zs,xmR,993,531,224,66,28.5,65504
13208003004,3,,zs,xmS,898,511,226,73.5,31.6,66029
132080040,2,,zs,Ό,3930,1579,2038,58.9,29,231589
13208004001,3,,zs,ΌP,1259,323,720,55.3,28.4,69590
13208004002,3,,zs,ΌQ,1048,435,568,60.3,31.2,63172
13208004003,3,,zs,ΌR,1623,821,750,60.9,28.2,98827
132080050,2,,zs,,4721,1878,2312,56.8,29.5,268105
13208005001,3,,zs,P,1027,279,538,55.3,27.4,56791
13208005002,3,,zs,Q,1556,712,764,56.7,30.6,88197
13208005003,3,,zs,R,2138,887,1010,57.6,29.8,123117
132080060,2,,zs,zc,6784,2664,3745,55.5,30,376491
13208006001,3,,zs,zcP,1248,537,660,52.4,30.1,65333
13208006002,3,,zs,zcQ,1687,616,974,48.7,28.6,82135
13208006003,3,,zs,zcR,899,373,487,57.2,29.5,51422
13208006004,3,,zs,zcS,1210,357,756,52.1,28.7,63045
13208006005,3,,zs,zcT,1133,535,565,65.8,32.5,74497
13208006006,3,,zs,zcU,607,246,303,66,31.1,40058
132080070,2,,zs,zc,-,-,-,-,-,-
132080080,2,,zs,̒,12149,3751,5520,54.6,27.3,663500
13208008001,3,,zs,̒P,2160,717,1332,51.2,27.9,110515
13208008002,3,,zs,̒Q,1022,386,541,53.3,27,54519
13208008003,3,,zs,̒R,1869,465,227,55.6,26,103853
13208008004,3,,zs,̒S,1492,385,988,49.8,26.5,74307
13208008005,3,,zs,̒T,1815,602,1168,52.8,29,95750
13208008006,3,,zs,̒U,542,204,306,61.3,29.4,33225
13208008007,3,,zs,̒V,1545,605,838,58.4,28.4,90248
13208008008,3,,zs,̒W,1704,387,120,59.3,25.7,101083
132080090,2,,zs,n,6233,3787,896,63.1,25.9,393553
13208009001,3,,zs,nP,687,319,205,70.9,28.9,48692
13208009002,3,,zs,nQ,2238,1816,337,73.3,26.7,163990
13208009003,3,,zs,nR,3308,1652,354,54.7,24.4,180872
132080100,2,,zs,,6115,3039,2505,58.4,27.5,357356
13208010001,3,,zs,P,977,535,232,59.5,24.4,58153
13208010002,3,,zs,Q,383,212,159,58.2,28,22297
13208010003,3,,zs,R,1767,797,776,58.4,26.5,103116
13208010004,3,,zs,S,453,131,289,52.5,28.2,23775
13208010005,3,,zs,T,1460,712,688,48.2,26.4,70423
13208010006,3,,zs,U,399,206,144,81.2,34.1,32395
13208010007,3,,zs,V,676,446,217,69.8,32.1,47197
132080110,2,,zs,{,2279,1196,898,72.1,31.2,164251
13208011001,3,,zs,{P,283,231,36,97.1,36.4,27467
13208011002,3,,zs,{Q,554,294,248,74.9,33.2,41518
13208011003,3,,zs,{R,508,299,197,72.2,31.6,36668
13208011004,3,,zs,{S,681,240,323,61.4,26.8,41821
13208011005,3,,zs,{T,253,132,94,66.3,31.5,16777
132080120,2,,zs,č,3258,1669,1152,64.1,28,208870
13208012001,3,,zs,čP,1575,678,745,59.8,28.5,94125
13208012002,3,,zs,čQ,1683,991,407,68.2,27.5,114745
132080130,2,,zs,e,4444,1246,2952,51,28.1,226501
13208013001,3,,zs,eP,1257,342,807,52.9,27.9,66555
13208013002,3,,zs,eQ,1706,513,1127,52.2,28.9,89025
13208013003,3,,zs,eR,1481,391,1018,47.9,27.2,70920
132080140,2,,zs,Pu,2652,811,1674,55.2,28.4,146330
13208014001,3,,zs,PuP,583,126,445,43.7,29,25487
13208014002,3,,zs,PuQ,1205,304,773,53,26.3,63914
13208014003,3,,zs,PuR,864,381,456,65.9,30.9,56928
132080150,2,,zs,Pu,6940,1887,2977,57.3,28.8,397439
13208015001,3,,zs,PuP,1914,937,893,64.3,30.4,123074
13208015002,3,,zs,PuQ,728,350,323,87.1,39.3,63428
13208015003,3,,zs,PuR,1301,222,1011,45.3,27.8,58941
13208015004,3,,zs,PuS,2997,378,750,50.7,25.3,151995
132080160,2,,zs,Ԓ,3064,1561,1042,74.6,31.6,228514
13208016001,3,,zs,ԒP,1396,795,536,76.6,33.5,106940
13208016002,3,,zs,ԒQ,1031,442,272,66.4,27.1,68495
13208016003,3,,zs,ԒR,637,324,234,83.3,35,53079
132080170,2,,zs,쒬,3185,1003,2052,50.8,28.7,161815
13208017001,3,,zs,쒬P,1746,569,1115,50.2,29.1,87646
13208017002,3,,zs,쒬Q,881,305,531,51.5,27.5,45407
13208017003,3,,zs,쒬R,558,129,406,51.5,29.5,28761
132080180,2,,zs,΃Pu,3332,1177,962,64.8,29,215984
13208018001,3,,zs,΃PuP,1243,735,462,73.6,33.8,91438
13208018002,3,,zs,΃PuQ,2089,442,500,59.6,26.3,124546
132080190,2,@,zs,쐅,35,28,7,89.6,28.8,3136
13208019001,3,*,zs,쐅P,,,,,,
13208019002,3,,zs,쐅Q,-,-,-,-,-,-
132080200,2,*,zs,,,,,,,
132080210,2,,zs,t,2793,1283,1282,65.8,31.5,183801
13208021001,3,,zs,tP,1289,627,581,68.5,34.9,88352
13208021002,3,,zs,tQ,1149,481,583,58.1,28.1,66720
13208021003,3,,zs,tR,355,175,118,80.9,30.8,28729
132080220,2,,zs,zPu,4184,2052,1810,64,29,267573
13208022001,3,,zs,zPuP,919,464,358,62.6,28.6,57569
13208022002,3,,zs,zPuQ,989,281,612,53,27.9,52434
13208022003,3,,zs,zPuR,1675,1076,498,69,28.5,115620
13208022004,3,,zs,zPuS,601,231,342,69.8,32.7,41949
132080230,2,,zs,[厛,1865,1000,596,77.7,33.7,144896
13208023001,3,,zs,[厛P,563,239,133,65.5,30.9,36869
13208023002,3,,zs,[厛Q,251,162,82,88.5,37.3,22219
13208023003,3,,zs,[厛R,363,236,122,87.3,36.7,31686
13208023004,3,,zs,[厛S,510,285,167,83.3,33.8,42466
13208023005,3,,zs,[厛T,178,78,92,65.5,30.3,11656
132080240,2,,zs,[厛k,2492,1319,1023,77.8,31.9,193921
13208024001,3,,zs,[厛kP,358,182,165,74.4,29.9,26622
13208024002,3,,zs,[厛kQ,247,109,128,69.6,28.1,17188
13208024003,3,,zs,[厛kR,163,114,45,85.2,31.5,13887
13208024004,3,,zs,[厛kS,365,236,125,85.1,34.4,31074
13208024005,3,,zs,[厛kT,358,149,164,70.1,29.3,25098
13208024006,3,,zs,[厛kU,700,411,249,83.6,34.6,58504
13208024007,3,,zs,[厛kV,301,118,147,71.6,31.2,21548
132080250,2,,zs,[厛,4133,2220,1458,76.3,31.3,315301
13208025001,3,,zs,[厛P,425,222,190,72.9,30,30979
13208025002,3,,zs,[厛Q,253,107,116,68.2,28.8,17265
13208025003,3,,zs,[厛R,507,320,160,80.3,31.3,40705
13208025004,3,,zs,[厛S,526,292,119,76.8,30.2,40396
13208025005,3,,zs,[厛T,434,219,202,71.4,29.1,31009
13208025006,3,,zs,[厛U,787,494,270,82.9,34.3,65268
13208025007,3,,zs,[厛V,545,294,220,79.8,33.1,43517
13208025008,3,,zs,[厛W,656,272,181,70.4,30.7,46163
132080260,2,,zs,[厛쒬,1323,785,482,79.1,31,104667
13208026001,3,,zs,[厛쒬P,229,166,54,80.7,30.9,18474
13208026002,3,,zs,[厛쒬Q,212,143,46,81.7,28.6,17311
13208026003,3,,zs,[厛쒬R,129,73,55,79.6,28.6,10267
13208026004,3,,zs,[厛쒬S,286,147,128,74.3,31.6,21237
13208026005,3,,zs,[厛쒬T,467,256,199,80,32.8,37378
132080270,2,,zs,_,1334,518,671,62.3,30.1,83174
13208027001,3,,zs,_P,863,353,382,64.9,30.5,55994
13208027002,3,,zs,_Q,471,165,289,57.7,29.3,27180
