KEY_CODE,HYOSYO,HTKSYU,CITYNAME,NAME,T000055001,T000055002,T000055003,T000055004,T000055005,T000055006
,,,,,ZɏZވʐ,,c؉,Pѓ艄ʐ,Pl艄ʐ,ʐ
13107,1,,nc,,106477,51373,38925,59.6,27.8,6351073
131070010,2,,nc,,2868,1209,1439,58.1,30,166542
13107001001,3,,nc,P,513,332,135,67,30.6,34360
13107001002,3,,nc,Q,860,311,450,56.2,29.3,48318
13107001003,3,,nc,R,677,234,405,56.5,30.6,38261
13107001004,3,,nc,S,818,332,449,55.8,29.7,45604
131070020,2,,nc,,2077,886,978,54.6,28.8,113316
13107002001,3,,nc,΂P,659,384,246,57.6,29.1,37983
13107002002,3,,nc,΂Q,441,139,244,53.1,28.8,23417
13107002003,3,,nc,΂R,977,363,488,53.1,28.5,51916
131070030,2,,nc,,4507,2096,1915,57.3,29.5,258167
13107003001,3,,nc,΂P,944,460,445,59.4,30.8,56093
13107003002,3,,nc,΂Q,1002,539,321,65.2,30.1,65303
13107003003,3,,nc,΂R,948,593,319,60.5,30.3,57321
13107003004,3,,nc,΂S,1613,504,830,49.3,27.8,79450
131070040,2,,nc,,2135,974,967,59,28.7,126069
13107004001,3,,nc,P,414,219,166,70.3,32.3,29102
13107004002,3,,nc,Q,554,235,269,59.6,28.9,33028
13107004003,3,,nc,R,655,296,313,57.6,28.3,37731
13107004004,3,,nc,S,512,224,219,51.2,25.8,26208
131070050,2,,nc,e,3112,1667,1210,59,28.3,183667
13107005001,3,,nc,eP,557,320,206,69.4,30.8,38655
13107005002,3,,nc,eQ,918,481,339,56.6,28.2,51998
13107005003,3,,nc,eR,1637,866,665,56.8,27.4,93015
131070060,2,,nc,],4111,1185,2222,46.3,26.9,190490
13107006001,3,,nc,]P,672,297,324,48.8,28.6,32814
13107006002,3,,nc,]Q,716,150,515,39.4,28.3,28233
13107006003,3,,nc,]R,213,72,139,38.9,26.4,8294
13107006004,3,,nc,]S,1314,300,622,41.9,26,55078
13107006005,3,,nc,]T,1196,366,622,55.2,26.4,66071
131070070,2,,nc,,400,262,87,67.8,30.7,27112
13107007001,3,,nc,ԂP,34,27,5,97.3,43,3310
13107007002,3,,nc,ԂQ,366,235,82,65,29.5,23802
131070080,2,,nc,T,2785,1451,1121,63.1,29.4,175744
13107008001,3,,nc,TP,699,336,318,63.2,30.2,44198
13107008002,3,,nc,TQ,629,359,230,63.9,29.3,40171
13107008003,3,,nc,TR,627,317,217,64.9,27.4,40673
13107008004,3,,nc,TS,830,439,356,61.1,30.3,50703
131070090,2,,nc,Ό,3929,1702,2000,60.7,29.5,238355
13107009001,3,,nc,ΌP,1125,479,604,59.2,29.8,66571
13107009002,3,,nc,ΌQ,736,378,264,71.9,31.4,52923
13107009003,3,,nc,ΌR,1126,411,672,53,28.4,59721
13107009004,3,,nc,ΌS,942,434,460,62.8,28.7,59139
131070100,2,,nc,{,3292,1726,1301,65.8,30.3,216618
13107010001,3,,nc,{P,1043,524,412,63.3,30.2,65986
13107010002,3,,nc,{Q,615,386,187,72.9,30.7,44830
13107010003,3,,nc,{R,715,433,239,73.6,32.1,52650
13107010004,3,,nc,{S,919,383,463,57.8,28.6,53152
131070110,2,,nc,`,2910,1457,1265,63.5,30.3,184679
13107011001,3,,nc,`P,592,263,290,63,31.8,37324
13107011002,3,,nc,`Q,653,366,221,71.2,31.9,46491
13107011003,3,,nc,`R,585,318,235,66.7,31.4,39028
13107011004,3,,nc,`S,1080,510,519,57.3,28,61836
131070120,2,,nc,ȋ,2372,1080,792,57.7,29.6,136874
13107012001,3,,nc,ȋP,980,326,204,59.5,30.9,58358
13107012002,3,,nc,ȋQ,653,302,325,56.3,30.5,36795
13107012003,3,,nc,ȋR,739,452,263,56.5,27.3,41722
131070130,2,,nc,ю,2659,767,1684,46.1,27.1,122466
13107013001,3,,nc,юP,1079,179,770,42.1,25.2,45374
13107013002,3,,nc,юQ,339,92,232,46.7,26.3,15823
13107013003,3,,nc,юR,404,75,308,47,29.2,18995
13107013004,3,,nc,юS,837,421,374,50.5,28.8,42274
131070140,2,,nc,,3936,1491,2041,52.5,27,206551
13107014001,3,,nc,P,1079,498,511,57.4,26.9,61951
13107014002,3,,nc,Q,775,201,536,47.8,28.6,37017
13107014003,3,,nc,R,502,168,316,56.3,30.3,28263
13107014004,3,,nc,S,1580,624,678,50.2,25.4,79320
131070150,2,,nc,,3748,1271,1076,57.9,26.7,216960
13107015001,3,,nc,P,593,131,181,66,26.7,39125
13107015002,3,,nc,Q,522,241,264,63.1,30.8,32958
13107015003,3,,nc,R,513,200,256,58.3,29.2,29890
13107015004,3,,nc,S,633,309,288,55.7,28.6,35236
13107015005,3,,nc,T,1487,390,87,53.6,23.9,79751
131070160,2,,nc,ƕ,3760,2017,1441,60.2,28,226526
13107016001,3,,nc,ƕP,1222,711,337,58.9,26,71975
13107016002,3,,nc,ƕQ,533,257,258,60.4,29.7,32186
13107016003,3,,nc,ƕR,587,267,284,59,29.9,34615
13107016004,3,,nc,ƕS,922,429,437,58.2,29.3,53705
13107016005,3,,nc,ƕT,496,353,125,68.6,27.5,34044
131070170,2,,nc,,6491,3401,2807,61.5,30,399089
13107017001,3,,nc,P,860,432,368,63.6,30.2,54713
13107017002,3,,nc,Q,1037,692,309,62.4,30.1,64722
13107017003,3,,nc,R,1780,694,993,61.7,31.2,109843
13107017004,3,,nc,S,1147,699,401,63.3,29.4,72558
13107017005,3,,nc,T,1667,884,736,58.3,29.1,97253
131070180,2,,nc,,9647,5942,3277,63.4,28.2,611708
13107018001,3,,nc,P,1349,852,450,63.2,29.2,85221
13107018002,3,,nc,Q,1995,1265,669,61.2,27.5,122129
13107018003,3,,nc,R,1338,876,410,67.7,29.1,90524
13107018004,3,,nc,S,1518,848,597,62,28.1,94143
13107018005,3,,nc,T,1341,791,474,61.8,26.7,82807
13107018006,3,,nc,U,2106,1310,677,65,28.5,136883
131070190,2,,nc,,2651,525,126,58.8,23.8,156000
13107019001,3,,nc,ʂP,638,339,84,64.5,26.5,41174
13107019002,3,,nc,ʂQ,2013,186,42,57,22.9,114826
131070200,2,,nc,nc,7564,4396,2104,63.8,27.2,482704
13107020001,3,,nc,ncP,1123,359,132,64.9,23.6,72880
13107020002,3,,nc,ncQ,1584,956,519,63.2,28,100054
13107020003,3,,nc,ncR,1518,887,572,65.7,28.1,99779
13107020004,3,,nc,ncS,1971,1279,460,61.4,27,121074
13107020005,3,,nc,ncT,1368,915,421,65,29.2,88918
131070210,2,,nc,,4416,2288,1691,62.4,28.6,275575
13107021001,3,,nc,P,829,392,393,65.5,30.9,54262
13107021002,3,,nc,Q,1713,856,565,59.7,27,102260
13107021003,3,,nc,R,1874,1040,733,63.5,29.1,119053
131070220,2,,nc,,4903,2714,1669,55.9,25.3,273985
13107022001,3,,nc,P,2045,1061,619,56.4,25.6,115398
13107022002,3,,nc,Q,805,506,270,56.5,26.3,45482
13107022003,3,,nc,R,2053,1147,780,55.1,24.7,113105
131070230,2,,nc,,4365,1635,706,56.1,24.7,244819
13107023001,3,,nc,ԂP,2662,578,196,53.2,23.7,141589
13107023002,3,,nc,ԂQ,775,394,283,55.3,25.8,42857
13107023003,3,,nc,ԂR,928,663,227,65.1,26.4,60373
131070240,2,,nc,L,8834,5216,2851,64,27.4,565730
13107024001,3,,nc,LP,1416,803,578,64.2,28.9,90967
13107024002,3,,nc,LQ,1583,875,645,63.8,26.9,101010
13107024003,3,,nc,LR,1380,866,391,63.3,26.6,87325
13107024004,3,,nc,LS,1594,1084,450,66.5,27.8,105969
13107024005,3,,nc,LT,1266,613,242,62.7,26.8,79428
13107024006,3,,nc,LU,1595,975,545,63.3,27.6,101031
131070250,2,,nc,,8304,3660,1948,60.1,26,499150
13107025001,3,,nc,ԂP,2992,722,288,52.9,24.7,158190
13107025002,3,,nc,ԂQ,729,380,335,60.1,27.8,43848
13107025003,3,,nc,ԂR,1203,677,417,59.7,26.6,71776
13107025004,3,,nc,ԂS,1262,810,345,67,26.8,84510
13107025005,3,,nc,ԂT,1111,636,409,67.8,26.7,75358
13107025006,3,,nc,ԂU,1007,435,154,65,25.8,65468
131070260,2,,nc,nc,701,355,207,74.4,32.6,52178
13107026001,3,,nc,ncP,45,36,3,80.3,32.2,3612
13107026002,3,,nc,ncQ,461,194,178,70.9,31.2,32674
13107026003,3,,nc,ncR,195,125,26,81.5,36.1,15893
