KEY_CODE,HYOSYO,HTKSYU,CITYNAME,NAME,T000055001,T000055002,T000055003,T000055004,T000055005,T000055006
,,,,,ZɏZވʐ,,c؉,Pѓ艄ʐ,Pl艄ʐ,ʐ
13119,1,,,,232969,104539,91979,58.3,27.5,13574595
131190010,2,,,,10414,4109,5130,54.1,28.6,563151
13119001001,3,,,P,3431,1179,1595,50.5,27.9,173165
13119001002,3,,,Q,2446,917,1262,52.9,28.1,129435
13119001003,3,,,R,2387,1076,1176,59.6,29.9,142244
13119001004,3,,,S,2150,937,1097,55,29.1,118307
131190020,2,,,,2291,1767,176,72.6,26.7,166214
13119002001,3,,,P,989,732,64,70.2,25.4,69419
13119002002,3,,,Q,1302,1035,112,74.3,27.8,96795
131190030,2,,,R,2548,1187,1166,53.3,28.5,135849
131190040,2,,,R䒬,2385,1081,1195,54.8,28.7,130708
131190050,2,,,F쒬,1654,971,585,61.7,30.3,102088
131190060,2,,,ے,2603,1275,1092,58.5,29.6,152343
131190070,2,,,쒬,2247,981,1170,56.5,30.8,127049
131190080,2,,,ב,1238,545,432,64.6,27.1,79975
131190090,2,,,h,3434,1738,1515,57,28.3,195906
131190100,2,,,X쒬,1741,736,753,54.7,27.7,95292
131190110,2,,,h,1951,1001,779,56.1,27.8,109526
131190120,2,,,R,2182,804,1225,53.2,28.5,116138
131190130,2,,,R,2301,910,1043,55.4,28.5,127450
131190140,2,,,K,2418,843,999,56.2,27.6,135836
131190150,2,,,,1758,698,988,53.3,27.9,93654
131190160,2,,,,1751,727,965,56.4,29.8,98702
131190170,2,,,퐶,2367,1042,1207,56.3,29.1,133294
131190180,2,,,{,2439,1169,1116,55.8,27.8,135975
131190190,2,,,a,2156,1059,972,59,29.1,127163
131190200,2,,,ot,2463,1025,1100,58.1,28.4,143100
131190210,2,,,xm,2186,857,598,52.3,27.1,114382
131190220,2,,,J㒬,1849,992,757,63.7,31,117747
131190230,2,,,Jk,2661,1486,1015,58.7,26.3,156169
131190240,2,,,J,2674,1305,1204,63.1,30.4,168737
13119024001,3,,,JP,1050,467,535,58.8,29.5,61693
13119024002,3,,,JQ,1624,838,669,65.9,30.9,107044
131190250,2,,,,3491,843,1668,48.7,24.7,169944
13119025001,3,,,P,976,294,594,57.3,26.4,55947
13119025002,3,,,Q,1199,380,729,52.1,28.2,62419
13119025003,3,,,R,1316,169,345,39.2,20.3,51579
131190260,2,,,΍,6604,3258,2876,61.1,28.6,403284
13119026001,3,,,΍P,2116,865,947,54,27.5,114309
13119026002,3,,,΍Q,1684,882,734,62.3,28.4,104914
13119026003,3,,,΍R,1098,719,352,66.5,27.3,73005
13119026004,3,,,΍S,1330,627,648,64.9,31.8,86277
13119026005,3,,,΍T,376,165,195,65.9,29,24779
131190270,2,,,Ց,5592,2594,2450,66.8,32.8,373550
13119027001,3,,,ՑP,1988,971,858,68.9,34.3,136949
13119027002,3,,,ՑQ,885,519,301,85.1,40.3,75311
13119027003,3,,,ՑR,1409,684,639,62.9,30.7,88630
13119027004,3,,,ՑS,1310,420,652,55.5,27.5,72661
131190280,2,,,Ց,3194,1399,1622,53.9,28.4,172103
13119028001,3,,,ՑP,1643,730,851,52.8,28,86815
13119028002,3,,,ՑQ,1551,669,771,55,28.9,85288
131190290,2,,,V,4109,1838,2127,58.6,27.8,240894
13119029001,3,,,VP,2148,798,1282,56.1,28.5,120558
13119029002,3,,,VQ,1961,1040,845,61.4,27.1,120336
131190300,2,,,,4297,1954,2202,55,27.8,236148
13119030001,3,,,P,1097,396,652,55.7,29.8,61154
13119030002,3,,,Q,2130,1117,959,56.8,27.4,120967
13119030003,3,,,R,1070,441,591,50.5,26.6,54028
131190310,2,,,,2154,981,1027,58.1,29.9,125203
131190320,2,,,@,2315,1184,1033,61.2,29.9,141620
131190330,2,,,匴,1642,950,626,62.4,28.6,102443
131190340,2,,,,1415,741,608,56.8,27.9,80314
131190350,2,,,{{,2205,1164,843,58.9,28.2,129837
131190360,2,,,u,5185,2748,1719,59.7,28.2,309427
13119036001,3,,,uP,2257,1336,779,61.5,29.1,138799
13119036002,3,,,uQ,1585,996,445,64.8,28.9,102717
13119036003,3,,,uR,1343,416,495,50.6,25.8,67912
131190370,2,,,≺,7298,3332,1544,58.4,25.5,426481
13119037001,3,,,≺P,2388,1101,530,57.5,25.5,137273
13119037002,3,,,≺Q,2176,932,497,58.6,25.5,127475
13119037003,3,,,≺R,2734,1299,517,59.2,25.4,161733
131190380,2,,,≺,1193,834,258,61,26.9,72735
13119038001,3,,,≺P,617,422,162,63.8,27,39395
13119038002,3,,,≺Q,576,412,96,57.9,26.8,33340
131190390,2,,,,5683,2662,2163,56.4,26.3,320373
13119039001,3,,,P,1516,533,631,48.1,24,72963
13119039002,3,,,Q,1805,910,533,62.2,27.8,112285
13119039003,3,,,R,807,369,375,52.1,25.5,42023
13119039004,3,,,S,1555,850,624,59.9,26.8,93101
131190400,2,,,,4936,2600,1789,64.3,26.9,317489
13119040001,3,,,P,1042,516,355,66.3,28,69112
13119040002,3,,,Q,1663,796,762,59.9,25.7,99547
13119040003,3,,,R,1387,797,473,67.5,28.4,93589
13119040004,3,,,S,844,491,199,65.5,25.3,55242
131190410,2,,,,6304,4528,1462,70.3,29.3,443086
13119041001,3,,,P,2279,1359,835,64,29,145780
13119041002,3,,,Q,1167,729,317,73.6,30.4,85849
13119041003,3,,,R,2858,2440,310,74,29,211457
131190420,2,,,,4433,2445,1179,58.2,26.7,257959
13119042001,3,,,؂P,1729,1056,574,61,28.1,105537
13119042002,3,,,؂Q,1843,738,431,52.1,25.7,96006
13119042003,3,,,؂R,861,651,174,65.5,26.2,56417
131190430,2,,,@,7198,2908,2363,59.4,26.1,427309
13119043001,3,,,@P,1205,498,627,61,29.1,73533
13119043002,3,,,@Q,3266,1298,1091,60.1,26.7,196342
13119043003,3,,,@R,2727,1112,645,57.7,24.3,157433
131190440,2,,,,1543,753,420,56.2,25.3,86752
131190450,2,,,O쒬,10904,5735,2984,61.6,27.3,671739
13119045001,3,,,O쒬P,1839,940,258,59.6,25.6,109528
13119045002,3,,,O쒬Q,2034,1161,608,59,27.2,120009
13119045003,3,,,O쒬R,1834,830,648,59,25.9,108217
13119045004,3,,,O쒬S,1789,779,549,62.5,27.7,111884
13119045005,3,,,O쒬T,1292,704,339,63.7,27.6,82273
13119045006,3,,,O쒬U,2116,1321,582,66.1,29.6,139828
131190460,2,,,Ԓ,13229,5682,7001,59.1,28.1,782401
13119046001,3,,,Ԓ˂P,1829,760,1025,58.2,28.9,106518
13119046002,3,,,Ԓ˂Q,2552,1067,1405,55.2,27.7,140746
13119046003,3,,,Ԓ˂R,2209,715,1403,51.7,28.1,114141
13119046004,3,,,Ԓ˂S,1766,839,836,62.5,28.3,110380
13119046005,3,,,Ԓ˂T,1317,730,549,66.7,29,87828
13119046006,3,,,Ԓ˂U,1747,753,848,62.2,28.2,108669
13119046007,3,,,Ԓ˂V,1489,612,854,59.2,26.9,88088
13119046008,3,,,Ԓ˂W,320,206,81,81.4,27.4,26033
131190470,2,,,ԒːV,4126,1686,1678,61.3,28.4,252793
13119047001,3,,,ԒːVP,656,242,398,56.1,31.2,36793
13119047002,3,,,ԒːVQ,838,342,397,58.3,29.3,48823
13119047003,3,,,ԒːVR,2632,1102,883,63.5,27.6,167177
131190480,2,,,lt,1505,825,634,70.7,27.6,106399
13119048001,3,,,ltP,834,440,369,64.2,27.2,53550
13119048002,3,,,ltQ,671,385,265,78.8,28,52849
131190490,2,,,,264,213,47,76.2,27.4,20113
131190500,2,,,O,2645,1140,1398,56.9,26.6,150619
13119050001,3,,,OP,2314,927,1292,56.6,26.6,130885
13119050002,3,,,OQ,331,213,106,59.6,26.3,19735
131190510,2,,,,10912,4352,5026,57.7,28.2,629570
13119051001,3,,,P,2602,1203,1262,59.3,28.1,154306
13119051002,3,,,Q,1886,827,894,56.8,29.4,107197
13119051003,3,,,R,2286,1000,1124,57,28.4,130208
13119051004,3,,,S,2194,904,1190,57,28.6,125128
13119051005,3,,,T,1944,418,556,58,26.8,112731
131190520,2,,,,13663,7263,5819,63.8,27.8,872173
13119052001,3,,,ۂP,2984,1534,1312,59,28.8,176029
13119052002,3,,,ۂQ,2033,892,1032,56.8,27.8,115468
13119052003,3,,,ۂR,2901,1707,1089,67.1,28.4,194755
13119052004,3,,,ۂS,1753,1030,629,65.6,27.9,114931
13119052005,3,,,ۂT,751,381,340,74.6,27.6,56058
13119052006,3,,,ۂU,1981,1085,835,67.4,27.8,133521
13119052007,3,,,ۂV,571,269,285,65.3,24.8,37283
13119052008,3,,,ۂW,689,365,297,64,24.7,44127
131190530,2,,,R,1816,942,823,60.4,28.7,109700
131190540,2,,,,2062,849,1085,60.7,28.3,125230
13119054001,3,*,,P,,,,,,
13119054002,3,@,,Q,1078,440,584,62.1,28.6,66903
13119054003,3,,,R,984,409,501,59.3,28,58327
131190550,2,,,,23673,6046,7199,50,24.4,1182507
13119055001,3,,,P,3257,952,2054,52.1,24.6,169547
13119055002,3,,,Q,8150,358,366,43.6,23.7,355087
13119055003,3,,,R,2648,1755,236,59.3,25.1,156920
13119055004,3,,,S,853,342,481,60.2,29.7,51372
13119055005,3,,,T,1480,715,730,70,33.3,103673
13119055006,3,,,U,12,-,-,19.4,19.4,233
13119055007,3,,,V,2272,649,1427,46,22.4,104440
13119055008,3,,,W,1475,351,1036,48.6,21.6,71747
13119055009,3,,,X,3526,924,869,48.1,22.2,169489
131190560,2,,,V͊,2569,533,221,50.1,21.7,128821
13119056001,3,,,V݂͊P,792,167,126,56.2,22.5,44494
13119056002,3,,,V݂͊Q,1470,186,16,43.6,20.1,64096
13119056003,3,,,V݂͊R,307,180,79,65.9,26,20231
131190570,2,,,Mn,3099,1249,903,57.8,25.5,179131
13119057001,3,,,MnP,951,461,356,54.7,26.5,52058
13119057002,3,,,MnQ,1450,573,361,60.1,25.7,87151
13119057003,3,,,MnR,540,206,179,60.6,25.8,32726
13119057004,3,,,MnS,158,9,7,45.5,17.9,7196
