KEY_CODE,HYOSYO,HTKSYU,CITYNAME,NAME,T000055001,T000055002,T000055003,T000055004,T000055005,T000055006
,,,,,ZɏZވʐ,,c؉,Pѓ艄ʐ,Pl艄ʐ,ʐ
13212,1,,s,,76034,36320,26933,67.4,29.8,5128031
132120010,2,,s,,6484,2483,1693,64.1,30.4,415642
13212001001,3,,s,P,1141,713,248,62.1,26.3,70879
13212001002,3,,s,Q,554,124,150,43,26.3,23847
13212001003,3,,s,R,1353,450,430,64.2,30.1,86898
13212001004,3,,s,S,1052,31,32,55.9,31.4,58785
13212001005,3,,s,T,601,327,180,79.1,34.1,47529
13212001006,3,,s,U,1209,579,392,72.8,34,88053
13212001007,3,,s,V,574,259,261,69.1,30.2,39651
132120020,2,,s,,2406,1428,838,67.7,29.4,162870
13212002001,3,,s,P,855,427,387,55.9,26.8,47788
13212002002,3,,s,Q,717,474,208,74,29.7,53037
13212002003,3,,s,R,1,-,-,29.7,9.9,30
13212002004,3,,s,S,402,342,52,90.2,33.9,36265
13212002005,3,,s,T,431,185,191,59.7,28.5,25751
132120030,2,,s,璬,-,-,-,-,-,-
132120040,2,,s,xm,184,183,-,79.8,30.3,14675
132120050,2,,s,h,2114,1050,744,72.8,31.4,153912
13212005001,3,,s,hP,602,310,243,66.4,29.5,39946
13212005002,3,,s,hQ,752,238,344,62.6,29.4,47089
13212005003,3,,s,hR,342,190,61,79.4,31.7,27152
13212005004,3,,s,hS,279,217,54,90.3,34.6,25203
13212005005,3,,s,hT,139,95,42,104.5,40.8,14521
132120061,2,,s,V,1643,731,408,63.2,26.3,103838
13212006101,3,,s,VP,638,96,96,58.5,23.8,37298
13212006102,3,,s,VQ,304,168,117,65.4,30.8,19872
13212006103,3,,s,VR,632,411,186,63.3,26.2,40023
13212006105,3,,s,VT,69,56,9,96.3,31.2,6646
132120062,2,,s,V,497,283,192,74.4,30.7,36955
13212006201,3,,s,VP,309,148,148,64,29.5,19767
13212006204,3,,s,VS,140,104,30,92.6,32.9,12963
13212006205,3,,s,VT,48,31,14,88,30,4224
132120070,2,,s,R,4041,2052,1232,77.2,33.3,311769
13212007001,3,,s,RP,207,197,-,125.7,44.6,26029
13212007002,3,,s,RQ,529,488,11,121.7,45.5,64354
13212007003,3,,s,RR,726,520,169,95.9,40,69611
13212007004,3,,s,RS,1133,144,369,49.2,22.1,55774
13212007005,3,,s,RT,545,150,362,55.9,29.4,30452
13212007006,3,,s,RU,901,553,321,72.8,31.6,65549
132120080,2,,s,R,1829,541,307,56.9,25.9,104049
13212008001,3,,s,RP,931,98,24,41.8,22,38919
13212008002,3,,s,RQ,527,332,185,79.3,32.6,41801
13212008003,3,,s,RR,371,111,98,62.9,24.2,23330
132120090,2,,s,R,2467,1513,794,76.6,31.3,188939
13212009001,3,,s,RP,514,260,217,67,28.5,34439
13212009002,3,,s,RQ,324,242,69,92.3,37.8,29901
13212009003,3,,s,RR,318,151,148,61.5,28.9,19546
13212009004,3,,s,RS,215,104,97,62.8,29.9,13493
13212009005,3,,s,RT,1096,756,263,83.5,31.5,91561
132120100,2,,s,厚Lc,29,20,8,80.7,36,2339
132120110,2,,s,Lc,2311,1259,912,77.2,33.8,178402
13212011001,3,,s,LcP,215,117,83,85.2,30.7,18326
13212011002,3,,s,LcQ,511,338,145,83.4,33.3,42623
13212011003,3,,s,LcR,827,411,350,72.4,34.3,59849
13212011004,3,,s,LcS,758,393,334,76,34.6,57604
132120120,2,,s,Lc,2680,1474,985,67.2,29.1,180046
13212012001,3,,s,LcP,618,422,172,82.7,32.5,51084
13212012002,3,,s,LcQ,340,161,86,74,28.9,25169
13212012003,3,,s,LcR,1023,587,390,56.6,26.5,57909
13212012004,3,,s,LcS,699,304,337,65.6,29.3,45884
132120130,2,,s,u,4856,2198,1515,64.1,27.2,311376
13212013001,3,,s,uP,1218,659,424,65,28.5,79157
13212013002,3,,s,uQ,1406,547,653,59.7,29,83972
13212013003,3,,s,uR,400,208,109,57.9,23.8,23144
13212013004,3,,s,uS,653,66,12,70.2,26.8,45854
13212013005,3,,s,uT,660,389,176,70,25.7,46224
13212013006,3,,s,uU,519,329,141,63.6,25.2,33025
132120140,2,,s,약,270,210,48,94.1,38,25408
132120150,2,,s,약,6982,3899,2511,73.7,31.3,514417
13212015001,3,,s,약P,976,704,209,91.8,37.6,89644
13212015002,3,,s,약Q,1225,1032,119,93.4,35,114370
13212015003,3,,s,약R,700,233,445,59.6,30.5,41690
13212015004,3,,s,약S,690,391,277,63.4,24.4,43713
13212015005,3,,s,약T,1348,556,501,63.2,27.2,85170
13212015006,3,,s,약U,563,211,338,58.1,27.3,32712
13212015007,3,,s,약V,512,220,275,56.6,28.3,28959
13212015008,3,,s,약W,441,194,217,66.6,30,29355
13212015009,3,,s,약X,527,358,130,92.6,38,48804
132120160,2,,s,{,3028,1277,1550,63.8,31,193260
13212016001,3,,s,{P,218,67,132,55.4,28.4,12077
13212016002,3,,s,{Q,647,194,407,52,28.9,33674
13212016003,3,,s,{R,519,144,322,47.3,27.4,24536
13212016004,3,,s,{S,701,319,340,69.4,31.5,48654
13212016005,3,,s,{T,562,365,173,85.3,35.5,47930
13212016006,3,,s,{U,134,91,36,85,31.9,11393
13212016007,3,,s,{V,247,97,140,60.7,30.7,14996
132120170,2,,s,_,2605,1134,1245,61.7,27.4,160733
13212017001,3,,s,_P,632,278,296,63.8,25.4,40332
13212017002,3,,s,_Q,519,326,184,68.7,28.2,35643
13212017003,3,,s,_R,642,192,352,56.2,29.1,36101
13212017004,3,,s,_S,812,338,413,59.9,27.4,48657
132120180,2,,s,,2620,929,904,58.8,28.5,154131
13212018001,3,,s,P,529,199,297,53.9,29.6,28515
13212018002,3,,s,Q,535,305,204,70.4,32.5,37688
13212018003,3,,s,R,894,207,258,56.4,26.9,50405
13212018004,3,,s,S,662,218,145,56.7,26.7,37524
132120190,2,,s,v,1534,290,54,57.3,27.1,87831
132120200,2,,s,v,2724,1360,1268,64.6,31.6,175933
13212020001,3,,s,vۂP,638,236,374,49.7,26.9,31731
13212020002,3,,s,vۂQ,485,311,150,78.4,34.8,38028
13212020003,3,,s,vۂR,677,388,264,71.4,33.1,48314
13212020004,3,,s,vۂS,7,-,6,21.7,21.7,152
13212020005,3,,s,vۂT,26,1,25,32.4,30.1,842
13212020006,3,@,s,vۂU,83,17,64,45.2,28.2,3751
13212020007,3,*,s,vۂV,,,,,,
13212020008,3,,s,vۂW,808,407,385,65.7,32,53115
132120210,2,,s,厚,3840,2487,1172,76.1,30.8,292054
132120220,2,,s,厚ӖxV,382,297,74,91.4,32.8,34929
132120270,2,,s,厚V,1733,703,536,59.7,25.9,103421
132120280,2,,s,厚Γc,576,258,294,62.2,25.5,35813
132120290,2,,s,,2387,758,1484,52.4,27.5,125118
132120301,2,,s,O,3151,1887,1133,74.7,33.5,235439
13212030101,3,,s,OP,785,168,586,45.2,27.6,35488
13212030102,3,,s,OQ,1008,803,144,97,37.7,97801
13212030103,3,,s,OR,796,459,314,65.8,30.1,52355
13212030104,3,,s,OS,562,457,89,88.6,35.4,49795
132120302,2,,s,O,1294,745,319,58.7,24.4,75949
13212030200,3,,s,O,375,176,191,58.9,26.3,22091
13212030201,3,,s,O,919,569,128,58.6,23.7,53858
132120310,2,,s,,2638,1031,1287,60.4,27.9,159448
132120320,2,,s,S,3600,1697,823,69.3,30.2,249574
132120361,2,,s,莛,3822,1514,1997,64.7,28.1,247212
13212036101,3,,s,莛P,409,186,199,69.1,29.2,28273
13212036102,3,,s,莛Q,828,397,401,63.4,28.6,52467
13212036103,3,,s,莛R,742,291,413,68.1,28.6,50558
13212036104,3,,s,莛S,632,196,416,59.7,27.7,37735
13212036105,3,,s,莛T,369,124,221,58.9,26.9,21720
13212036106,3,,s,莛U,842,320,347,67.1,27.5,56459
132120362,2,,s,莛,-,-,-,-,-,-
13212036201,3,,s,莛P,-,-,-,-,-,-
13212036202,3,,s,莛Q,-,-,-,-,-,-
132120371,2,,s,Γc,740,281,402,67.7,28.6,50120
13212037101,3,,s,ΓcP,410,154,241,68.8,29.3,28190
13212037102,3,,s,ΓcQ,330,127,161,66.5,27.7,21930
132120372,2,,s,Γc,-,-,-,-,-,-
132120380,2,,s,厚c,394,226,156,73,30.4,28775
132120390,2,,s,厚{,173,122,48,78.9,28.9,13656
