KEY_CODE,HYOSYO,HTKSYU,CITYNAME,NAME,T000055001,T000055002,T000055003,T000055004,T000055005,T000055006
,,,,,ZɏZވʐ,,c؉,Pѓ艄ʐ,Pl艄ʐ,ʐ
13105,1,,,,94209,44202,42475,61.4,31.5,5780009
131050100,2,,,y,948,470,361,63,33.4,59701
13105010001,3,,,yP,173,71,65,63.3,32.2,10949
13105010002,3,,,yQ,775,399,296,62.9,33.7,48752
131050110,2,,,t,2417,1172,1066,59.6,31.4,144155
13105011001,3,,,tP,835,348,421,49.5,28.8,41317
13105011002,3,,,tQ,1582,824,645,65,32.5,102838
131050120,2,,,ΐ,9221,4951,3544,62.5,31.5,576052
13105012001,3,,,ΐP,1740,830,608,58.4,31.7,101647
13105012002,3,,,ΐQ,1857,1115,686,59.9,32.3,111286
13105012003,3,,,ΐR,1802,1174,475,67.2,30.8,121009
13105012004,3,,,ΐS,1417,770,559,68.4,32.2,96951
13105012005,3,,,ΐT,2405,1062,1216,60.4,30.9,145159
131050130,2,,,R,8375,3778,3896,60.7,30.6,508571
13105013001,3,,,RP,2263,1023,1139,57.2,29.7,129383
13105013002,3,,,RQ,1994,932,949,58.6,30.4,116768
13105013003,3,,,RR,414,232,128,62.1,28.5,25696
13105013004,3,,,RS,1872,913,699,68.8,31.4,128851
13105013005,3,,,RT,1832,678,981,58.9,31.3,107873
131050140,2,,,,7795,3605,3461,63.5,31.1,494927
13105014001,3,,,΂P,1577,845,553,69.2,31,109140
13105014002,3,,,΂Q,1734,918,595,67.4,30.6,116918
13105014003,3,,,΂R,1775,861,700,68.4,32.8,121463
13105014004,3,,,΂S,2709,981,1613,54.4,30.2,147406
131050150,2,,,,2515,1070,1165,53.3,29.6,134015
13105015001,3,,,P,1003,605,253,60,30.2,60157
13105015002,3,,,Q,1512,465,912,48.8,29.2,73857
131050160,2,,,,3146,1745,1132,81.3,37,255770
13105016001,3,,,P,915,500,316,81.1,36.4,74174
13105016002,3,,,Q,987,599,262,99.1,40.5,97784
13105016003,3,,,R,619,304,286,75.3,37,46642
13105016004,3,,,S,625,342,268,59.5,31.1,37171
131050170,2,,,,8245,3232,4395,53.9,29.2,444754
13105017001,3,,,˂P,283,134,87,66,29.8,18678
13105017002,3,,,˂Q,871,375,461,61.6,34.2,53660
13105017003,3,,,˂R,1724,512,1044,48.8,27.5,84060
13105017004,3,,,˂S,1339,548,665,60.4,32.1,80923
13105017005,3,,,˂T,2048,901,1031,52.8,28,108187
13105017006,3,,,˂U,1980,762,1107,50.1,27.8,99246
131050180,2,,,֌,2851,1271,1408,58.2,30,165956
13105018001,3,,,֌P,2064,775,1167,51.2,27.5,105675
13105018002,3,,,֌Q,409,274,105,73.4,35.7,30006
13105018003,3,,,֌R,378,222,136,80.1,35.7,30275
131050190,2,,,ڔ,3133,1554,1405,64.4,32.3,201709
13105019001,3,,,ڔP,901,417,452,65.4,32.1,58907
13105019002,3,,,ڔQ,1084,574,420,62.2,32.1,67456
13105019003,3,,,ڔR,1148,563,533,65.6,32.8,75346
131050200,2,,,H,2842,1245,1474,51.7,29.3,147043
13105020001,3,,,HP,1952,841,1017,49.7,28.9,97060
13105020002,3,,,HQ,890,404,457,56.2,30.1,49983
131050210,2,,,{,9002,4190,3930,57.4,31.7,516997
13105021001,3,,,{P,1447,787,449,63.8,31.9,92291
13105021002,3,,,{Q,1640,801,730,56.6,32.3,92838
13105021003,3,,,{R,1383,738,584,57,33.1,78834
13105021004,3,,,{S,1782,807,631,59.5,31.5,106025
13105021005,3,,,{T,1721,682,959,55.4,31.3,95288
13105021006,3,,,{U,984,366,564,49.7,29.5,48884
13105021007,3,,,{V,45,9,13,63.1,28.7,2838
131050220,2,,,,3895,1948,1633,59.2,33.1,230414
13105022001,3,,,P,453,221,155,44.1,30.7,19963
13105022002,3,,,Q,1214,540,601,60.1,33.9,72917
13105022003,3,,,R,1176,581,517,58.9,32.7,69265
13105022004,3,,,S,1052,606,360,64.9,33.6,68268
131050230,2,,,,2336,1172,991,76.8,36.6,179340
13105023001,3,,,ЂP,994,511,406,71.1,32.6,70646
13105023002,3,,,ЂQ,1342,661,585,81,39.7,108694
131050240,2,,,u,3068,1364,1567,59.1,30.9,181414
13105024001,3,,,uP,1503,677,757,58.2,29.9,87447
13105024002,3,,,uQ,1565,687,810,60,32,93967
131050250,2,,,퐶,1022,474,490,66.8,33.8,68302
13105025001,3,,,퐶P,239,91,132,66.9,33,15978
13105025002,3,,,퐶Q,783,383,358,66.8,34,52324
131050260,2,,,,3028,1477,1378,55,29.5,166567
13105026001,3,,,ÂP,1177,567,516,59.4,30.1,69904
13105026002,3,,,ÂQ,1851,910,862,52.2,29.1,96663
131050270,2,,,ʖ,9443,4421,4521,61.1,31.4,577323
13105027001,3,,,ʖ؂P,674,391,237,83.6,38,56351
13105027002,3,,,ʖ؂Q,2167,941,1143,55.6,29.6,120506
13105027003,3,,,ʖ؂R,3182,1364,1585,57.3,30.6,182224
13105027004,3,,,ʖ؂S,1375,638,679,58.3,30.5,80113
13105027005,3,,,ʖ؂T,2045,1087,877,67.5,32.5,138128
131050280,2,,,{,10927,5063,4658,66.5,32.1,727001
13105028001,3,,,{P,1794,1010,661,68.8,33.3,123458
13105028002,3,,,{Q,1990,806,745,70.9,34.1,140999
13105028003,3,,,{R,1484,744,674,66.3,32.9,98320
13105028004,3,,,{S,1896,769,766,59.6,28.1,112982
13105028005,3,,,{T,2501,1034,1334,57.7,28.7,144366
13105028006,3,,,{U,1262,700,478,84.7,39.1,106875
