KEY_CODE,HYOSYO,HTKSYU,CITYNAME,NAME,T000055001,T000055002,T000055003,T000055004,T000055005,T000055006
,,,,,ZɏZވʐ,,c؉,Pѓ艄ʐ,Pl艄ʐ,ʐ
13220,1,,as,,30605,17488,7278,74.3,29,2272873
132200010,2,*,as,,,,,,,
132200020,2,@,as,E,1617,1120,434,90.6,32,146520
13220002001,3,@,as,EP,158,125,31,106.4,34.6,16813
13220002002,3,,as,EQ,173,159,13,110.5,35.7,19113
13220002003,3,,as,ER,295,169,124,86.7,31.8,25568
13220002004,3,,as,ES,476,345,126,90.3,31.4,42972
13220002005,3,,as,ET,160,92,53,84.3,29.3,13490
13220002006,3,,as,EU,355,230,87,80.5,30.7,28564
132200030,2,,as,~,2037,853,216,59.6,24.7,121409
13220003001,3,,as,~P,109,77,29,92.9,31.4,10124
13220003002,3,,as,~Q,531,386,137,85,29.9,45117
13220003003,3,,as,~R,1397,390,50,47.4,21.5,66168
132200040,2,,as,ޗǋ,1474,1013,373,85.9,30.7,126688
13220004001,3,,as,ޗǋP,236,207,23,97.8,31.4,23084
13220004002,3,,as,ޗǋQ,163,107,52,93.6,32.7,15250
13220004003,3,,as,ޗǋR,275,204,57,85.8,31.9,23605
13220004004,3,,as,ޗǋS,146,89,56,88.4,34.4,12902
13220004005,3,,as,ޗǋT,330,212,109,77.9,28.3,25714
13220004006,3,,as,ޗǋU,324,194,76,80.7,29.1,26135
132200050,2,,as,Δ,981,896,76,109.3,40.1,107227
13220005001,3,,as,ΔȂP,283,246,37,96.6,34.8,27343
13220005002,3,,as,ΔȂQ,410,395,9,126.1,48.4,51716
13220005003,3,,as,ΔȂR,288,255,30,97.8,34.4,28169
132200060,2,,as,,1084,752,317,85.6,31.3,92772
13220006001,3,,as,؂P,156,84,72,91.4,32.6,14257
13220006002,3,,as,؂Q,404,264,132,83.1,30.3,33586
13220006003,3,,as,؂R,524,404,113,85.7,31.7,44929
132200070,2,,as,R,1401,988,340,89.1,32.1,124894
13220007001,3,,as,RP,156,111,42,96.9,38.3,15111
13220007002,3,,as,RQ,242,180,59,92.7,34.7,22427
13220007003,3,,as,RR,217,178,29,97.9,35.6,21237
13220007004,3,,as,RS,454,297,105,84.6,29.5,38414
13220007005,3,,as,RT,332,222,105,83.4,29,27705
132200080,2,,as,,2159,1300,715,79.1,30.3,170824
13220008001,3,,as,P,179,93,69,78.5,31.2,14051
13220008002,3,,as,Q,395,155,133,70.8,28.1,27953
13220008003,3,,as,R,378,170,205,70.8,28.8,26744
13220008004,3,,as,S,343,280,61,88.6,31.8,30373
13220008005,3,,as,T,312,255,49,92.9,32.8,28997
13220008006,3,,as,U,552,347,198,77.4,30,42706
132200090,2,,as,k,1871,625,381,58.7,24.6,109859
13220009001,3,,as,kP,305,240,56,99.3,37.4,30275
13220009002,3,,as,kQ,919,14,81,41.9,18.5,38520
13220009003,3,,as,kR,647,371,244,63.5,26.1,41064
132200100,2,,as,u,3287,2291,145,70.5,26.1,231700
13220010001,3,,as,uP,568,406,5,65.9,23.2,37437
13220010002,3,,as,uQ,1408,1286,28,72.1,26.1,101496
13220010003,3,,as,uR,952,341,12,71.3,27.1,67850
13220010004,3,,as,uS,359,258,100,69.4,28.8,24918
132200110,2,,as,,1698,1277,382,69,26.3,117114
13220011001,3,,as,P,315,201,105,83.7,32.2,26378
13220011002,3,,as,Q,289,155,128,66.3,26.8,19168
13220011003,3,,as,R,918,792,105,65.8,24.6,60399
13220011004,3,,as,S,176,129,44,63.5,23.9,11169
132200120,2,,as,,1458,890,479,79.7,29.5,116181
13220012001,3,,as,P,482,329,113,83.6,30.1,40316
13220012002,3,,as,Q,499,276,187,75.5,28.1,37656
13220012003,3,,as,R,91,52,39,88.2,32,8029
13220012004,3,,as,S,386,233,140,78.2,29.9,30180
132200130,2,,as,X,3619,2219,1257,76.6,32.1,277250
13220013001,3,,as,XP,464,271,185,76,30.9,35284
13220013002,3,,as,XQ,880,476,377,67.5,29.8,59437
13220013003,3,,as,XR,796,658,120,96.7,35.7,76944
13220013004,3,,as,XS,233,65,139,61,27.8,14221
13220013005,3,,as,XT,728,408,286,72.4,32.4,52715
13220013006,3,,as,XU,518,341,150,74.6,31.8,38649
132200140,2,,as,,1053,642,386,78.1,27.2,82242
13220014001,3,,as,P,111,83,26,84.6,27.9,9390
13220014002,3,,as,Q,285,207,76,80.6,27.2,22962
13220014003,3,,as,R,382,189,182,74.2,26.1,28342
13220014004,3,,as,S,275,163,102,78.4,28.3,21549
132200150,2,,as,,3903,1599,1206,67,27.7,261314
13220015001,3,,as,P,411,214,180,68.8,25.6,28275
13220015002,3,,as,Q,264,219,34,100.6,37.6,26562
13220015003,3,,as,R,626,152,58,70.7,29.1,44272
13220015004,3,,as,S,854,431,405,65.8,26.4,56192
13220015005,3,,as,T,469,264,200,70.7,30.2,33173
13220015006,3,,as,U,1279,319,329,57,25.3,72841
132200160,2,,as,,1484,125,38,52.3,24.5,77665
13220016001,3,,as,P,396,17,3,47.4,22.4,18785
13220016002,3,,as,Q,620,19,18,53.7,25.3,33320
13220016003,3,,as,R,174,-,-,42,20.4,7307
13220016004,3,,as,S,294,89,17,62.1,28.1,18254
132200170,2,,as,Vx,1479,898,533,73.8,30.1,109213
13220017001,3,,as,VxP,567,406,153,74.2,30.8,42051
13220017002,3,,as,VxQ,395,275,109,80.7,33.1,31864
13220017003,3,,as,VxR,517,217,271,68.3,27.2,35299
