KEY_CODE,HYOSYO,HTKSYU,CITYNAME,NAME,T000055001,T000055002,T000055003,T000055004,T000055005,T000055006
,,,,,ZɏZވʐ,,c؉,Pѓ艄ʐ,Pl艄ʐ,ʐ
13214,1,,s,,52912,25743,21050,66.7,30.9,3530080
132140010,2,,s,,4833,2227,2400,63,31.7,304714
13214001001,3,,s,P,1928,939,885,63.9,31.7,123256
13214001002,3,,s,Q,1299,520,714,58,29.7,75337
13214001003,3,,s,R,1040,465,548,64,33.5,66517
13214001004,3,,s,S,566,303,253,70,32.8,39605
132140020,2,,s,,1563,959,498,75.8,32.9,118516
13214002001,3,,s,P,216,182,20,83.4,31.2,18009
13214002002,3,,s,Q,569,274,264,68.7,34.1,39113
13214002003,3,,s,R,594,391,188,80.8,34.1,47996
13214002004,3,,s,S,184,112,26,72.8,28.8,13398
132140030,2,,s,쒬,3973,1408,2278,50.7,31.7,201436
13214003001,3,,s,쒬P,403,215,157,78.5,37.4,31644
13214003002,3,,s,쒬Q,1438,463,934,48.8,31.7,70160
13214003003,3,,s,쒬R,2132,730,1187,46.7,30.3,99632
132140040,2,,s,,3826,1109,666,62.1,28.1,237480
13214004001,3,,s,򒬂P,656,328,284,71.2,35,46686
13214004002,3,,s,򒬂Q,1489,125,2,60.3,24.3,89795
13214004003,3,,s,򒬂R,1681,656,380,60.1,29.5,100999
132140050,2,,s,{,3177,875,2014,46.7,28.8,148364
13214005001,3,,s,{P,88,26,58,53.9,35.1,4741
13214005002,3,,s,{Q,1154,369,740,46.5,28.3,53703
13214005003,3,,s,{R,679,169,470,49.1,30,33332
13214005004,3,,s,{S,1256,311,746,45.1,28.1,56588
132140060,2,,s,{,4668,1830,2447,58.8,31.3,274544
13214006001,3,,s,{P,619,144,445,48.4,28.4,29959
13214006002,3,,s,{Q,1300,342,698,42.6,26.5,55332
13214006003,3,,s,{R,886,526,308,77.4,34.1,68571
13214006004,3,,s,{S,890,426,444,68.4,34.7,60917
13214006005,3,,s,{T,973,392,552,61.4,32.1,59765
132140070,2,,s,PE,5288,3074,1978,65.5,29.7,346166
13214007001,3,*,s,PEP,,,,,,
13214007002,3,@,s,PEQ,958,554,372,65.5,29,62762
13214007003,3,,s,PER,1783,1078,597,64.4,29.4,114744
13214007004,3,,s,PES,1303,647,597,61,29.1,79531
13214007005,3,,s,PET,452,303,136,67.1,29.5,30335
13214007006,3,,s,PEU,792,492,276,74.2,32.3,58793
132140080,2,,s,PE,2865,1292,1249,63.4,30.8,181599
13214008001,3,,s,PEP,993,496,457,69.2,32,68729
13214008002,3,,s,PEQ,412,195,154,61.8,31.1,25462
13214008003,3,,s,PER,987,328,520,54.6,29.5,53857
13214008004,3,,s,PES,473,273,118,70.9,30.3,33551
132140090,2,,s,ˑq,1453,736,650,68,31.4,98855
13214009001,3,,s,ˑqP,654,327,300,65.7,30,43000
13214009002,3,,s,ˑqQ,799,409,350,69.9,32.5,55856
132140100,2,,s,ˑq,3065,1836,896,77.5,31.4,237632
13214010001,3,,s,ˑqP,915,385,329,66.3,29.7,60645
13214010002,3,,s,ˑqQ,654,390,248,76.7,33.1,50179
13214010003,3,,s,ˑqR,666,508,144,90.5,33.3,60281
13214010004,3,,s,ˑqS,830,553,175,80.2,30.5,66527
132140110,2,,s,g,3372,1724,1404,70.8,30.4,238827
13214011001,3,,s,gP,908,463,381,74.4,30.2,67571
13214011002,3,,s,gQ,1023,515,461,67.3,31.5,68892
13214011003,3,,s,gR,809,445,284,72.5,30.2,58612
13214011004,3,,s,gS,632,301,278,69.2,29.2,43751
132140120,2,,s,,2012,968,669,72.5,31.5,145770
13214012001,3,,s,P,905,450,259,72.5,30.9,65611
13214012002,3,,s,Q,1107,518,410,72.4,31.9,80159
132140130,2,,s,xm{,2032,1194,730,78,34.1,158569
13214013001,3,,s,xm{P,1098,650,416,75.4,34.9,82823
13214013002,3,,s,xm{Q,376,198,151,82.6,33.1,31044
13214013003,3,,s,xm{R,558,346,163,80.1,33.3,44702
132140140,2,,s,V,1192,900,260,86.4,32.5,102986
13214014001,3,,s,VP,321,226,89,82.9,28.8,26612
13214014002,3,,s,VQ,458,373,74,89.6,34.6,41020
13214014003,3,,s,VR,413,301,97,85.6,33.4,35354
132140150,2,,s,ؒ,941,664,255,83.8,29.9,78872
13214015001,3,,s,ؒP,488,328,151,77.7,28.6,37935
13214015002,3,,s,ؒQ,167,117,44,91,29.9,15203
13214015003,3,,s,ؒR,286,219,60,90,32.2,25734
132140160,2,,s,k,1256,876,334,81.9,31.6,102808
13214016001,3,,s,kP,275,177,81,84.6,37.6,23256
13214016002,3,,s,kQ,187,106,73,76.3,32.1,14260
13214016003,3,,s,kR,208,172,29,93.1,31.2,19359
13214016004,3,,s,kS,320,240,71,80.5,28.6,25745
13214016005,3,,s,kT,266,181,80,75.9,29.9,20190
132140170,2,,s,,2611,1241,992,70,31.9,182664
13214017001,3,,s,P,1304,599,488,70.6,30.9,92054
13214017002,3,,s,Q,777,306,337,59.3,32.8,46040
13214017003,3,,s,R,530,336,167,84.1,32.8,44571
132140180,2,,s,ؒ,1045,724,246,88,33.6,91916
13214018001,3,,s,ؒP,415,260,87,84.3,31.4,34977
13214018002,3,,s,ؒQ,306,220,85,84.6,34.2,25880
13214018003,3,,s,ؒR,324,244,74,95.9,35.9,31059
132140190,2,,s,,3740,2106,1084,74.4,30.1,278365
13214019001,3,,s,P,928,418,305,69.1,27.8,64115
13214019002,3,,s,Q,930,548,333,80.3,33,74643
13214019003,3,,s,R,535,324,179,81.8,31.7,43787
13214019004,3,,s,S,712,500,122,68.4,28.7,48700
13214019005,3,,s,T,635,316,145,74.2,29.3,47120
