KEY_CODE,HYOSYO,HTKSYU,CITYNAME,NAME,T000055001,T000055002,T000055003,T000055004,T000055005,T000055006
,,,,,ZɏZވʐ,,c؉,Pѓ艄ʐ,Pl艄ʐ,ʐ
13227,1,,Hs,,21071,11795,7199,74.6,29,1572472
132270010,2,,Hs,,778,555,206,92.7,33.5,72105
13227001000,3,,Hs,,-,-,-,-,-,-
13227001001,3,,Hs,P,259,190,65,82.5,30,21364
13227001002,3,,Hs,Q,199,148,42,90.5,32.6,18003
13227001003,3,,Hs,R,170,115,53,102.7,35.6,17458
13227001004,3,,Hs,S,150,102,46,101.9,38.7,15280
132270020,2,,Hs,܃m_,1578,805,685,70.3,28,110926
13227002000,3,,Hs,܃m_,-,-,-,-,-,-
13227002001,3,,Hs,܃m_P,316,206,87,77.8,29.9,24600
13227002002,3,,Hs,܃m_Q,431,160,234,64,27.7,27595
13227002003,3,,Hs,܃m_R,449,259,170,72.8,27.6,32680
13227002004,3,,Hs,܃m_S,382,180,194,68.2,27.3,26051
132270040,2,,Hs,H,179,149,28,99.6,37.8,17826
132270080,2,,Hs,,2510,1018,1337,64.3,27.4,161516
13227008001,3,,Hs,P,349,146,175,69.8,30.9,24373
13227008002,3,,Hs,Q,624,160,430,49,25,30561
13227008003,3,,Hs,R,501,291,197,75,28.1,37582
13227008004,3,,Hs,S,394,171,185,66.8,25.4,26311
13227008005,3,,Hs,T,642,250,350,66.5,28.3,42689
132270090,2,,Hs,ot,890,709,155,79.7,28.5,70966
13227009001,3,,Hs,otP,26,19,7,87.6,25.6,2278
13227009002,3,,Hs,otQ,610,503,89,77,27.7,46941
13227009003,3,,Hs,otR,254,187,59,85.6,30.6,21747
132270100,2,,Hs,_,3032,1921,736,70.5,26.9,213748
13227010001,3,,Hs,_P,965,509,427,68,28,65589
13227010002,3,,Hs,_Q,780,566,127,63.9,25.5,49873
13227010003,3,,Hs,_R,1121,743,135,75.3,26.4,84424
13227010004,3,,Hs,_S,166,103,47,83.5,30.6,13861
132270110,2,,Hs,h,2078,989,955,64.9,27.4,134770
13227011001,3,,Hs,hP,1039,460,526,64.4,28.4,66914
13227011002,3,,Hs,hQ,1039,529,429,65.3,26.4,67856
13227011003,3,,Hs,hR,-,-,-,-,-,-
132270120,2,,Hs,΃Pu,2675,1429,1141,71.5,28.3,191219
13227012001,3,,Hs,΃PuP,589,324,250,80.2,32.1,47212
13227012002,3,,Hs,΃PuQ,707,378,301,71.5,27.6,50572
13227012003,3,,Hs,΃PuR,282,208,67,78.7,28.8,22196
13227012004,3,,Hs,΃PuS,484,244,221,64.2,26.7,31084
13227012005,3,,Hs,΃PuT,613,275,302,65.5,26.6,40155
132270130,2,,Hs,ʐ,302,231,54,86.6,31.2,26140
13227013001,3,,Hs,ʐP,101,72,29,86.1,32.2,8696
13227013002,3,,Hs,ʐQ,201,159,25,86.8,30.7,17444
132270140,2,,Hs,xm,1853,587,425,61.4,25.6,113734
13227014001,3,,Hs,xmP,933,331,208,64.2,25.8,59875
13227014002,3,,Hs,xmQ,910,246,217,57.9,25.3,52705
13227014003,3,,Hs,xmR,10,10,-,115.4,37.2,1154
132270150,2,,Hs,H,1545,909,499,84.8,31.1,130951
13227015001,3,,Hs,HP,795,416,263,79.3,30.1,63032
13227015002,3,,Hs,HQ,316,205,95,89.4,32.6,28241
13227015003,3,,Hs,HR,434,288,141,91.4,31.7,39678
132270160,2,,Hs,H,1324,907,377,90.3,32.7,119528
13227016001,3,,Hs,HP,326,196,116,82.9,30.5,27032
13227016002,3,,Hs,HQ,440,317,106,89.6,32.6,39402
13227016003,3,,Hs,HR,379,251,122,90.6,33.6,34345
13227016004,3,,Hs,HS,179,143,33,104.7,35.2,18748
132270170,2,,Hs,H,1444,979,384,91.5,32.1,132084
13227017001,3,,Hs,HP,494,287,178,83.5,31.9,41240
13227017002,3,,Hs,HQ,385,273,77,88.1,30.4,33921
13227017003,3,,Hs,HR,292,206,72,99.4,32.9,29020
13227017004,3,,Hs,HS,273,213,57,102.2,34,27903
132270180,2,,Hs,H,883,607,217,87.2,31.6,76960
13227018001,3,,Hs,HP,448,265,136,80.5,29.7,36066
13227018002,3,,Hs,HQ,241,176,58,90,33,21686
13227018003,3,,Hs,HR,194,166,23,99,33.9,19208
132270190,2,,Hs,,-,-,-,-,-,-
