KEY_CODE,HYOSYO,HTKSYU,CITYNAME,NAME,T000055001,T000055002,T000055003,T000055004,T000055005,T000055006
,,,,,ZɏZވʐ,,c؉,Pѓ艄ʐ,Pl艄ʐ,ʐ
13224,1,,s,,62024,29326,18103,66,28.8,4096624
132240011,2,*,s,֌,,,,,,
132240012,2,@,s,֌,4412,2226,1774,62.6,30.5,276382
13224001201,3,@,s,֌˂P,464,308,143,66.4,31,30826
13224001202,3,,s,֌˂Q,1252,606,615,59.6,30.4,74568
13224001203,3,,s,֌˂R,653,305,182,64.2,28.6,41931
13224001204,3,,s,֌˂S,1110,530,399,59.6,30.8,66117
13224001205,3,,s,֌˂T,610,270,322,65.9,32.7,40183
13224001206,3,,s,֌˂U,323,207,113,70.5,29.3,22757
132240021,2,,s,A,-,-,-,-,-,-
132240022,2,,s,A,3133,2046,1005,76.5,31.7,239778
13224002201,3,,s,AP,782,565,200,81.6,34.2,63782
13224002202,3,,s,AQ,844,635,193,76.6,28.7,64619
13224002203,3,,s,AR,775,449,296,72,31,55794
13224002204,3,,s,AS,246,177,68,92.1,37.5,22658
13224002205,3,,s,AT,150,56,90,65,33.2,9751
13224002206,3,,s,AU,336,164,158,69,30.7,23174
132240030,2,,s,L,514,196,297,51.7,26.8,26564
132240040,2,,s,c,1021,384,569,55.9,26.2,57059
132240061,2,,s,ac,4500,1616,1838,58.1,26.6,261353
13224006100,3,,s,ac,3572,1616,1837,60.7,27.2,216855
13224006101,3,,s,ac,928,-,1,48,23.9,44498
132240070,2,,s,S,366,169,186,69.5,31.4,25423
132240080,2,,s,,464,233,191,72.2,29.6,33519
132240091,2,,s,,646,231,211,65.9,28.5,42581
132240092,2,,s,,634,146,248,52.3,24.3,33174
13224009201,3,,s,P,419,146,248,61,28.1,25552
13224009203,3,,s,R,215,-,-,35.5,16.6,7622
132240100,2,,s,m{,3354,1182,2092,52.2,29.4,174940
13224010001,3,,s,m{P,1302,342,928,44.4,27.5,57804
13224010002,3,,s,m{Q,879,288,575,47.3,28.5,41543
13224010003,3,,s,m{R,268,143,118,57.9,27,15506
13224010004,3,,s,m{S,905,409,471,66.4,33.1,60087
132240110,2,,s,Pu,2481,2001,380,119.8,51,297290
13224011001,3,,s,PuP,807,659,122,121.1,51.5,97751
13224011002,3,,s,PuQ,501,469,18,136.7,54.5,68491
13224011003,3,,s,PuR,463,414,14,134.4,53,62248
13224011004,3,,s,PuS,710,459,226,96.9,45.8,68801
132240120,2,,s,Pu,2614,1892,247,93.2,32.6,243595
13224012001,3,,s,PuP,810,295,108,69.6,25.6,56363
13224012002,3,,s,PuQ,701,649,7,109.1,36.3,76508
13224012003,3,,s,PuR,873,730,127,93.1,32.8,81237
13224012004,3,,s,PuS,208,197,5,130.7,44.5,27190
13224012005,3,,s,PuT,22,21,-,104.4,30.6,2297
132240130,2,,s,zK,4769,1539,954,54.6,24.2,260484
13224013001,3,,s,zKP,1739,780,753,65.3,28.3,113613
13224013002,3,,s,zKQ,1061,459,101,49.7,23.4,52776
13224013003,3,,s,zKR,439,246,79,70.6,26.5,30973
13224013004,3,,s,zKS,1097,44,19,41.2,18.8,45147
13224013005,3,,s,zKT,433,10,2,41.5,18.9,17976
13224013006,3,,s,zKU,-,-,-,-,-,-
132240140,2,,s,iR,7536,2804,1475,57.5,26.1,433103
13224014001,3,,s,iRP,1000,422,440,51.1,26.3,51084
13224014002,3,,s,iRQ,1362,581,486,55.2,25.4,75159
13224014003,3,,s,iRR,1695,819,120,56.4,23.4,95620
13224014004,3,,s,iRS,2032,-,-,47.4,23.1,96269
13224014005,3,,s,iRT,762,748,8,104.3,37.2,79469
13224014006,3,@,s,iRU,685,234,421,51.8,27.9,35503
13224014007,3,*,s,iRV,,,,,,
132240150,2,,s,L,3422,2085,292,70.4,26.1,241005
13224015001,3,,s,LP,804,499,272,73.4,30.5,59024
13224015002,3,,s,LQ,1365,1021,11,77.9,26.4,106324
13224015003,3,,s,LR,452,169,-,63.3,22.3,28591
13224015004,3,,s,LS,458,396,9,63.3,25,28994
13224015005,3,,s,LT,343,-,-,52.7,22,18071
132240160,2,,s,LPu,4479,2513,858,72.4,28.9,324065
13224016001,3,,s,LPuP,1381,458,763,62.7,28.6,86572
13224016002,3,,s,LPuQ,1081,819,69,75.8,27.3,81961
13224016003,3,,s,LPuR,651,633,12,98.1,32.6,63863
13224016004,3,,s,LPuS,349,97,-,58.4,29.4,20370
13224016005,3,,s,LPuT,598,506,14,81.4,32.7,48696
13224016006,3,,s,LPuU,419,-,-,53.9,22,22603
132240170,2,,s,,5460,2695,1178,63,26.2,344109
13224017001,3,,s,P,778,272,455,45.9,27.6,35740
13224017002,3,,s,Q,488,325,159,74.9,31.2,36559
13224017003,3,,s,R,1472,658,208,58.1,23.8,85581
13224017004,3,,s,S,1124,265,10,53.3,21.4,59900
13224017005,3,,s,T,867,834,15,92.3,30.5,80036
13224017006,3,,s,U,731,341,331,63.3,28,46293
132240180,2,,s,ߖq,3992,2575,1102,78.3,30.9,312632
13224018001,3,,s,ߖqP,802,436,319,64.3,29.8,51547
13224018002,3,,s,ߖqQ,810,245,547,50.1,26.4,40617
13224018003,3,,s,ߖqR,554,539,11,92.2,31.2,51062
13224018004,3,,s,ߖqS,306,293,6,97.3,33,29767
13224018005,3,,s,ߖqT,795,589,16,102.1,34.8,81135
13224018006,3,,s,ߖqU,725,473,203,80.7,29.5,58505
132240190,2,,s,,922,320,581,55.5,28.5,51207
13224019001,3,,s,P,-,-,-,-,-,-
13224019002,3,,s,Q,619,134,470,44.6,25.1,27597
13224019003,3,,s,R,303,186,111,77.9,33.8,23609
132240210,2,,s,ac,610,6,6,39.3,18,23975
132240220,2,,s,,2569,998,300,58.5,25.4,150254
13224022001,3,,s,P,325,36,-,51.7,23.5,16802
13224022002,3,,s,Q,450,422,22,58.8,24.3,26461
13224022003,3,,s,R,483,-,-,42.7,19.6,20647
13224022004,3,,s,S,1311,540,278,65.9,28.4,86345
132240240,2,,s,n,1792,431,1268,50.6,25.4,90636
13224024001,3,,s,nP,659,227,404,56.3,27.2,37074
13224024002,3,,s,nQ,1133,204,864,47.3,24.3,53562
132240250,2,,s,R,402,54,304,35.5,23.4,14276
13224025001,3,,s,RP,402,54,304,35.5,23.4,14276
13224025002,3,,s,RQ,-,-,-,-,-,-
132240260,2,,s,,1105,518,528,57.9,27.4,64027
13224026001,3,,s,P,567,209,355,46.3,25.2,26244
13224026002,3,,s,Q,538,309,173,70.2,29.2,37783
132240270,2,@,s,ؓc,827,466,219,90.9,35.4,75194
13224027001,3,*,s,ؓcP,,,,,,
13224027002,3,*,s,ؓcQ,,,,,,
13224027003,3,,s,ؓcR,-,-,-,-,-,-
