KEY_CODE,HYOSYO,HTKSYU,CITYNAME,NAME,T000055001,T000055002,T000055003,T000055004,T000055005,T000055006
,,,,,ZɏZވʐ,,c؉,Pѓ艄ʐ,Pl艄ʐ,ʐ
13103,1,,`,,100479,48787,33359,67.6,37.5,6793418
131030010,2,,`,,5991,2121,2329,54.1,32.7,324397
13103001001,3,,`,łP,547,122,294,50.3,29.3,27530
13103001002,3,,`,łQ,1333,678,537,59.9,34.3,79893
13103001003,3,,`,łR,1760,735,917,64.3,40.2,113225
13103001004,3,,`,łS,387,166,204,47,30.1,18202
13103001005,3,,`,łT,1964,420,377,43.6,26.5,85548
131030020,2,,`,C,3204,664,900,49.2,30.9,157760
13103002001,3,,`,C݂P,1245,225,136,55.5,33.8,69050
13103002002,3,,`,C݂Q,333,278,41,62.4,34.5,20778
13103002003,3,,`,C݂R,1626,161,723,41.8,27.7,67932
131030030,2,,`,V,769,701,50,82.9,43.5,63785
13103003001,3,,`,VP,717,673,28,84,43.8,60198
13103003002,3,,`,VQ,52,28,22,69,38.2,3588
131030040,2,,`,V,1048,850,127,73.7,40,77223
13103004001,3,,`,VP,30,20,10,63.6,41.5,1907
13103004002,3,,`,VQ,84,59,20,64.2,38.8,5393
13103004003,3,,`,VR,115,98,9,73,34,8393
13103004004,3,,`,VS,209,182,19,75.8,35,15835
13103004005,3,,`,VT,262,211,17,86.6,47.7,22685
13103004006,3,,`,VU,348,280,52,66.1,40.2,23011
131030050,2,,`,V,501,343,137,81.7,43.9,40956
13103005001,3,,`,VP,154,135,12,89.3,48.7,13747
13103005002,3,,`,VQ,208,143,58,85.1,44.7,17701
13103005003,3,,`,VR,139,65,67,68.4,37.3,9508
131030060,2,,`,Oc,7799,4382,2821,62.9,33.3,490442
13103006001,3,,`,OcP,1338,632,550,59.4,32.7,79514
13103006002,3,,`,OcQ,1690,1085,380,75.1,38,126958
13103006003,3,,`,OcR,675,281,335,53.4,31.8,36077
13103006004,3,,`,OcS,1700,942,679,63.5,33.1,107885
13103006005,3,,`,OcT,2396,1442,877,58.4,30.9,140008
131030070,2,,`,l,619,312,281,58.5,37,36198
13103007001,3,,`,lP,504,223,262,52.9,36.3,26670
13103007002,3,,`,lQ,115,89,19,82.9,38.9,9529
131030080,2,,`,ő,729,474,188,65.2,37.9,47509
13103008001,3,,`,őP,323,221,49,70.8,40.9,22873
13103008002,3,,`,őQ,406,253,139,60.7,35.4,24637
131030090,2,,`,Ō,604,274,189,57.1,37.1,34516
13103009001,3,,`,ŌP,74,52,15,68,39.6,5033
13103009002,3,,`,ŌQ,381,113,165,48.6,33.7,18517
13103009003,3,,`,ŌR,111,95,7,82.2,46.3,9129
13103009004,3,,`,ŌS,38,14,2,48.3,32.2,1837
131030100,2,,`,Ճm,1084,576,436,76.6,41,82983
13103010001,3,,`,ՃmP,98,92,2,94.8,43.4,9294
13103010002,3,,`,ՃmQ,44,41,2,98.9,42.6,4350
13103010003,3,,`,ՃmR,608,260,312,60,35.7,36471
13103010004,3,,`,ՃmS,88,26,46,109.3,62.9,9619
13103010005,3,,`,ՃmT,246,157,74,94.5,43.7,23249
131030110,2,,`,,309,63,233,96.9,63.3,29946
13103011001,3,,`,P,60,52,5,85.6,43.5,5139
13103011002,3,,`,Q,249,11,228,99.6,69.9,24808
131030120,2,,`,zK,204,82,113,76.4,48.2,15578
131030130,2,,`,zi⒬,78,67,6,150.8,82.3,11764
131030140,2,,`,얃z,7043,2738,3578,69,39,486241
13103014001,3,,`,얃zP,1720,778,844,67.5,38.3,116107
13103014002,3,,`,얃zQ,1826,426,1177,50.4,31.5,92064
13103014003,3,,`,얃zR,1290,604,548,77.3,40.1,99758
13103014004,3,,`,얃zS,1337,524,611,71.7,39.7,95820
13103014005,3,,`,얃zT,870,406,398,94.8,50.8,82492
131030150,2,,`,z,2209,1140,934,93.3,51,206173
13103015001,3,,`,zP,665,430,199,93.4,51.1,62089
13103015002,3,,`,zQ,825,421,351,95.8,50.6,79067
13103015003,3,,`,zR,719,289,384,90.4,51.4,65017
131030160,2,,`,z,5289,3122,1747,75.1,43,397367
13103016001,3,,`,zP,929,454,382,63.7,40.6,59223
13103016002,3,,`,zQ,1300,769,474,68.7,39.7,89371
13103016003,3,,`,zR,1511,1043,312,80,43,120883
13103016004,3,,`,zS,1549,856,579,82.6,47.2,127889
131030170,2,,`,Z{,5307,2454,2185,80.6,47.5,427584
13103017001,3,,`,Z{؂P,757,91,468,93.2,54.9,70550
13103017002,3,,`,Z{؂Q,200,94,87,48.8,34.5,9765
13103017003,3,,`,Z{؂R,1003,471,454,58.4,36.8,58604
13103017004,3,,`,Z{؂S,441,196,129,79.7,37.2,35169
13103017005,3,,`,Z{؂T,890,561,230,88.1,47.9,78400
13103017006,3,,`,Z{؂U,1063,386,595,97.2,61.8,103348
13103017007,3,,`,Z{؂V,953,655,222,75.3,45.3,71749
131030180,2,,`,z,1011,384,471,65.4,40.9,66141
13103018001,3,,`,zP,468,131,229,62.9,38.2,29420
13103018002,3,,`,zQ,141,18,106,64.7,46.5,9119
13103018003,3,,`,zR,402,235,136,68.7,42.5,27602
131030190,2,,`,z\,3539,1310,1847,50.1,33,177204
13103019001,3,,`,z\ԂP,705,180,334,55.2,32.6,38948
13103019002,3,,`,z\ԂQ,1523,732,694,52.2,35.1,79538
13103019003,3,,`,z\ԂR,1035,291,671,45.5,31.9,47063
13103019004,3,,`,z\ԂS,276,107,148,42.2,27.3,11654
131030200,2,,`,z,2143,1160,893,64.3,39.1,137714
13103020001,3,,`,zP,709,457,236,66.2,39.2,46938
13103020002,3,,`,zQ,1073,565,455,65.1,38.7,69833
13103020003,3,,`,zR,361,138,202,58,40,20944
131030210,2,,`,ԍ,208,90,17,70.1,28.5,14578
13103021001,3,,`,ԍP,112,84,16,82,41.9,9185
13103021002,3,,`,ԍQ,96,6,1,56.2,18.5,5394
131030220,2,,`,ԍ,7444,3742,2806,68.4,42.2,508975
13103022001,3,,`,ԍP,133,47,71,123.7,58.2,16457
13103022002,3,,`,ԍQ,1208,536,632,59,42.6,71327
13103022003,3,,`,ԍR,203,106,11,109.7,69.2,22274
13103022004,3,,`,ԍS,616,459,66,86,48.9,52963
13103022005,3,,`,ԍT,284,70,102,80,44.1,22732
13103022006,3,,`,ԍU,1390,553,705,56.6,37.1,78616
13103022007,3,,`,ԍV,1273,726,385,69.2,40.5,88044
13103022008,3,,`,ԍW,1535,904,418,78.7,42.4,120876
13103022009,3,,`,ԍX,802,341,416,44.5,34,35685
131030230,2,,`,R,6576,4239,1388,83.3,42.8,547718
13103023001,3,,`,RP,908,474,98,75.2,36.2,68286
13103023002,3,,`,RQ,995,681,207,77,41.8,76575
13103023003,3,,`,RR,676,422,45,76.9,41,51974
13103023004,3,,`,RS,1608,985,503,86.8,44.4,139537
13103023005,3,,`,RT,760,570,114,101.4,49.7,77026
13103023006,3,,`,RU,789,506,254,73.9,41.5,58302
13103023007,3,,`,RV,840,601,167,90.5,44.3,76018
131030240,2,,`,kR,2222,376,140,57,28.8,126699
13103024001,3,,`,kRP,782,15,2,61.5,26.3,48060
13103024002,3,,`,kRQ,265,168,49,81.9,42.9,21694
13103024003,3,,`,kRR,1175,193,89,48.5,27.5,56946
131030250,2,,`,,9429,5434,2518,70.1,37.4,660992
13103025001,3,,`,ւP,2835,1441,773,61.5,33.3,174376
13103025002,3,,`,ւQ,2992,1717,914,62.2,34.7,186143
13103025003,3,,`,ւR,1985,1122,453,75.3,39.1,149455
13103025004,3,,`,ւS,1617,1154,378,93.4,46.6,151017
131030260,2,,`,,7878,4281,2825,64.1,34.8,505081
13103026001,3,,`,P,2092,972,824,51.1,29.6,106857
13103026002,3,,`,Q,1127,682,200,73.6,35.1,82911
13103026003,3,,`,R,2005,1014,872,59.6,35.6,119514
13103026004,3,,`,S,598,393,168,85.1,40.3,50870
13103026005,3,,`,T,813,407,378,62.1,34.8,50459
13103026006,3,,`,U,1243,813,383,76,38.3,94471
131030270,2,,`,,4805,3003,1525,78.9,39.4,379091
13103027001,3,,`,P,532,295,211,82.9,40,44115
13103027002,3,,`,Q,1012,699,273,84.4,40.7,85457
13103027003,3,,`,R,1593,1117,373,79.3,38.9,126362
13103027004,3,,`,S,835,469,289,72.3,36.9,60346
13103027005,3,,`,T,833,423,379,75.4,41.2,62812
131030280,2,,`,ŉY,5615,2110,2192,51.6,29.4,289978
13103028001,3,,`,ŉYP,614,194,361,44,31,27029
13103028002,3,,`,ŉYQ,1544,735,647,49.9,29.5,77051
13103028003,3,,`,ŉYR,1128,259,612,53.8,32,60657
13103028004,3,,`,ŉYS,2329,922,572,53.8,27.8,125241
131030290,2,,`,`,4843,2295,483,64.5,33.4,312465
13103029001,3,,`,`P,195,9,3,44.9,20.9,8757
13103029002,3,,`,`Q,1267,938,273,69.4,40.7,87917
13103029003,3,,`,`R,1815,731,106,63.5,30.5,115315
13103029004,3,,`,`S,1348,459,80,65.7,33.7,88575
13103029005,3,,`,`T,218,158,21,54.6,32.4,11901
131030300,2,,`,,1979,-,-,68.9,29.1,136361
13103030001,3,,`,P,1979,-,-,68.9,29.1,136361
13103030002,3,,`,Q,-,-,-,-,-,-
131030310,2,,`,,-,-,-,-,-,-
