KEY_CODE,HYOSYO,HTKSYU,CITYNAME,NAME,T000055001,T000055002,T000055003,T000055004,T000055005,T000055006
,,,,,ZɏZވʐ,,c؉,Pѓ艄ʐ,Pl艄ʐ,ʐ
13121,1,,,,259265,126854,78569,64.2,27.2,16649383
131210010,2,,,,7034,3337,1956,64.7,26.5,455329
13121001001,3,,,P,606,311,279,64.9,27.8,39337
13121001002,3,,,Q,1325,680,551,63.3,27.9,83908
13121001003,3,,,R,1874,877,264,64.9,26.1,121695
13121001004,3,,,S,1441,610,293,66.4,25.9,95644
13121001005,3,,,T,864,364,271,59.9,25.9,51725
13121001006,3,,,U,924,495,298,68.2,26.5,63019
131210020,2,,,,5867,3134,2303,64.5,29.3,378565
13121002001,3,,,P,1230,617,387,65.5,29.7,80600
13121002002,3,,,Q,1360,710,544,65.8,30.3,89481
13121002003,3,,,R,1649,859,727,62.5,27.5,103121
13121002004,3,,,S,1628,948,645,64.7,30.2,105364
131210030,2,,,,10234,4326,5125,59.1,28,605085
13121003001,3,,,P,1710,1014,577,68.9,29.8,117754
13121003002,3,,,Q,2122,676,1165,58.2,29,123552
13121003003,3,,,R,1423,419,869,54.7,27.5,77905
13121003004,3,,,S,1381,553,741,58,28.8,80134
13121003005,3,,,T,1474,640,794,53.5,25.5,78823
13121003006,3,,,U,1428,659,732,58.2,27.3,83156
13121003007,3,,,V,696,365,247,62.9,26.7,43760
131210050,2,,,ɋ,4937,2428,1793,68.1,28.2,336061
13121005001,3,,,ɋP,1023,558,331,69.4,30.1,70977
13121005002,3,,,ɋQ,755,322,323,66.5,24.8,50238
13121005003,3,,,ɋR,1241,500,503,63.4,28.9,78710
13121005004,3,,,ɋS,1213,701,372,68.9,27.6,83603
13121005005,3,,,ɋT,705,347,264,74.5,29.6,52534
131210090,2,,,JCɐl,-,-,-,-,-,-
131210100,2,,,J,2456,1376,608,82.3,29,202106
13121010001,3,,,JP,421,216,111,86.1,28.3,36228
13121010002,3,,,JQ,418,249,158,82.6,27,34518
13121010003,3,,,JR,287,217,59,80.4,29.1,23071
13121010004,3,,,JS,315,199,101,91.3,32.2,28770
13121010005,3,,,JT,136,89,44,95.6,29.8,13005
13121010006,3,,,JU,-,-,-,-,-,-
13121010007,3,,,JV,209,129,42,85.5,30.2,17872
13121010008,3,,,JW,460,126,55,66,25.8,30364
13121010009,3,,,JX,210,151,38,87,34.7,18278
131210110,2,,,~c,9241,6044,2386,68.2,29,630562
13121011001,3,,,~cP,842,546,254,74.1,32.8,62389
13121011002,3,,,~cQ,898,579,215,68.6,29.2,61616
13121011003,3,,,~cR,1002,559,323,68.8,29.7,68900
13121011004,3,,,~cS,924,609,273,76.2,30.8,70387
13121011005,3,,,~cT,1307,905,372,66.3,28.1,86661
13121011006,3,,,~cU,1482,1055,387,68.2,28.1,101118
13121011007,3,,,~cV,1845,1361,447,70.1,28.7,129331
13121011008,3,,,~cW,941,430,115,53.3,26.4,50161
131210120,2,,,~,4982,2384,2172,61.9,29.2,308630
13121012001,3,,,~P,1484,626,705,60,30.5,89003
13121012002,3,,,~Q,1409,648,626,61.3,28.3,86398
13121012003,3,,,~R,2089,1110,841,63.8,29,133229
131210130,2,,,,5236,2592,1219,66.8,26.5,349995
13121013001,3,,,P,2225,1118,410,68.7,27.2,152783
13121013002,3,,,Q,1441,700,479,66.4,26.3,95644
13121013003,3,,,R,1570,774,330,64.7,25.7,101568
131210140,2,,,Jc,7051,3384,1925,60.5,25.9,426631
13121014001,3,,,JcP,2335,578,228,56.2,25.9,131164
13121014002,3,,,JcQ,964,684,198,69.4,26.7,66912
13121014003,3,,,JcR,1458,991,431,63.3,26.6,92316
13121014004,3,,,JcS,744,328,395,53.8,25,40053
13121014005,3,,,JcT,1550,803,673,62.1,25.2,96188
131210150,2,,,,2131,1529,556,76.4,29.5,162850
13121015001,3,,,P,738,545,174,76.5,29.3,56452
13121015002,3,,,Q,1393,984,382,76.4,29.5,106399
131210160,2,,,,2489,1903,471,72.2,28.9,179822
13121016001,3,,,P,873,705,113,68.8,28.2,60082
13121016002,3,,,Q,1616,1198,358,74.1,29.3,119740
131210170,2,,,,1364,606,258,68.6,24.3,93600
13121017001,3,,,P,419,257,156,70.8,27.1,29662
13121017002,3,,,Q,945,349,102,67.7,23.2,63938
131210180,2,,,,2505,1171,1197,57.4,26.6,143668
13121018001,3,,,P,1010,554,399,62.1,26.7,62769
13121018002,3,,,Q,590,144,387,50.5,27.6,29776
13121018003,3,,,R,905,473,411,56.5,26,51123
131210190,2,,,k,752,396,318,65.2,27.5,49027
131210200,2,,,I,5254,2410,1767,62.1,26.7,326299
13121020001,3,,,IP,1123,371,422,62.2,27.9,69811
13121020002,3,,,IQ,1444,378,384,55.2,24.8,79758
13121020003,3,,,IR,1579,973,581,63.7,27.7,100510
13121020004,3,,,IS,1108,688,380,68.8,26.4,76220
131210210,2,@,,]k,8476,3013,1286,58.6,25.4,497094
13121021001,3,,,]kP,1027,266,231,63.7,26.7,65452
13121021002,3,,,]kQ,1185,585,311,71.4,29.3,84585
13121021003,3,,,]kR,1355,740,261,72.3,28.4,98030
13121021004,3,,,]kS,2392,798,120,47.8,23.1,114422
13121021005,3,,,]kT,137,99,35,86.2,32.1,11808
13121021006,3,,,]kU,1320,238,120,50.8,22.5,67098
13121021007,3,@,,]kV,1060,287,208,52.5,22.5,55700
131210230,2,*,,ÐJ,,,,,,
13121023001,3,,,ÐJP,-,-,-,-,-,-
13121023002,3,*,,ÐJQ,,,,,,
131210240,2,,,O,3257,832,1176,54.5,26.1,177355
13121024001,3,,,OP,1691,447,780,55.8,27.2,94343
13121024002,3,,,OQ,1566,385,396,53,25,83012
131210250,2,,,,2053,1132,876,67.2,27.1,137941
13121025001,3,,,P,701,470,218,78,27.6,54649
13121025002,3,,,Q,1352,662,658,61.6,26.9,83291
131210260,2,,,M,1098,755,311,84.7,31.6,92972
13121026001,3,,,MP,454,337,105,86.7,32.4,39382
13121026002,3,,,MQ,312,169,136,74.5,29.1,23233
13121026003,3,,,MR,332,249,70,91.4,32.6,30357
131210270,2,,,l,6774,3543,1746,69,26.6,467403
13121027001,3,,,lP,331,212,112,73.4,29.8,24285
13121027002,3,,,lQ,1342,623,257,70.2,27.3,94158
13121027003,3,,,lR,727,420,280,77.3,29.3,56220
13121027004,3,,,lS,816,507,290,74,29.3,60375
13121027005,3,,,lT,1184,261,205,52.7,21.9,62412
13121027006,3,,,lU,1013,550,250,66.4,26.6,67285
13121027007,3,,,lV,757,548,196,73.2,25,55417
13121027008,3,,,lW,604,422,156,78.2,27.6,47252
131210280,2,,,,4590,2308,1485,65.9,27.2,302301
13121028001,3,,,P,768,425,305,64.4,26.9,49428
13121028002,3,,,Q,1690,1052,336,69.3,26.7,117085
13121028003,3,,,R,982,415,529,59,29,57983
13121028004,3,,,S,1150,416,315,67.7,26.8,77805
131210290,2,,,_,1152,869,256,77.6,29.2,89341
13121029001,3,,,_P,612,487,109,79.9,29.9,48891
13121029002,3,,,_Q,540,382,147,74.9,28.3,40450
131210300,2,,,_,1779,1074,549,72.2,27.8,128396
13121030001,3,,,_P,304,188,76,69.5,26.8,21120
13121030002,3,,,_Q,716,436,188,70,26.2,50151
13121030003,3,,,_R,759,450,285,75.3,29.8,57125
131210310,2,,,Vc,3803,1553,771,63.5,27.3,241537
13121031001,3,,,VcP,1156,300,249,50,23.6,57768
13121031002,3,,,VcQ,1046,525,206,70.5,27.5,73783
13121031003,3,,,VcR,1601,728,316,68.7,29.7,109986
131210320,2,,,Z,1204,753,380,73.8,30.7,88821
131210330,2,,,Z,1867,1057,664,60.1,29,112224
131210340,2,,,Z,2113,1164,491,61.4,27.3,129793
13121034001,3,,,ZP,614,387,189,60.5,28.1,37119
13121034002,3,,,ZQ,1499,777,302,61.8,26.9,92675
131210350,2,,,Z쒬,1572,1033,496,64.4,28.4,101205
131210360,2,,,Z͌,1317,752,503,68,30.3,89492
131210370,2,,,֌,4967,2897,1686,67.5,28.1,335384
13121037001,3,,,֌P,798,463,171,68.8,28.5,54901
13121037002,3,,,֌Q,1939,1241,606,70.7,29,137178
13121037003,3,,,֌R,2230,1193,909,64.3,27.1,143305
131210380,2,,,Z,1354,828,472,60.8,29.5,82323
131210390,2,,,Z,1806,810,266,55.3,24.3,99877
13121039001,3,,,Z؂P,634,353,141,61.8,26.6,39194
13121039002,3,,,Z؂Q,1172,457,125,51.8,23,60683
131210400,2,,,Z։,1444,1126,112,65.4,25.3,94505
131210410,2,,,Zc,857,497,328,67.8,30.9,58062
131210420,2,,,Z˒,800,429,271,59.1,27.3,47304
131210430,2,,,Z{,707,476,188,73,31,51645
131210440,2,,,ZΒ,1839,1049,706,73.1,31.3,134451
13121044001,3,,,ZΒP,233,86,136,52.7,27,12283
13121044002,3,,,ZΒQ,866,566,269,78.7,32.2,68135
13121044003,3,,,ZΒR,740,397,301,73,31.4,54034
131210450,2,,,Z,1492,727,305,55.6,25.5,82914
131210460,2,,,Z,798,474,286,64.2,28.9,51208
131210470,2,,,Z,1036,544,426,66.8,29.7,69239
131210480,2,,,Z,1565,824,601,63.1,29.7,98722
131210490,2,,,Z,4296,2449,1532,65,30.9,279062
13121049001,3,,,ZP,763,373,322,61.2,31.5,46719
13121049002,3,,,ZQ,587,348,201,66.5,31.7,39063
13121049003,3,,,ZR,770,536,209,72.7,32.1,55998
13121049004,3,,,ZS,1081,654,392,63.4,30.2,68578
13121049005,3,,,ZT,1095,538,408,62.7,29.7,68705
131210500,2,,,|̒,8661,2145,2051,56.9,26.3,492872
13121050001,3,,,|̒˂P,2058,470,474,56,26.7,115145
13121050002,3,,,|̒˂Q,919,365,311,74.9,30.3,68833
13121050003,3,,,|̒˂R,1503,346,223,57,25.1,85607
13121050004,3,,,|̒˂S,831,114,207,46.8,22.7,38855
13121050005,3,,,|̒˂T,965,469,358,72.6,30.5,70071
13121050006,3,,,|̒˂U,1406,201,369,48.5,25.5,68137
13121050007,3,,,|̒˂V,979,180,109,47.2,22.4,46224
131210510,2,,,C,1702,704,305,58.9,23.8,100288
13121051001,3,,,CP,939,203,83,48.3,20.6,45325
13121051002,3,,,CQ,763,501,222,72,27.4,54963
131210520,2,,,{,5905,3226,1511,63.6,26.8,375765
13121052001,3,,,{P,849,401,223,65.2,29.2,55360
13121052002,3,,,{Q,1442,637,525,59.5,27.2,85765
13121052003,3,,,{R,1159,854,270,65.4,26.3,75814
13121052004,3,,,{S,1670,1013,294,64.3,26,107405
13121052005,3,,,{T,785,321,199,65.5,26.4,51420
131210530,2,,,,575,337,222,77.1,30.3,44316
13121053001,3,,,ւP,45,32,13,80,37.1,3601
13121053002,3,,,ւQ,530,305,209,76.8,29.8,40714
131210540,2,,,a,7269,3769,2877,62.3,26.7,452788
13121054001,3,,,aP,1326,549,721,61.8,27.6,82000
13121054002,3,,,aQ,1435,661,659,63.1,28.6,90558
13121054003,3,,,aR,1140,584,476,65.5,26.7,74665
13121054004,3,,,aS,1834,873,662,60.4,25.9,110697
13121054005,3,,,aT,1534,1102,359,61.8,25.4,94868
131210560,2,,,ɐl,4628,2675,880,73.8,26.8,341699
13121056001,3,,,ɐlP,538,332,188,84.7,31.4,45573
13121056002,3,,,ɐlQ,678,409,222,82.1,28,55650
13121056003,3,,,ɐlR,843,663,142,77.7,27.3,65493
13121056004,3,,,ɐlS,355,272,66,80.4,26.6,28554
13121056005,3,,,ɐlT,1098,865,210,82.5,29.8,90588
13121056006,3,,,ɐlU,1116,134,52,50,20,55841
131210570,2,,,,5279,3116,1795,65.6,28.5,346307
13121057001,3,,,P,1110,734,310,66.2,27.7,73509
13121057002,3,,,Q,1126,610,471,64.3,29.9,72367
13121057003,3,,,R,1012,562,402,65.9,30,66695
13121057004,3,,,S,1637,974,462,64.6,27.4,105721
13121057005,3,,,T,394,236,150,71.1,28.4,28015
131210580,2,@,,,3716,1426,1623,63.3,28.4,235309
13121058001,3,,,P,458,231,210,67.5,28.7,30929
13121058002,3,,,Q,1208,476,679,60.9,28.3,73567
13121058003,3,,,R,1504,523,540,63.2,28.3,95037
13121058004,3,@,,S,546,196,194,65.5,28.6,35775
131210590,2,*,,ɋ,,,,,,
131210600,2,,,V{,6225,2743,1411,57,25,354773
13121060001,3,,,V{P,1367,742,455,61.2,28,83686
13121060002,3,,,V{Q,1416,464,300,56.9,24.4,80530
13121060003,3,,,V{R,714,320,169,55.9,24.5,39945
13121060004,3,,,V{S,1842,649,280,48.7,23,89747
13121060005,3,,,V{T,886,568,207,68.7,25.8,60865
131210610,2,,,,303,201,81,82.8,33.7,25098
13121061001,3,,,P,72,62,8,104,37.3,7488
13121061002,3,,,Q,231,139,73,76.2,32.4,17610
131210620,2,,,ɋ,2799,1915,800,76.8,29.1,214970
13121062001,3,,,ɋP,937,644,270,77.2,28.6,72346
13121062002,3,,,ɋQ,642,460,171,75,28.3,48170
13121062003,3,,,ɋR,784,532,214,76,30.1,59550
13121062004,3,,,ɋS,436,279,145,80.1,29.5,34904
131210630,2,,,Vh,2228,1054,926,66.1,31.4,147181
13121063001,3,,,VhP,772,410,333,63.6,31.6,49132
13121063002,3,,,VhQ,789,344,405,65,31.8,51268
13121063003,3,,,VhR,667,300,188,70.1,30.9,46781
131210640,2,,,V,7793,3503,2744,66.3,28,516301
13121064001,3,,,VP,1177,384,507,64.3,30.1,75693
13121064002,3,,,VQ,1260,509,337,65.3,27.8,82280
13121064003,3,,,VR,1018,337,214,56.6,24.8,57613
13121064004,3,,,VS,1352,851,470,74.1,28.4,100191
13121064005,3,,,VT,1032,541,448,70.8,28.7,73055
13121064006,3,,,VU,1473,641,578,65.5,28.5,96512
13121064007,3,,,VV,481,240,190,64.4,26.5,30958
131210650,2,,,|̒,1453,482,701,65.5,32.8,95233
13121065001,3,,,|̒˂P,841,246,343,66.7,31.9,56134
13121065002,3,,,|̒˂Q,612,236,358,63.9,34.2,39099
131210660,2,,,ۖ؊,4745,1662,570,53,22.8,251322
13121066001,3,,,ۖ؊ԂP,854,380,216,63.4,27.7,54185
13121066002,3,,,ۖ؊ԂQ,1551,788,232,59.6,24.3,92409
13121066003,3,,,ۖ؊ԂR,1108,277,79,47.5,20.3,52677
13121066004,3,,,ۖ؊ԂS,1232,217,43,42.2,19.4,52051
131210670,2,,,Ԕ,7568,2453,1381,59.9,25,453357
13121067001,3,,,ԔP,596,382,200,77.8,29.7,46375
13121067002,3,,,ԔQ,606,237,116,74.6,28.3,45209
13121067003,3,,,ԔR,942,489,434,71.1,29,67010
13121067004,3,,,ԔS,995,485,331,68,28.1,67634
13121067005,3,,,ԔT,2146,176,77,44.1,21,94666
13121067006,3,,,ԔU,605,439,149,77.3,28.9,46744
13121067007,3,,,ԔV,462,226,49,67.7,26.2,31283
13121067008,3,,,ԔW,1216,19,25,44.8,18.4,54436
131210680,2,,,,3487,933,1706,54.7,25,190646
13121068001,3,,,P,1486,324,999,57.1,25.9,84919
13121068002,3,,,Q,1059,293,384,50.4,24.5,53410
13121068003,3,,,R,942,316,323,55.5,24,52317
131210700,2,,,ɋ,2520,1481,920,70.1,28.2,176772
13121070001,3,,,ɋP,652,367,262,68.6,28,44743
13121070002,3,,,ɋQ,704,443,249,69.9,28.7,49185
13121070003,3,,,ɋR,1013,548,386,69.5,27.5,70408
13121070004,3,,,ɋS,151,123,23,82.4,30.6,12436
131210710,2,,,c,2775,1145,946,61.3,25.1,170148
13121071001,3,,,cƂP,570,281,253,69.6,27.4,39655
13121071002,3,,,cƂQ,1305,382,308,52,22.9,67889
13121071003,3,,,cƂR,699,373,300,67.6,26.3,47256
13121071004,3,,,cƂS,201,109,85,76.4,27.3,15349
131210720,2,,,mo,1825,633,466,57.2,27.8,104455
131210730,2,,,ۖ؊,2291,854,379,58,23.4,132892
13121073001,3,,,ۖ؊ԂP,1602,438,195,49.4,21,79061
13121073002,3,,,ۖ؊ԂQ,689,416,184,78.1,28.2,53832
131210740,2,,,,1818,900,353,65,25.6,118257
13121074001,3,,,P,741,423,174,66.6,25.8,49319
13121074002,3,,,Q,231,164,63,77.4,27,17870
13121074003,3,,,R,846,313,116,60.4,25.1,51068
131210750,2,,,Z,555,261,105,61.9,26.8,34366
131210760,2,,,ۖ؊,5437,2918,1796,65.7,25.9,357474
13121076001,3,,,ۖ؊ԂP,1760,1071,351,62.2,24.3,109408
13121076002,3,,,ۖ؊ԂQ,732,529,143,73.9,27.6,54063
13121076003,3,,,ۖ؊ԂR,952,406,519,63.1,26.3,60052
13121076004,3,,,ۖ؊ԂS,944,376,464,68.9,26.8,65076
13121076005,3,,,ۖ؊ԂT,1049,536,319,65.7,26.2,68875
131210770,2,,,ے˒,940,598,312,77.6,28.9,72953
131210780,2,,,xV,452,262,169,82.6,34.2,37332
13121078001,3,,,xVP,205,109,85,79.9,34.5,16389
13121078002,3,,,xVQ,247,153,84,84.8,34,20943
131210790,2,,,Ԕ,5631,2466,1340,61.8,25.2,348128
13121079001,3,,,ԔP,503,425,63,81.6,30.2,41059
13121079002,3,,,ԔQ,1352,838,484,70,27.2,94699
13121079003,3,,,ԔR,987,640,326,73.7,27.8,72777
13121079004,3,,,ԔS,1497,395,301,52.7,23.3,78872
13121079005,3,,,ԔT,1292,168,166,47,20.5,60721
131210800,2,,,{,1684,662,230,60.5,26.5,101840
13121080001,3,,,{P,1544,593,166,60,26.4,92655
13121080002,3,,,{Q,140,69,64,65.6,28,9185
131210810,2,,,Z,3147,1362,606,64.2,24.8,202020
13121081001,3,,,Z؂P,1396,318,175,49,21.4,68367
13121081002,3,,,Z؂Q,190,120,63,85.9,32.1,16316
13121081003,3,,,Z؂R,980,493,231,74.3,25.9,72833
13121081004,3,,,Z؂S,581,431,137,76.6,27.2,44504
131210820,2,,,{ؖk,548,416,120,77,28,42173
131210830,2,,,{,1534,1004,428,75.5,30.4,115748
13121083001,3,,,{؂P,642,445,164,79.6,32.5,51125
13121083002,3,,,{؂Q,892,559,264,72.4,28.9,64622
131210840,2,,,{ؐ,405,303,84,79.3,30.5,32136
131210850,2,,,{ؓ,690,449,224,74.4,30.2,51324
131210860,2,,,{ؓ쒬,723,472,226,75.1,31.3,54318
131210870,2,,,J,4190,1649,2325,55.3,25.6,231746
13121087001,3,,,JP,1127,555,543,59.7,25,67259
13121087002,3,,,JQ,790,197,544,51.4,25.8,40578
13121087003,3,,,JR,759,386,322,59.1,25.4,44833
13121087004,3,,,JS,672,186,464,55.8,29.7,37506
13121087005,3,,,JT,842,325,452,49.4,23.8,41571
131210880,2,,,J݉,2132,928,573,62.4,24.9,132988
13121088001,3,,,J݉ƂP,560,330,216,72.3,26.3,40489
13121088002,3,,,J݉ƂQ,454,248,181,67.2,25.7,30506
13121088003,3,,,J݉ƂR,1118,350,176,55.5,23.7,61993
131210890,2,,,,2408,1524,821,62.9,28.6,151449
13121089001,3,,,P,1143,734,389,64.7,28.4,73923
13121089002,3,,,Q,1265,790,432,61.3,28.9,77526
131210900,2,,,Z,2989,1214,883,64.5,26,192788
13121090001,3,,,ZP,1230,425,269,64.2,25.8,79022
13121090002,3,,,ZQ,1013,475,236,67.9,25.9,68784
13121090003,3,,,ZR,746,314,378,60.3,26.8,44982
131210910,2,,,Z,1469,950,466,76,29.3,111646
13121091001,3,,,ZP,418,270,129,78.2,29.3,32678
13121091002,3,,,ZQ,325,183,128,68.9,28.7,22402
13121091003,3,,,ZR,525,350,157,73.3,28.4,38459
13121091004,3,,,ZS,201,147,52,90.1,32.4,18107
131210950,2,,,ÐJ{,2274,1606,609,79.9,29.2,181793
13121095001,3,,,ÐJ{P,543,370,160,81.5,30.2,44258
13121095002,3,,,ÐJ{Q,757,476,266,76.5,27.7,57936
13121095003,3,,,ÐJ{R,510,437,63,87.9,30.6,44811
13121095004,3,,,ÐJ{S,464,323,120,75,28.6,34788
131210960,2,,,ɋ{,943,465,381,71.7,31.7,67615
13121096001,3,,,ɋ{P,510,260,165,67.4,31.6,34376
13121096002,3,,,ɋ{Q,433,205,216,76.8,31.9,33239
131210970,2,,,ɐl,-,-,-,-,-,-
