KEY_CODE,HYOSYO,HTKSYU,CITYNAME,NAME,T000055001,T000055002,T000055003,T000055004,T000055005,T000055006
,,,,,ZɏZވʐ,,c؉,Pѓ艄ʐ,Pl艄ʐ,ʐ
13118,1,,r,,85681,43564,32983,60,27.4,5142148
131180010,2,,r,Z,14928,7089,4008,63.2,27.8,944085
13118001001,3,,r,ZP,1741,1036,635,56.8,26.8,98967
13118001002,3,,r,ZQ,1037,436,365,54.2,26.3,56237
13118001003,3,,r,ZR,1351,397,400,60.8,28.4,82185
13118001004,3,,r,ZS,1232,2,1,61,25.2,75097
13118001005,3,,r,ZT,2169,1024,1082,58.6,28.6,127202
13118001006,3,,r,ZU,2507,1684,596,76.5,30.8,191832
13118001007,3,,r,ZV,2160,1160,699,57.8,26.6,124764
13118001008,3,,r,ZW,2731,1350,230,68.8,27.2,187800
131180020,2,,r,r,14158,7751,5355,58.6,26.8,830177
13118002001,3,,r,rP,2172,1322,726,57.3,26.2,124508
13118002002,3,,r,rQ,1389,715,520,57.6,26.6,79938
13118002003,3,,r,rR,2671,1510,1058,56.9,25.5,151852
13118002004,3,,r,rS,1982,1048,846,56.8,27.3,112562
13118002005,3,,r,rT,1365,668,671,62.4,29.5,85168
13118002006,3,,r,rU,2007,1099,831,59.2,27.6,118808
13118002007,3,,r,rV,1778,821,565,55.2,25.4,98187
13118002008,3,,r,rW,794,568,138,74.5,27.7,59154
131180030,2,,r,,12183,6307,4331,59.5,25.9,724350
13118003001,3,,r,P,1518,742,735,58.4,27,88690
13118003002,3,,r,Q,1160,577,543,58.6,28,67959
13118003003,3,,r,R,1925,848,994,54.2,26,104251
13118003004,3,,r,S,1858,1081,703,62.8,27.3,116767
13118003005,3,,r,T,1448,522,403,58.9,24.6,85351
13118003006,3,,r,U,1653,964,377,60.9,24.7,100731
13118003007,3,,r,V,1355,969,247,63.3,24.4,85758
13118003008,3,,r,W,1266,604,329,59.1,25.7,74844
131180040,2,,r,v,11378,6138,4897,61.6,27.6,701041
13118004001,3,,r,vP,1700,829,830,62.5,28.5,106227
13118004002,3,,r,vQ,2013,1040,925,60.9,27.8,122680
13118004003,3,,r,vR,1289,654,589,63,28.1,81166
13118004004,3,,r,vS,1902,966,908,59,27,112141
13118004005,3,,r,vT,1238,698,505,64,27.7,79243
13118004006,3,,r,vU,1939,1231,622,62.7,27.2,121588
13118004007,3,,r,vV,-,-,-,-,-,-
13118004008,3,,r,vW,1297,720,518,60.1,26.8,77995
131180050,2,,r,v,11318,6566,3839,62.6,27.6,708895
13118005001,3,,r,vP,1379,617,719,60.8,28.5,83795
13118005002,3,,r,vQ,1389,693,566,60.7,28.3,84289
13118005003,3,,r,vR,955,498,403,64.4,29,61508
13118005004,3,,r,vS,1907,1232,483,61.4,26.9,117049
13118005005,3,,r,vT,1090,638,420,65.7,29.8,71570
13118005006,3,,r,vU,936,603,331,68.6,29.7,64209
13118005007,3,,r,vV,1600,871,657,60,28,95922
13118005008,3,,r,vW,2062,1414,260,63.3,24.4,130554
131180060,2,,r,闢,12263,5688,5745,57.2,28.1,701378
13118006001,3,,r,闢P,1651,479,819,51.4,26.5,84878
13118006002,3,,r,闢Q,1537,701,756,60.5,27.9,92950
13118006003,3,,r,闢R,2394,1321,1010,60.3,27.9,144282
13118006004,3,,r,闢S,1520,710,756,58.9,28.9,89490
13118006005,3,,r,闢T,2309,1201,965,57.6,29.6,133108
13118006006,3,,r,闢U,2852,1276,1439,54.9,27.5,156670
131180070,2,,r,闢,9453,4025,4808,56.3,28.2,532223
13118007001,3,,r,闢P,2751,1287,1272,57,28.2,156838
13118007002,3,,r,闢Q,1910,691,1096,52.1,26.4,99587
13118007003,3,,r,闢R,1052,408,576,54.5,29.2,57379
13118007004,3,,r,闢S,919,384,416,62.7,30.4,57605
13118007005,3,,r,闢T,911,453,435,59,29.3,53783
13118007006,3,,r,闢U,1910,802,1013,56,28.1,107030
