KEY_CODE,HYOSYO,HTKSYU,CITYNAME,NAME,T000055001,T000055002,T000055003,T000055004,T000055005,T000055006
,,,,,ZɏZވʐ,,c؉,Pѓ艄ʐ,Pl艄ʐ,ʐ
13207,1,,s,,43715,22147,13784,69.7,28.3,3047250
132070010,2,,s,,1842,1088,535,69.7,29.3,128382
13207001001,3,,s,P,623,375,105,71.1,28.7,44266
13207001002,3,,s,Q,167,138,2,63.6,22.3,10617
13207001003,3,,s,R,344,188,130,65.3,28.4,22457
13207001004,3,,s,S,517,263,235,68,30.9,35151
13207001005,3,,s,T,191,124,63,83.2,37.2,15890
132070020,2,,s,n,1327,869,265,82,31.2,108878
13207002001,3,,s,nP,374,239,132,85.4,34.7,31934
13207002002,3,,s,nQ,500,405,83,99.1,36.4,49561
13207002003,3,,s,nR,453,225,50,60.4,22.7,27383
132070030,2,,s,,1555,1294,239,71.6,26.5,111349
13207003002,3,,s,Q,743,549,178,67.7,26.2,50286
13207003003,3,,s,R,812,745,61,75.2,26.8,61062
132070040,2,,s,ʐ쒬,3598,1500,1105,62.5,28.8,224839
13207004001,3,,s,ʐ쒬P,1096,239,58,48.8,26.5,53451
13207004002,3,,s,ʐ쒬Q,432,91,289,52.8,27.6,22793
13207004003,3,,s,ʐ쒬R,852,463,367,70.9,31.1,60368
13207004004,3,,s,ʐ쒬S,454,270,174,68,27.6,30892
13207004005,3,,s,ʐ쒬T,764,437,217,75,30.1,57335
132070051,2,,s,,1608,989,555,77.8,29.8,125066
13207005101,3,,s,P,450,207,215,75.1,28.9,33801
13207005102,3,,s,Q,645,455,171,83.7,31.4,53962
13207005103,3,,s,R,513,327,169,72.7,28.5,37303
132070052,2,,s,,813,124,216,39.6,21.8,32179
132070070,2,,s,,2447,1076,1064,69.2,29,169232
13207007001,3,,s,P,395,107,280,59.1,27.4,23349
13207007002,3,,s,Q,384,126,249,55.7,25.9,21390
13207007003,3,,s,R,431,270,153,79.7,32.2,34346
13207007004,3,,s,S,745,267,204,69.4,28.7,51679
13207007005,3,,s,T,492,306,178,78.2,30,38468
132070080,2,,s,u,2612,1732,28,68.4,25.8,178708
13207008001,3,,s,uP,-,-,-,-,-,-
13207008002,3,,s,uQ,1372,1334,21,75.9,26.6,104080
13207008003,3,,s,uR,1240,398,7,60.2,24.8,74628
132070090,2,,s,x,2726,1633,787,73.5,28.1,200394
13207009001,3,,s,xP,422,279,126,77.8,27.6,32834
13207009002,3,,s,xQ,703,430,178,82.5,29.3,58013
13207009003,3,,s,xR,155,101,44,78.2,29.1,12120
13207009004,3,,s,xS,291,55,64,65.4,28.3,19036
13207009005,3,,s,xT,1155,768,375,67.9,27.3,78392
132070100,2,,s,a,2198,1050,987,65.5,29.6,143904
13207010001,3,,s,aP,465,146,242,60.7,28,28222
13207010002,3,,s,aQ,462,231,218,55.6,27,25699
13207010003,3,,s,aR,499,371,94,84.4,32.2,42139
13207010004,3,,s,aS,215,110,78,79.6,32,17104
13207010005,3,,s,aT,557,192,355,55.2,28.9,30740
132070111,2,,s,_,1429,820,572,74.7,27.9,106755
13207011101,3,,s,_P,336,156,160,66.3,25.8,22260
13207011102,3,,s,_Q,219,113,100,71.7,26.9,15713
13207011103,3,,s,_R,436,233,194,69.7,27.5,30400
13207011104,3,,s,_S,438,318,118,87.6,30.2,38383
132070112,2,,s,_,-,-,-,-,-,-
132070130,2,,s,,2889,1163,1176,65.1,28.9,188053
13207013001,3,,s,P,960,223,319,61.3,29.1,58854
13207013002,3,,s,Q,438,166,210,59.5,25.7,26065
13207013003,3,,s,R,392,263,123,68.4,25.9,26798
13207013004,3,,s,S,360,164,156,72.2,32.8,25979
13207013005,3,,s,T,739,347,368,68.1,30.8,50358
132070141,2,,s,c,2458,924,672,68.1,26.6,167372
13207014101,3,,s,cP,921,489,407,71.4,27.9,65785
13207014102,3,,s,cQ,480,256,211,79.2,30.3,38028
13207014103,3,,s,cR,1012,140,50,59.6,23.7,60305
13207014104,3,,s,cS,45,39,4,72.3,25.6,3254
132070142,2,,s,c,-,-,-,-,-,-
132070160,2,,s,Β,4122,2191,1747,72.5,29.4,298966
13207016001,3,,s,ΒP,787,498,244,78.6,30.5,61884
13207016002,3,,s,ΒQ,764,441,312,73.6,28.2,56251
13207016003,3,,s,ΒR,862,499,336,76.1,31.1,65596
13207016004,3,,s,ΒS,1120,513,540,68.4,28.6,76648
13207016005,3,,s,ΒT,589,240,315,65.5,28.3,38586
132070171,2,,s,q,2651,1066,681,71.2,28.8,188640
13207017101,3,,s,qP,333,210,115,88.6,34.4,29512
13207017102,3,,s,qQ,640,335,296,70.9,29.8,45359
13207017103,3,,s,qR,1158,164,142,59.5,24.7,68850
13207017104,3,,s,qS,363,250,86,85.1,31.5,30900
13207017105,3,,s,qT,157,107,42,89.3,34.4,14020
13207017106,3,,s,qU,-,-,-,-,-,-
132070172,2,,s,q,9,9,-,88,46.6,792
132070190,2,,s,zn,175,1,21,54.7,18.7,9575
132070201,2,,s,_,1264,843,368,86.7,31,109630
13207020101,3,,s,_P,630,423,177,91.4,32.8,57590
13207020102,3,,s,_Q,592,378,191,81.6,29.3,48310
13207020103,3,,s,_R,42,42,-,88.8,28,3730
132070202,2,,s,_,3695,1319,1163,64.2,27.1,237235
13207020290,3,,s,_,2477,925,748,65.4,26.2,161958
13207020291,3,,s,_,1218,394,415,61.8,29.2,75277
132070211,2,,s,{,1666,922,627,77.3,28.8,128860
13207021101,3,,s,{򒬂P,505,195,232,69.8,25.9,35237
13207021102,3,,s,{򒬂Q,926,594,300,83.1,30.7,76986
13207021103,3,,s,{򒬂R,235,133,95,70.8,27.6,16638
132070212,2,,s,{,1246,990,243,78,28.2,97206
132070221,2,,s,쌴,1385,544,733,65.9,28.5,91237
13207022101,3,,s,쌴P,417,227,170,75.3,29.8,31400
13207022102,3,,s,쌴Q,553,163,316,60.8,28.3,33618
13207022103,3,,s,쌴R,415,154,247,63.2,27.5,26219
132070222,2,,s,쌴,-,-,-,-,-,-
