KEY_CODE,HYOSYO,HTKSYU,CITYNAME,NAME,T000055001,T000055002,T000055003,T000055004,T000055005,T000055006
,,,,,ZɏZވʐ,,c؉,Pѓ艄ʐ,Pl艄ʐ,ʐ
13123,1,,]ː,,274180,120365,113906,61.8,26.5,16953407
131230011,2,,]ː,,4915,2000,218,67.7,25.5,332967
13123001101,3,,]ː,P,2235,346,125,62.6,25.6,139818
13123001102,3,,]ː,Q,1427,661,61,67.3,25,96078
13123001103,3,,]ː,R,1253,993,32,77.5,25.9,97071
131230012,2,,]ː,,599,310,249,65.8,28.9,39419
13123001201,3,,]ː,P,-,-,-,-,-,-
13123001202,3,,]ː,Q,-,-,-,-,-,-
13123001203,3,,]ː,R,91,38,50,60.2,31.8,5476
13123001204,3,,]ː,S,508,272,199,66.8,28.4,33943
131230020,2,,]ː,,17728,7379,7176,58.1,27.1,1030383
13123002001,3,,]ː,P,1606,856,650,65.2,30.1,104696
13123002002,3,,]ː,Q,1923,1111,735,64.6,29.1,124304
13123002003,3,,]ː,R,3001,799,920,49.1,24.6,147328
13123002004,3,,]ː,S,2845,1212,1404,57.6,26.8,163870
13123002005,3,,]ː,T,2008,774,1147,54.8,29.1,110026
13123002006,3,,]ː,U,3272,1306,1680,56.8,28.2,185869
13123002007,3,,]ː,V,3073,1321,640,63.2,24.7,194291
131230030,2,,]ː,,5507,3223,1494,65.2,27.1,358841
13123003001,3,,]ː,P,1476,853,349,61.7,24.6,91035
13123003002,3,,]ː,Q,1790,1215,399,69.7,28.8,124850
13123003003,3,,]ː,R,1030,618,263,66.7,27.5,68680
13123003004,3,,]ː,S,1211,537,483,61.3,27.3,74276
131230040,2,,]ː,,8121,4132,3491,62,27.8,503214
13123004001,3,,]ː,P,1407,849,406,68.7,28,96679
13123004002,3,,]ː,Q,1551,897,594,66.1,27,102572
13123004003,3,,]ː,R,2830,1343,1301,59.8,28,169310
13123004004,3,,]ː,S,2333,1043,1190,57.7,27.9,134652
131230050,2,,]ː,],7330,4033,2598,68.8,27.6,504413
13123005001,3,,]ː,]P,863,513,328,69.6,28.7,60059
13123005002,3,,]ː,]Q,1763,1202,451,73.8,28.3,130190
13123005003,3,,]ː,]R,828,464,326,70,28.1,57935
13123005004,3,,]ː,]S,845,426,288,73.4,28.4,62026
13123005005,3,,]ː,]T,1269,398,679,55.9,25.2,70987
13123005006,3,,]ː,]U,333,143,171,62.6,26.1,20860
13123005007,3,,]ː,]V,1429,887,355,71.6,27.4,102357
131230060,2,,]ː,,4254,2265,1716,66.7,28,283778
13123006001,3,,]ː,P,666,436,206,68.5,28.9,45591
13123006002,3,,]ː,Q,1180,696,396,71,28.5,83752
13123006003,3,,]ː,R,989,483,403,66,26.9,65249
13123006004,3,,]ː,S,1419,650,711,62.9,28,89187
131230070,2,,]ː,쒬,1340,883,396,72.1,27.7,96648
131230080,2,,]ː,吙,3707,2231,1385,72.1,26.4,267207
13123008001,3,,]ː,吙P,799,455,326,68.3,25.8,54596
13123008002,3,,]ː,吙Q,594,337,241,74.8,27,44434
13123008003,3,,]ː,吙R,530,338,169,72.3,25.5,38338
13123008004,3,,]ː,吙S,643,413,222,71.9,25.8,46254
13123008005,3,,]ː,吙T,1141,688,427,73.3,27.3,83585
131230090,2,,]ː,V],3380,2077,1125,72.2,26.7,244060
13123009001,3,,]ː,V]P,646,372,250,67.5,25.4,43598
13123009002,3,,]ː,V]Q,617,360,237,77.3,27.5,47713
13123009003,3,,]ː,V]R,1486,932,444,70.6,26.4,104978
13123009004,3,,]ː,V]S,631,413,194,75.7,28.1,47771
131230100,2,,]ː,V],323,216,77,64.7,22.7,20884
131230110,2,,]ː,V],6331,3189,2877,65.2,27.2,412938
13123011001,3,,]ː,V]P,446,319,121,69.3,25.1,30898
13123011002,3,,]ː,V]Q,645,383,230,70.6,25.7,45529
13123011003,3,,]ː,V]R,1237,434,737,53.6,26,66360
13123011004,3,,]ː,V]S,944,464,409,63.2,27.6,59645
13123011005,3,,]ː,V]T,725,479,223,76.4,27.5,55398
13123011006,3,,]ː,V]U,959,593,331,71.2,26.8,68310
13123011007,3,,]ː,V]V,1375,517,826,63.1,30.1,86799
131230120,2,,]ː,V],273,190,78,74.9,28.3,20461
131230130,2,,]ː,t],7106,3484,2459,63.4,24.9,450766
13123013001,3,,]ː,t]P,428,7,17,43.3,18.6,18545
13123013002,3,,]ː,t]Q,1607,718,614,63.1,25.3,101465
13123013003,3,,]ː,t]R,1942,1432,420,71.6,26.2,139036
13123013004,3,,]ː,t]S,1428,453,806,60.2,25.6,85925
13123013005,3,,]ː,t]T,1701,874,602,62.2,23.7,105795
131230140,2,,]ː,],3219,1329,1617,61.6,27.6,198172
13123014001,3,,]ː,]P,1339,611,676,62.9,28.9,84161
13123014002,3,,]ː,]Q,1334,380,745,56,25.7,74646
13123014003,3,,]ː,]R,546,338,196,72.1,29,39366
131230150,2,,]ː,],2700,1127,1310,65,28.2,175557
13123015001,3,,]ː,]P,1073,420,590,62.2,29.1,66717
13123015002,3,,]ː,]Q,1627,707,720,66.9,27.7,108840
131230160,2,,]ː,],7322,3501,2809,60.6,25.5,443839
13123016002,3,,]ː,]Q,922,526,354,62.8,25.7,57896
13123016003,3,,]ː,]R,3502,1876,1516,62.1,26.5,217326
13123016004,3,,]ː,]S,1663,482,369,55.4,24.3,92148
13123016005,3,,]ː,]T,1235,617,570,61.9,24.3,76469
131230170,2,,]ː,]ː,9483,5114,3139,66.6,26.2,631773
13123017001,3,,]ː,]ːP,2021,1352,603,69.5,25.7,140381
13123017002,3,,]ː,]ːQ,2290,1255,477,66.5,26,152179
13123017003,3,,]ː,]ːR,1514,681,630,63.7,27.5,96432
13123017004,3,,]ː,]ːS,658,284,246,59.3,26.1,39051
13123017005,3,,]ː,]ːT,1515,827,483,67.6,26,102361
13123017006,3,,]ː,]ːU,1485,715,700,68.3,26.4,101368
131230200,2,,]ː,,7791,4281,3210,70.8,30.7,551850
13123020001,3,,]ː,P,1542,819,680,65.8,26.3,101420
13123020002,3,,]ː,Q,643,428,197,80.1,31.5,51484
13123020003,3,,]ː,R,1127,627,447,73.1,31.4,82410
13123020004,3,,]ː,S,1351,802,497,77.2,32.4,104249
13123020005,3,,]ː,T,1690,823,789,68,31.8,114877
13123020006,3,,]ː,U,1438,782,600,67.7,32.2,97411
131230210,2,,]ː,,8887,3937,4536,60.5,29.2,537579
13123021001,3,,]ː,P,2375,962,1304,59.6,30.9,141650
13123021002,3,,]ː,Q,1045,430,584,55.4,27.8,57857
13123021003,3,,]ː,R,2353,1086,1134,62.4,29.4,146780
13123021004,3,,]ː,S,1390,767,548,65.2,28.5,90641
13123021005,3,,]ː,T,1724,692,966,58.4,28,100652
131230220,2,,]ː,쏬,12894,6118,5817,63.5,29.1,819397
13123022001,3,,]ː,쏬P,854,495,328,69.5,26.9,59383
13123022002,3,,]ː,쏬Q,1557,764,413,63.8,26.6,99279
13123022003,3,,]ː,쏬R,1414,719,611,66.7,30.8,94380
13123022004,3,,]ː,쏬S,1378,750,575,65.5,27.5,90287
13123022005,3,,]ː,쏬T,1722,809,738,65.3,28.6,112436
13123022006,3,,]ː,쏬U,1990,931,1013,64.6,31.8,128628
13123022007,3,,]ː,쏬V,2531,1017,1395,59.4,30,150217
13123022008,3,,]ː,쏬W,1448,633,744,58.6,29.5,84787
131230230,2,,]ː,k,12101,6112,5450,67.5,29.6,816890
13123023001,3,,]ː,kP,1046,453,502,58,28.4,60660
13123023002,3,,]ː,kQ,2456,1216,1131,61.8,28.1,151869
13123023003,3,,]ː,kR,1024,551,433,73.6,31.6,75390
13123023004,3,,]ː,kS,1792,898,835,69,29.9,123574
13123023005,3,,]ː,kT,1471,650,762,62.9,29.3,92589
13123023006,3,,]ː,kU,1982,963,931,67.8,30.8,134333
13123023007,3,,]ː,kV,1143,691,384,77.9,29.7,89043
13123023008,3,,]ː,kW,1187,690,472,75.3,29.7,89433
131230240,2,,]ː,,46,8,38,53.2,19.9,2447
131230250,2,,]ː,,5161,2756,2281,70.3,26.8,362997
13123025001,3,,]ː,P,1233,607,607,69.5,26.2,85753
13123025002,3,,]ː,Q,1152,517,604,62.7,25.3,72276
13123025003,3,,]ː,R,565,278,277,70.4,26.2,39793
13123025004,3,,]ː,S,934,561,347,72,27,67215
13123025005,3,,]ː,T,1052,610,413,74.3,28.1,78159
13123025006,3,,]ː,U,225,183,33,88,30.8,19801
131230270,2,,]ː,{,1655,1070,515,74.7,28.6,123695
13123027001,3,,]ː,{P,956,577,341,70.6,28.1,67537
13123027002,3,,]ː,{Q,699,493,174,80.3,29.1,56158
131230280,2,,]ː,{,1131,760,353,73.7,27.5,83344
131230290,2,,]ː,F,1856,961,839,64.1,27.9,118909
13123029001,3,,]ː,FP,508,268,231,64.9,26.9,32956
13123029002,3,,]ː,FQ,749,413,316,63.4,28.2,47515
13123029003,3,,]ː,FR,599,280,292,64.2,28.6,38439
131230300,2,,]ː,{F,4347,2316,1721,61.4,25.7,267080
13123030001,3,,]ː,{FP,1969,1042,759,61,26.2,120066
13123030002,3,,]ː,{FQ,940,533,379,63.5,24.7,59643
13123030003,3,,]ː,{FR,1438,741,583,60.8,25.8,87371
131230310,2,,]ː,蒬,8875,4181,4269,63.4,26,562331
13123031001,3,,]ː,蒬P,1117,443,626,66.5,27.2,74280
13123031002,3,,]ː,蒬Q,1280,455,748,60.2,26.7,77106
13123031003,3,,]ː,蒬R,1066,677,359,72.2,25.2,77011
13123031004,3,,]ː,蒬S,1737,861,828,65,26,112857
13123031005,3,,]ː,蒬T,649,306,304,64.3,26.3,41758
13123031006,3,,]ː,蒬U,979,524,403,63.5,25.5,62156
13123031007,3,,]ː,蒬V,1661,738,805,57.7,25.5,95851
13123031008,3,,]ː,蒬W,386,177,196,55.2,24.9,21311
131230320,2,,]ː,,1558,117,12,58.5,24.3,91220
13123032001,3,,]ː,P,1355,106,12,57,25,77272
13123032002,3,,]ː,Q,203,11,-,68.7,21.4,13947
131230330,2,,]ː,蒬,-,-,-,-,-,-
131230342,2,,]ː,蒬,6726,3109,2385,66.9,25.8,450082
13123034201,3,,]ː,蒬P,1379,846,456,73.8,26.3,101769
13123034202,3,,]ː,蒬Q,1405,577,715,71.1,28.8,99847
13123034203,3,,]ː,蒬R,986,302,565,57.2,27.5,56367
13123034204,3,,]ː,蒬S,1347,683,588,65.7,24.9,88517
13123034205,3,,]ː,蒬T,1609,701,61,64.4,23,103582
131230360,2,,]ː,k,1420,871,490,71.4,24.9,101365
13123036001,3,,]ː,kP,309,183,112,71.8,25.4,22199
13123036002,3,,]ː,kQ,1111,688,378,71.3,24.8,79166
131230380,2,,]ː,,3940,1958,1697,64.9,26.4,255842
13123038001,3,,]ː,P,672,349,276,64.7,26.9,43462
13123038002,3,,]ː,Q,1151,581,507,66.5,26.8,76525
13123038003,3,,]ː,R,861,450,370,65.4,26.5,56331
13123038004,3,,]ː,S,1256,578,544,63.3,25.8,79525
131230390,2,,]ː,蒬,1216,539,208,62.5,25,76022
131230400,2,,]ː,Dx,10112,4275,3261,60.6,25.6,612322
13123040001,3,,]ː,DxP,2114,684,168,54.5,23.8,115226
13123040002,3,,]ː,DxQ,1665,809,799,63.7,27.9,106020
13123040003,3,,]ː,DxR,1761,612,749,60.1,26.4,105784
13123040004,3,,]ː,DxS,1333,588,405,58.5,24.3,78033
13123040005,3,,]ː,DxT,1099,581,470,63.6,24.7,69905
13123040006,3,,]ː,DxU,967,318,273,61.5,25.5,59460
13123040007,3,,]ː,DxV,1173,683,397,66.4,26.5,77895
131230410,2,,]ː,Fc,1543,804,634,66.5,25.1,102574
131230420,2,,]ː,Vx,1288,658,602,71,27.1,91419
13123042001,3,,]ː,VxP,584,333,233,82.3,29.1,48057
13123042002,3,,]ː,VxQ,704,325,369,61.6,25.2,43362
131230430,2,,]ː,,18870,5256,11733,53.4,26.2,1007693
13123043001,3,,]ː,P,2238,1146,936,62.7,26.8,140418
13123043002,3,,]ː,Q,1967,444,1388,48,27.7,94383
13123043003,3,,]ː,R,467,257,207,66.1,29.1,30886
13123043004,3,,]ː,S,2419,606,1338,57.2,25.7,138459
13123043005,3,,]ː,T,3683,1153,2225,50.7,27.8,186843
13123043006,3,,]ː,U,3661,474,2890,44,25.2,161090
13123043007,3,,]ː,V,1332,288,952,54.7,25.5,72875
13123043008,3,,]ː,W,2121,608,1394,57.9,26.1,122770
13123043009,3,,]ː,X,982,280,403,61.1,22,59968
131230440,2,,]ː,,18459,5869,8269,53.2,24.7,981687
13123044001,3,,]ː,P,1252,433,719,54.8,27,68563
13123044002,3,,]ː,Q,2395,1231,751,62,24.9,148581
13123044003,3,,]ː,R,3850,1631,1625,56.4,25.2,217066
13123044004,3,,]ː,S,1567,886,400,60,24.1,94072
13123044005,3,,]ː,T,2294,320,677,50,24.4,114629
13123044006,3,,]ː,U,2885,636,2066,46.4,25.4,133888
13123044007,3,,]ː,V,2288,448,1560,48.3,26.5,110570
13123044008,3,,]ː,W,1928,284,471,48.9,20.6,94320
131230450,2,,]ː,슋,13007,4288,5919,57.8,23.1,752225
13123045001,3,,]ː,슋P,1141,410,473,57,24,65018
13123045002,3,,]ː,슋Q,2325,412,1792,51.2,24.4,119067
13123045003,3,,]ː,슋R,2618,662,898,55.2,21.8,144393
13123045004,3,,]ː,슋S,1363,210,1055,51,23,69572
13123045005,3,,]ː,슋T,1986,468,468,61.5,21.4,122190
13123045006,3,,]ː,슋U,2114,875,1073,60.5,23.1,127849
13123045007,3,,]ː,슋V,1460,1251,160,71.3,25.3,104137
131230460,2,,]ː,k,7578,3411,2392,62,24.8,469985
13123046001,3,,]ː,kP,1427,737,552,64.1,27,91515
13123046002,3,,]ː,kQ,2355,865,700,57.6,24.4,135709
13123046003,3,,]ː,kR,384,167,169,64.5,24.8,24749
13123046004,3,,]ː,kS,2209,1294,634,65.1,24.1,143722
13123046005,3,,]ː,kT,1203,348,337,61.8,24.3,74290
131230470,2,,]ː,,18258,5120,11535,48.8,25.6,891802
13123047001,3,,]ː,P,2857,1249,1361,53.9,25.1,153965
13123047002,3,,]ː,Q,1649,475,1098,50.2,26.3,82768
13123047003,3,,]ː,R,3131,343,2514,40.3,25.1,126283
13123047004,3,,]ː,S,1690,525,888,48.3,24.3,81580
13123047005,3,,]ː,T,3185,1197,1769,52.9,27,168494
13123047006,3,,]ː,U,1433,298,968,50.2,26.8,71952
13123047007,3,,]ː,V,2390,591,1650,50.2,24.7,119995
13123047008,3,,]ː,W,1923,442,1287,45.1,25.5,86766
131230480,2,,]ː,x],-,-,-,-,-,-
131230490,2,,]ː,V,5620,2308,211,72.7,26.2,408686
13123049001,3,,]ː,VP,4157,2156,64,77.8,27.9,323593
13123049002,3,,]ː,VQ,1463,152,147,58.2,21.4,85093
131230500,2,,]ː,ՊC,2644,414,27,59.8,20.1,158171
13123050001,3,,]ː,ՊCP,865,-,-,50.8,20.3,43921
13123050002,3,,]ː,ՊCQ,885,-,8,62.3,19.5,55150
13123050003,3,,]ː,ՊCR,-,-,-,-,-,-
13123050004,3,,]ː,ՊCS,47,1,8,35.3,24.1,1661
13123050005,3,@,]ː,ՊCT,847,413,11,67.8,20.5,57439
13123050006,3,*,]ː,ՊCU,,,,,,
131230510,2,,]ː,J͓,875,468,385,65.5,26.5,57317
13123051001,3,,]ː,J͓P,347,212,130,77.3,26.7,26806
13123051002,3,,]ː,J͓Q,528,256,255,57.8,26.3,30511
131230520,2,,]ː,{,1183,730,423,70.2,27.6,83023
13123052001,3,,]ː,{P,720,407,289,67.3,26.9,48425
13123052002,3,,]ː,{Q,463,323,134,74.7,28.7,34598
131230530,2,,]ː,,1501,987,480,66.7,26.8,100134
13123053001,3,,]ː,P,619,344,261,64.3,26.8,39816
13123053002,3,,]ː,Q,882,643,219,68.4,26.8,60318
