KEY_CODE,HYOSYO,HTKSYU,CITYNAME,NAME,T000055001,T000055002,T000055003,T000055004,T000055005,T000055006
,,,,,ZɏZވʐ,,c؉,Pѓ艄ʐ,Pl艄ʐ,ʐ
13307,1,,w,,973,922,13,125.2,44.7,121836
133070010,2,,w,,973,922,13,125.2,44.7,121836
13307001001,3,,w,,70,68,1,118,38.6,8261
13307001002,3,,w,㌳,63,57,4,126.6,45.1,7977
13307001003,3,,w,{h,92,87,1,127.3,42.4,11710
13307001004,3,,w,싽,155,149,1,123.4,44.4,19122
13307001005,3,,w,l,100,97,1,134.2,46.4,13422
13307001006,3,,w,n,53,51,-,123.1,44.4,6522
13307001007,3,@,w,Os,129,128,1,130.7,45.2,16857
13307001008,3,*,w,,,,,,,
13307001009,3,,w,_,57,54,-,135.9,41.6,7745
13307001010,3,,w,,117,102,2,110.2,41.3,12897
13307001011,3,,w,,81,74,1,129.2,49.6,10466
13307001012,3,,w,,33,33,-,124.1,63,4096
13307001013,3,,w,q|,23,22,1,120.1,61.4,2761
