KEY_CODE,HYOSYO,HTKSYU,CITYNAME,NAME,T000055001,T000055002,T000055003,T000055004,T000055005,T000055006
,,,,,ZɏZވʐ,,c؉,Pѓ艄ʐ,Pl艄ʐ,ʐ
13110,1,,ڍ,,122498,58741,52205,65.7,33.2,8048043
131100010,2,,ڍ,,3166,1697,1166,71.1,35.5,225202
13110001001,3,,ڍ,P,1929,1042,791,63.8,34.3,123007
13110001002,3,,ڍ,Q,387,175,100,80.7,36.7,31219
13110001003,3,,ڍ,R,316,193,95,86.2,40.8,27233
13110001004,3,,ڍ,S,534,287,180,81.9,35.3,43743
131100020,2,,ڍ,t,4113,2124,1698,62.7,34.6,257811
13110002001,3,,ڍ,tP,1300,618,549,63.4,34.2,82419
13110002002,3,,ڍ,tQ,435,236,142,84.7,41,36850
13110002003,3,,ڍ,tR,1456,636,741,58,34.2,84402
13110002004,3,,ڍ,tS,922,634,266,58.7,32.5,54140
131100030,2,,ڍ,R,5228,1792,2204,57,26.7,297981
13110003001,3,,ڍ,RP,1873,810,944,56.3,30.4,105401
13110003002,3,,ڍ,RQ,1881,528,506,64.4,24.5,121164
13110003003,3,,ڍ,RR,1474,454,754,48.5,25.8,71416
131100040,2,,ڍ,勴,2976,973,1362,46.2,25.9,137431
13110004001,3,,ڍ,勴P,1156,426,695,36.8,24.3,42498
13110004002,3,,ڍ,勴Q,1820,547,667,52.2,26.7,94933
131100050,2,,ڍ,ڍ,9485,4012,4675,59.8,32.3,566777
13110005001,3,,ڍ,ڍP,697,272,385,53.3,31.2,37126
13110005002,3,,ڍ,ڍQ,2325,856,1243,53.3,29.7,123893
13110005003,3,,ڍ,ڍR,2631,1187,1248,64.7,34.6,170237
13110005004,3,,ڍ,ڍS,1948,921,899,63.4,34.2,123509
13110005005,3,,ڍ,ڍT,1884,776,900,59.5,30.6,112012
131100060,2,,ڍ,ڍ,7350,2928,3221,58.4,31.6,429587
13110006001,3,,ڍ,ڍP,1721,760,885,50.2,29.6,86341
13110006002,3,,ڍ,ڍQ,1185,260,310,46.3,25.2,54839
13110006003,3,,ڍ,ڍR,1472,547,828,62.4,36.2,91791
13110006004,3,,ڍ,ڍS,1560,630,602,62.2,31,96966
13110006005,3,,ڍ,ڍT,1412,731,596,70.6,35,99649
131100070,2,,ڍ,Oc,3146,1556,934,64,34.6,201372
13110007001,3,,ڍ,OcP,1300,499,264,61.9,34.7,80437
13110007002,3,,ڍ,OcQ,1846,1057,670,65.5,34.6,120935
131100080,2,,ڍ,ڍ,5906,3234,2155,66.7,34.1,394096
13110008001,3,,ڍ,ڍP,1701,742,677,59.8,31.9,101657
13110008002,3,,ڍ,ڍQ,1248,800,408,57.2,30.2,71385
13110008003,3,,ڍ,ڍR,1358,733,518,74.4,37,101075
13110008004,3,,ڍ,ڍS,1599,959,552,75,36.6,119980
131100090,2,,ڍ,ڍ,8243,4078,3482,64.2,32.7,529533
13110009001,3,,ڍ,ڍP,686,284,366,54.7,32.2,37515
13110009002,3,,ڍ,ڍQ,2309,996,1076,49.2,29,113536
13110009003,3,,ڍ,ڍR,1623,707,801,59.2,30.6,96088
13110009004,3,,ڍ,ڍS,1246,781,412,73.7,34.8,91854
13110009005,3,,ڍ,ڍT,1396,769,437,85.6,37.7,119566
13110009006,3,,ڍ,ڍU,983,541,390,72.2,32.7,70974
131100100,2,,ڍ,,4091,2082,1748,66,33.3,270192
13110010001,3,,ڍ,P,2016,1078,792,67.6,32.7,136193
13110010002,3,,ڍ,Q,2075,1004,956,64.6,33.9,133998
131100110,2,,ڍ,ܖ{,4567,2210,2119,67.3,35.9,307219
13110011001,3,,ڍ,ܖ{؂P,1673,794,768,70.6,36.7,118073
13110011002,3,,ڍ,ܖ{؂Q,1989,970,940,63.5,35.2,126262
13110011003,3,,ڍ,ܖ{؂R,905,446,411,69.5,35.5,62883
131100120,2,,ڍ,SV,2294,904,1295,56,31.6,128363
13110012001,3,,ڍ,SVP,1215,558,595,60.7,31.9,73769
13110012002,3,,ڍ,SVQ,1079,346,700,50.6,31.2,54595
131100130,2,,ڍ,,3737,1701,1878,57,31.2,213042
13110013001,3,,ڍ,P,1576,732,772,53.6,28.6,84481
13110013002,3,,ڍ,Q,2161,969,1106,59.5,33.2,128562
131100140,2,,ڍ,ڍ{,10500,5444,4354,61.1,30.2,641066
13110014001,3,,ڍ,ڍ{P,1147,705,387,63.8,30.6,73162
13110014002,3,,ڍ,ڍ{Q,1666,845,655,59.6,29.1,99235
13110014003,3,,ڍ,ڍ{R,1484,710,706,57.4,29.9,85230
13110014004,3,,ڍ,ڍ{S,1780,924,681,64.7,30.3,115137
13110014005,3,,ڍ,ڍ{T,2615,1291,1184,58.8,30.1,153652
13110014006,3,,ڍ,ڍ{U,1808,969,741,63.4,31.4,114649
131100150,2,,ڍ,,2483,1111,1210,61.9,30.4,153615
13110015001,3,,ڍ,P,1493,610,808,57.7,30.2,86161
13110015002,3,,ڍ,Q,990,501,402,68.1,30.8,67455
131100160,2,,ڍ,,2489,1223,1140,70.1,34.6,174375
13110016001,3,,ڍ,P,1224,554,606,61.9,30.9,75738
13110016002,3,,ڍ,Q,1265,669,534,78,38.1,98637
131100170,2,,ڍ,,2819,1525,999,73.2,32.9,206257
13110017001,3,,ڍ,P,1166,590,412,71.8,32,83702
13110017002,3,,ڍ,Q,841,437,312,75.1,32.7,63146
13110017003,3,,ڍ,R,812,498,275,73.2,34.4,59409
131100180,2,,ڍ,蕶J,6891,3785,2484,71.8,33.5,494916
13110018001,3,,ڍ,蕶JP,1505,926,482,74.8,32.8,112613
13110018002,3,,ڍ,蕶JQ,1244,655,360,68,29.6,84538
13110018003,3,,ڍ,蕶JR,732,465,200,88,35.9,64415
13110018004,3,,ڍ,蕶JS,1001,576,328,71.3,33.8,71386
13110018005,3,,ڍ,蕶JT,1596,746,760,64.5,35.1,102999
13110018006,3,,ڍ,蕶JU,813,417,354,72.5,35.8,58965
131100190,2,,ڍ,,4285,1760,2266,60.6,33.3,259874
13110019001,3,,ڍ,ԂP,1128,459,583,63.8,32.9,71999
13110019002,3,,ڍ,ԂQ,1671,659,918,57.1,32.3,95429
13110019003,3,,ڍ,ԂR,1486,642,765,62.2,34.8,92446
131100200,2,,ڍ,,2616,1342,1133,79,38.6,206616
13110020001,3,,ڍ,P,1342,654,623,79.3,38.9,106452
13110020002,3,,ڍ,Q,1274,688,510,78.6,38.2,100164
131100210,2,,ڍ,剪R,3210,1603,1370,67.8,32.8,217787
13110021001,3,,ڍ,剪RP,2528,1242,1102,69,32.6,174405
13110021002,3,,ڍ,剪RQ,682,361,268,63.6,33.5,43382
131100220,2,,ڍ,΂u,3240,1630,1406,74.6,36,241659
13110022001,3,,ڍ,΂uP,1314,704,535,78.3,37.1,102854
13110022002,3,,ڍ,΂uQ,1408,723,568,77.6,36.8,109326
13110022003,3,,ڍ,΂uR,518,203,303,56.9,30.4,29478
131100230,2,,ڍ,Ru,3381,1865,1350,76.6,38.4,258987
13110023001,3,,ڍ,RuP,1163,598,503,71.2,36.2,82751
13110023002,3,,ڍ,RuQ,1256,689,497,75.5,37.8,94882
13110023003,3,,ڍ,RuR,962,578,350,84.6,41.7,81355
131100240,2,,ڍ,,3252,1485,1605,62.7,33.6,203865
13110024001,3,,ڍ,P,1501,691,751,66.3,35.3,99445
13110024002,3,,ڍ,Q,1751,794,854,59.6,32.2,104420
131100250,2,,ڍ,`̖؍,3902,2040,1613,82.7,38.8,322750
13110025001,3,,ڍ,`̖؍P,1832,866,852,78.4,38.5,143588
13110025002,3,,ڍ,`̖؍Q,1439,867,502,90.8,40.4,130648
13110025003,3,,ڍ,`̖؍R,631,307,259,76.9,35.6,48514
131100260,2,,ڍ,_,6175,3224,2231,77.5,35.4,478647
13110026001,3,,ڍ,_P,1413,480,583,56.8,28.8,80315
13110026002,3,,ڍ,_Q,1439,852,515,75.9,35.1,109231
13110026003,3,,ڍ,_R,1559,829,614,79.8,35.7,124393
13110026004,3,,ڍ,_S,744,513,194,107.5,45.8,79978
13110026005,3,,ڍ,_T,1020,550,325,83.1,35.4,84731
131100270,2,,ڍ,u,2953,1413,1107,77.6,35.3,229022
13110027001,3,,ڍ,uP,1816,839,747,76.7,34.2,139346
13110027002,3,,ڍ,uQ,1137,574,360,78.9,37.2,89675
