KEY_CODE,HYOSYO,HTKSYU,CITYNAME,NAME,T000055001,T000055002,T000055003,T000055004,T000055005,T000055006
,,,,,住宅に住む一般世帯,持ち家,民営借家,１世帯当たり延面積,１人当たり延面積,総延面積
13120,1,,練馬区,,274151,140498,98797,70,30.4,19198859
131200010,2,,練馬区,旭丘,3198,1557,1373,59,30.9,188684
13120001001,3,,練馬区,旭丘１丁目,2164,975,965,55.8,30.7,120758
13120001002,3,,練馬区,旭丘２丁目,1034,582,408,65.7,31.4,67926
131200020,2,,練馬区,小竹町,3702,1694,1590,66.2,34.4,245081
13120002001,3,,練馬区,小竹町１丁目,2191,991,909,63,33.3,138030
13120002002,3,,練馬区,小竹町２丁目,1511,703,681,70.8,36,107051
131200030,2,,練馬区,栄町,1702,662,952,54.2,30,92247
131200040,2,,練馬区,羽沢,2844,1332,1325,66.4,32.3,188900
13120004001,3,,練馬区,羽沢１丁目,675,312,341,63,35.9,42551
13120004002,3,,練馬区,羽沢２丁目,1289,675,520,72.9,32.5,94013
13120004003,3,,練馬区,羽沢３丁目,880,345,464,59.5,29.6,52336
131200050,2,,練馬区,豊玉上,3420,1177,2097,49.2,29.9,168104
13120005001,3,,練馬区,豊玉上１丁目,1247,352,824,50.7,32,63208
13120005002,3,,練馬区,豊玉上２丁目,2173,825,1273,48.3,28.8,104897
131200060,2,,練馬区,豊玉中,4243,1872,1831,62.1,30.6,263553
13120006001,3,,練馬区,豊玉中１丁目,1076,491,424,64.7,31.4,69650
13120006002,3,,練馬区,豊玉中２丁目,1416,640,717,55.9,29.5,79203
13120006003,3,,練馬区,豊玉中３丁目,1238,445,569,61.7,30.6,76326
13120006004,3,,練馬区,豊玉中４丁目,513,296,121,74.8,31.6,38375
131200070,2,,練馬区,豊玉南,2797,1646,870,68.8,29.7,192425
13120007001,3,,練馬区,豊玉南１丁目,825,492,311,69.4,31.2,57263
13120007002,3,,練馬区,豊玉南２丁目,700,411,237,64.1,28.7,44855
13120007003,3,,練馬区,豊玉南３丁目,1272,743,322,71,29.2,90307
131200080,2,,練馬区,豊玉北,7324,3389,3224,56.4,29.6,412999
13120008001,3,,練馬区,豊玉北１丁目,1148,549,510,56.9,29.9,65319
13120008002,3,,練馬区,豊玉北２丁目,1059,428,418,51.3,27.5,54346
13120008003,3,,練馬区,豊玉北３丁目,1222,483,610,49.3,26.8,60268
13120008004,3,,練馬区,豊玉北４丁目,1670,731,869,55.3,30.7,92279
13120008005,3,,練馬区,豊玉北５丁目,1185,609,515,62.1,32.5,73593
13120008006,3,,練馬区,豊玉北６丁目,1040,589,302,64.6,29.8,67193
131200090,2,,練馬区,中村,3745,1878,1620,70.1,31.4,262505
13120009001,3,,練馬区,中村１丁目,930,599,213,74.4,32.2,69233
13120009002,3,,練馬区,中村２丁目,1168,635,509,73,31.7,85263
13120009003,3,,練馬区,中村３丁目,1647,644,898,65.6,30.6,108009
131200100,2,,練馬区,中村南,3545,1692,1465,69,30.3,244547
13120010001,3,,練馬区,中村南１丁目,1180,636,407,71.1,29.1,83957
13120010002,3,,練馬区,中村南２丁目,1305,582,568,64.6,30.2,84333
13120010003,3,,練馬区,中村南３丁目,1060,474,490,71.9,32,76258
131200110,2,,練馬区,中村北,4729,1819,2447,53.7,27.8,254151
13120011001,3,,練馬区,中村北１丁目,1520,686,728,50.5,27.3,76725
13120011002,3,,練馬区,中村北２丁目,1196,381,599,54.9,26.6,65691
13120011003,3,,練馬区,中村北３丁目,1046,329,684,49.6,27.6,51870
13120011004,3,,練馬区,中村北４丁目,967,423,436,61.9,30.1,59865
131200120,2,,練馬区,桜台,10641,5433,4643,68.1,32.6,724831
13120012001,3,,練馬区,桜台１丁目,2384,1155,1152,59.1,32.4,140832
13120012002,3,,練馬区,桜台２丁目,1796,934,747,72.4,33.3,129943
13120012003,3,,練馬区,桜台３丁目,2147,991,1030,66.5,31.4,142829
13120012004,3,,練馬区,桜台４丁目,1318,686,589,64.9,32,85492
13120012005,3,,練馬区,桜台５丁目,1556,766,702,70.6,32.6,109803
13120012006,3,,練馬区,桜台６丁目,1440,901,423,80.5,34.3,115933
131200130,2,,練馬区,練馬,6394,2856,2855,58.9,30.3,376785
13120013001,3,,練馬区,練馬１丁目,1667,825,769,59.7,30.6,99574
13120013002,3,,練馬区,練馬２丁目,1518,618,593,62.5,31.6,94807
13120013003,3,,練馬区,練馬３丁目,1697,607,928,50.8,28.3,86148
13120013004,3,,練馬区,練馬４丁目,1512,806,565,63.7,30.7,96256
131200140,2,,練馬区,向山,4750,2011,2446,65.4,31,310795
13120014001,3,,練馬区,向山１丁目,846,193,620,47.2,27.4,39922
13120014002,3,,練馬区,向山２丁目,1059,382,535,65.3,29.9,69101
13120014003,3,,練馬区,向山３丁目,1102,626,452,82.7,37.9,91081
13120014004,3,,練馬区,向山４丁目,1743,810,839,63.5,28.7,110690
131200150,2,,練馬区,貫井,7537,4232,2712,63.4,29.3,477798
13120015001,3,,練馬区,貫井１丁目,1593,922,499,58.1,27.2,92563
13120015002,3,,練馬区,貫井２丁目,1378,627,584,58.5,28.8,80666
13120015003,3,,練馬区,貫井３丁目,1983,1139,752,65.2,30.3,129323
13120015004,3,,練馬区,貫井４丁目,1696,1036,555,68.9,29.6,116790
13120015005,3,,練馬区,貫井５丁目,887,508,322,65.9,31,58456
131200160,2,,練馬区,錦,2382,1052,830,67,29.7,159510
13120016001,3,,練馬区,錦１丁目,1349,730,467,70.7,30.5,95427
13120016002,3,,練馬区,錦２丁目,1033,322,363,62,28.6,64083
131200170,2,,練馬区,氷川台,4724,2180,2058,64.9,28.4,306397
13120017001,3,,練馬区,氷川台１丁目,96,70,24,82.5,31.4,7915
13120017002,3,,練馬区,氷川台２丁目,835,407,317,70,30.1,58460
13120017003,3,,練馬区,氷川台３丁目,1807,562,1045,60.6,27,109532
13120017004,3,,練馬区,氷川台４丁目,1986,1141,672,65.7,28.6,130490
131200180,2,,練馬区,平和台,4270,1984,1730,70.3,28.7,300037
13120018001,3,,練馬区,平和台１丁目,1203,662,459,76.2,32,91697
13120018002,3,,練馬区,平和台２丁目,1027,514,250,74.6,30.7,76613
13120018003,3,,練馬区,平和台３丁目,1236,508,575,62.9,25.8,77726
13120018004,3,,練馬区,平和台４丁目,804,300,446,67.2,26.1,54001
131200190,2,,練馬区,早宮,7407,3703,3127,71.2,30.3,527337
13120019001,3,,練馬区,早宮１丁目,2557,1404,998,69.3,30.1,177146
13120019002,3,,練馬区,早宮２丁目,1395,630,712,71.3,29.2,99515
13120019003,3,,練馬区,早宮３丁目,1874,994,684,74.9,32.1,140339
13120019004,3,,練馬区,早宮４丁目,1581,675,733,69.8,29.4,110336
131200200,2,,練馬区,春日町,10024,5309,3849,69.4,29.6,695574
13120020001,3,,練馬区,春日町１丁目,1647,884,694,73.1,31.2,120380
13120020002,3,,練馬区,春日町２丁目,1942,1062,777,65.5,28.4,127280
13120020003,3,,練馬区,春日町３丁目,1811,765,818,65.9,29,119388
13120020004,3,,練馬区,春日町４丁目,1839,1020,614,68.1,29.3,125192
13120020005,3,,練馬区,春日町５丁目,1548,896,445,72.2,30.2,111767
13120020006,3,,練馬区,春日町６丁目,1237,682,501,74,30,91567
131200210,2,,練馬区,高松,5137,2706,1995,76.7,28.5,393887
13120021001,3,,練馬区,高松１丁目,914,438,417,73.6,29.6,67300
13120021002,3,,練馬区,高松２丁目,716,337,332,77.5,28.4,55497
13120021003,3,,練馬区,高松３丁目,960,638,258,76,26.6,72984
13120021004,3,,練馬区,高松４丁目,1027,524,364,77.6,28.8,79735
13120021005,3,,練馬区,高松５丁目,654,301,307,73.4,27.8,47983
13120021006,3,,練馬区,高松６丁目,866,468,317,81.3,30,70387
131200220,2,,練馬区,北町,11292,4244,4994,58,27.8,654521
13120022001,3,,練馬区,北町１丁目,2250,877,1093,57.2,30,128625
13120022002,3,,練馬区,北町２丁目,2579,692,1151,51.5,24.8,132789
13120022003,3,,練馬区,北町３丁目,1163,635,445,56.6,26.7,65882
13120022004,3,,練馬区,北町４丁目,-,-,-,-,-,-
13120022005,3,,練馬区,北町５丁目,1063,464,450,61.4,27.6,65229
13120022006,3,,練馬区,北町６丁目,1109,280,306,62.4,28.2,69247
13120022007,3,,練馬区,北町７丁目,1441,593,793,61.9,29.4,89227
13120022008,3,,練馬区,北町８丁目,1687,703,756,61.4,28.8,103522
131200230,2,,練馬区,田柄,10103,5282,3449,69.9,27.2,706142
13120023001,3,,練馬区,田柄１丁目,1729,1083,555,73.7,29.3,127448
13120023002,3,,練馬区,田柄２丁目,2774,1451,964,67.1,29.2,186125
13120023003,3,,練馬区,田柄３丁目,2233,1032,508,65.2,23.7,145681
13120023004,3,,練馬区,田柄４丁目,2181,1119,927,73.2,27.2,159560
13120023005,3,,練馬区,田柄５丁目,1186,597,495,73.6,27.4,87329
131200240,2,,練馬区,光が丘,11785,3699,121,65.9,25,776236
13120024001,3,,練馬区,光が丘１丁目,1462,231,11,52,23.8,76040
13120024002,3,,練馬区,光が丘２丁目,2476,34,-,60.8,22,150539
13120024003,3,@,練馬区,光が丘３丁目,3573,1455,30,71.1,26.4,254133
13120024004,3,*,練馬区,光が丘４丁目,,,,,,
13120024005,3,,練馬区,光が丘５丁目,1492,453,14,65.3,24.8,97411
13120024006,3,,練馬区,光が丘６丁目,448,420,21,76.1,28,34108
13120024007,3,,練馬区,光が丘７丁目,2334,1106,45,70.3,26.1,164006
131200250,2,,練馬区,旭町,4911,2420,1621,67.1,29.4,329622
13120025001,3,,練馬区,旭町１丁目,1503,838,372,75,29.9,112770
13120025002,3,,練馬区,旭町２丁目,1832,747,585,65.4,30.1,119782
13120025003,3,,練馬区,旭町３丁目,1576,835,664,61.6,28,97070
131200260,2,,練馬区,土支田,4118,2752,1194,82.8,30.8,340857
13120026001,3,,練馬区,土支田１丁目,1092,604,449,80,30.7,87340
13120026002,3,,練馬区,土支田２丁目,821,511,241,81.9,31.3,67244
13120026003,3,,練馬区,土支田３丁目,1152,879,239,86.6,31.1,99743
13120026004,3,,練馬区,土支田４丁目,1053,758,265,82.2,30.3,86530
131200270,2,,練馬区,富士見台,5579,3281,1771,78.4,32.6,437238
13120027001,3,,練馬区,富士見台１丁目,1115,695,345,76.2,31.4,84919
13120027002,3,,練馬区,富士見台２丁目,1622,933,566,75,32.9,121701
13120027003,3,,練馬区,富士見台３丁目,1483,739,500,78.1,33.7,115803
13120027004,3,,練馬区,富士見台４丁目,1359,914,360,84.5,32.3,114815
131200280,2,,練馬区,南田中,4405,2147,1218,68.5,29.6,301674
13120028001,3,,練馬区,南田中１丁目,667,452,196,81.3,33.3,54221
13120028002,3,,練馬区,南田中２丁目,509,346,148,78.7,29.7,40050
13120028003,3,,練馬区,南田中３丁目,1112,386,302,61.3,27.9,68177
13120028004,3,,練馬区,南田中４丁目,1054,594,428,73.7,30,77664
13120028005,3,,練馬区,南田中５丁目,1063,369,144,57.9,28.4,61562
131200290,2,,練馬区,高野台,4888,2624,1614,71.3,30.2,348505
13120029001,3,,練馬区,高野台１丁目,1274,640,359,64.7,26.8,82407
13120029002,3,,練馬区,高野台２丁目,827,435,359,61.5,26.7,50880
13120029003,3,,練馬区,高野台３丁目,1136,677,328,80.5,34.5,91424
13120029004,3,,練馬区,高野台４丁目,758,479,205,70,29,53051
13120029005,3,,練馬区,高野台５丁目,893,393,363,79.2,33.8,70744
131200300,2,,練馬区,谷原,3474,2509,799,84.6,31.6,293874
13120030001,3,,練馬区,谷原１丁目,403,298,87,84.5,30.6,34045
13120030002,3,,練馬区,谷原２丁目,547,396,133,82.1,30.9,44885
13120030003,3,,練馬区,谷原３丁目,585,414,103,82.2,32.1,48068
13120030004,3,,練馬区,谷原４丁目,442,307,119,86.7,32.5,38320
13120030005,3,,練馬区,谷原５丁目,791,523,240,85,32.7,67212
13120030006,3,,練馬区,谷原６丁目,706,571,117,86.9,30.4,61345
131200310,2,,練馬区,三原台,3332,2079,1103,77.5,30.2,258353
13120031001,3,,練馬区,三原台１丁目,1440,960,429,81.1,32.5,116844
13120031002,3,,練馬区,三原台２丁目,697,420,267,72,28.6,50158
13120031003,3,,練馬区,三原台３丁目,1195,699,407,76.4,28.4,91351
131200320,2,,練馬区,石神井町,11035,4566,4629,68.9,32.5,760549
13120032001,3,,練馬区,石神井町１丁目,1533,404,310,57.7,28.8,88415
13120032002,3,,練馬区,石神井町２丁目,1747,631,751,66.4,29.8,115926
13120032003,3,,練馬区,石神井町３丁目,1304,550,704,60.3,33.3,78657
13120032004,3,,練馬区,石神井町４丁目,1280,485,706,67,32.4,85707
13120032005,3,,練馬区,石神井町５丁目,672,272,375,67.6,31.1,45410
13120032006,3,,練馬区,石神井町６丁目,1030,553,405,86.7,39.4,89347
13120032007,3,,練馬区,石神井町７丁目,1580,797,726,69.7,32,110132
13120032008,3,,練馬区,石神井町８丁目,1889,874,652,77.8,34.7,146955
131200330,2,,練馬区,石神井台,11257,6067,3229,76.4,31.2,860011
13120033001,3,,練馬区,石神井台１丁目,542,394,121,95.4,36.7,51730
13120033002,3,,練馬区,石神井台２丁目,1708,1093,526,81.1,32.8,138437
13120033003,3,,練馬区,石神井台３丁目,2027,880,612,69.7,29.1,141303
13120033004,3,,練馬区,石神井台４丁目,1895,636,329,69.6,29.7,131949
13120033005,3,,練馬区,石神井台５丁目,1355,738,511,78.1,30.8,105880
13120033006,3,,練馬区,石神井台６丁目,1072,634,364,80.4,31.7,86144
13120033007,3,,練馬区,石神井台７丁目,1351,782,411,70.6,30.9,95313
13120033008,3,,練馬区,石神井台８丁目,1307,910,355,83.6,32.7,109256
131200340,2,,練馬区,上石神井,7966,3690,3300,64.7,30.7,515440
13120034001,3,,練馬区,上石神井１丁目,2218,898,991,61.6,30.6,136550
13120034002,3,,練馬区,上石神井２丁目,1788,784,892,64.7,31.4,115601
13120034003,3,,練馬区,上石神井３丁目,1972,1324,531,73.2,32.1,144327
13120034004,3,,練馬区,上石神井４丁目,1988,684,886,59.8,28.9,118962
131200350,2,,練馬区,上石神井南町,732,483,174,88.6,36.5,64844
131200360,2,,練馬区,下石神井,6653,3260,2913,73.4,31.6,488388
13120036001,3,,練馬区,下石神井１丁目,834,401,398,72.8,31.1,60717
13120036002,3,,練馬区,下石神井２丁目,1325,606,564,70.2,30,93045
13120036003,3,,練馬区,下石神井３丁目,779,482,251,81.8,33.6,63719
13120036004,3,,練馬区,下石神井４丁目,1421,562,729,67.1,32.2,95373
13120036005,3,,練馬区,下石神井５丁目,951,456,441,73.6,31.8,70010
13120036006,3,,練馬区,下石神井６丁目,1343,753,530,78.6,31.7,105525
131200370,2,,練馬区,立野町,1612,1174,345,83.4,35.2,134384
131200380,2,,練馬区,関町東,2388,1064,1151,63.5,31.2,151666
13120038001,3,,練馬区,関町東１丁目,1708,750,815,66.5,31.9,113621
13120038002,3,,練馬区,関町東２丁目,680,314,336,55.9,29.4,38045
131200390,2,,練馬区,関町北,8211,4078,3227,69.7,30.8,572704
13120039001,3,,練馬区,関町北１丁目,1525,644,788,58.7,29.3,89516
13120039002,3,,練馬区,関町北２丁目,1715,718,891,62.8,32.6,107718
13120039003,3,,練馬区,関町北３丁目,1636,802,524,77.7,33.7,127138
13120039004,3,,練馬区,関町北４丁目,1708,734,625,71.3,30.6,121855
13120039005,3,,練馬区,関町北５丁目,1627,1180,399,77.7,28.1,126478
131200400,2,,練馬区,関町南,6419,3529,2092,71.6,31.1,459559
13120040001,3,,練馬区,関町南１丁目,1131,382,678,60.4,30.6,68332
13120040002,3,,練馬区,関町南２丁目,1669,977,509,77.5,33.9,129330
13120040003,3,,練馬区,関町南３丁目,1227,681,404,77.7,32.7,95358
13120040004,3,,練馬区,関町南４丁目,2392,1489,501,69.6,28.6,166540
131200410,2,,練馬区,東大泉,13313,6616,4956,72.3,32.5,963173
13120041001,3,,練馬区,東大泉１丁目,1579,692,665,65.9,30,104088
13120041002,3,,練馬区,東大泉２丁目,1899,1154,529,74.1,30.9,140742
13120041003,3,,練馬区,東大泉３丁目,2166,999,695,76.5,36.1,165772
13120041004,3,,練馬区,東大泉４丁目,1338,531,775,58.5,31.2,78303
13120041005,3,,練馬区,東大泉５丁目,1588,776,530,77.2,34.5,122552
13120041006,3,,練馬区,東大泉６丁目,2563,1032,1127,69.7,31.9,178658
13120041007,3,,練馬区,東大泉７丁目,2180,1432,635,79.4,32.1,173058
131200420,2,,練馬区,西大泉町,8,7,-,107.1,47.6,857
131200430,2,,練馬区,西大泉,7520,5231,1951,80.6,30.6,606278
13120043001,3,,練馬区,西大泉１丁目,1434,836,513,73.1,30.2,104853
13120043002,3,,練馬区,西大泉２丁目,1015,730,261,87,30.8,88356
13120043003,3,,練馬区,西大泉３丁目,1354,910,363,83.1,33.5,112502
13120043004,3,,練馬区,西大泉４丁目,1034,772,234,80.2,29.1,82937
13120043005,3,,練馬区,西大泉５丁目,1737,1328,341,83.6,30.8,145265
13120043006,3,,練馬区,西大泉６丁目,946,655,239,76.5,28.6,72367
131200440,2,,練馬区,南大泉,9312,5822,2977,78.8,30.8,733688
13120044001,3,,練馬区,南大泉１丁目,1762,1224,466,81,30.6,142670
13120044002,3,,練馬区,南大泉２丁目,1484,1167,282,87.2,31.8,129376
13120044003,3,,練馬区,南大泉３丁目,1545,815,581,77.8,31.5,120167
13120044004,3,,練馬区,南大泉４丁目,2136,1437,598,78,31.6,166594
13120044005,3,,練馬区,南大泉５丁目,1744,775,845,71,28.9,123826
13120044006,3,,練馬区,南大泉６丁目,641,404,205,79.6,30.1,51055
131200450,2,,練馬区,大泉町,7710,5770,1731,83.5,31.3,643610
13120045001,3,,練馬区,大泉町１丁目,1672,1198,433,84.4,30.4,141116
13120045002,3,,練馬区,大泉町２丁目,1717,1419,256,88.2,33,151424
13120045003,3,,練馬区,大泉町３丁目,1463,1101,335,82.1,29.8,120103
13120045004,3,,練馬区,大泉町４丁目,1164,888,245,83.4,31.3,97021
13120045005,3,,練馬区,大泉町５丁目,818,626,159,84.9,34,69452
13120045006,3,,練馬区,大泉町６丁目,876,538,303,73.6,29.8,64495
131200460,2,,練馬区,大泉学園町,11613,7920,3199,87,33.2,1010539
13120046001,3,,練馬区,大泉学園町１丁目,1141,697,411,76.7,30.9,87528
13120046002,3,,練馬区,大泉学園町２丁目,1352,682,513,76.6,30.8,103565
13120046003,3,,練馬区,大泉学園町３丁目,876,593,217,87.8,30.6,76898
13120046004,3,,練馬区,大泉学園町４丁目,1407,1076,300,89.7,33.1,126269
13120046005,3,,練馬区,大泉学園町５丁目,1564,1140,377,84,31.9,131442
13120046006,3,,練馬区,大泉学園町６丁目,1773,1464,258,104.9,39.2,185998
13120046007,3,,練馬区,大泉学園町７丁目,1679,1209,415,92.7,36.1,155562
13120046008,3,,練馬区,大泉学園町８丁目,1821,1059,708,78.7,30.5,143278
13120046009,3,,練馬区,大泉学園町９丁目,-,-,-,-,-,-
