KEY_CODE,HYOSYO,HTKSYU,CITYNAME,NAME,T000055001,T000055002,T000055003,T000055004,T000055005,T000055006
,,,,,ZɏZވʐ,,c؉,Pѓ艄ʐ,Pl艄ʐ,ʐ
13117,1,,k,,159765,61563,61542,55.6,27.3,8882813
131170010,2,,k,q,9694,2705,2898,50.9,25,493210
13117001001,3,,k,qP,1321,627,510,50.6,26.6,66821
13117001002,3,,k,qQ,1279,492,652,52.1,27.6,66647
13117001003,3,,k,qR,1512,373,593,47,24.3,71109
13117001004,3,,k,qS,1292,520,690,54.6,28.9,70482
13117001005,3,,k,qT,3491,563,444,49.9,23.8,174339
13117001006,3,,k,qU,799,130,9,54.8,20.5,43813
131170020,2,,k,L,14216,4977,3299,55.7,25.7,791525
13117002001,3,,k,LP,1682,767,798,54.1,27.2,90930
13117002002,3,,k,LQ,844,397,421,63.7,31,53746
13117002003,3,,k,LR,1315,648,539,62.7,29.1,82491
13117002004,3,,k,LS,1005,679,238,64.8,26.1,65125
13117002005,3,,k,LT,4987,309,7,44.9,21.7,224119
13117002006,3,,k,LU,532,324,180,65.9,29,35049
13117002007,3,,k,LV,1824,1084,430,64.8,26.7,118219
13117002008,3,,k,LW,2027,769,686,60.1,27.4,121846
131170030,2,,k,xD,4427,1795,984,55,25.5,243437
13117003001,3,,k,xDP,1047,584,412,57,28.1,59712
13117003002,3,,k,xDQ,1436,309,151,49.6,23.2,71267
13117003003,3,,k,xDR,1548,773,340,58.8,25.8,90975
13117003004,3,,k,xDS,396,129,81,54.2,26,21482
131170040,2,,k,\,6767,2637,3788,52.6,28.4,355895
13117004001,3,,k,\P,1152,419,695,49.8,27.8,57334
13117004002,3,,k,\Q,853,335,457,51.6,28.6,44001
13117004003,3,,k,\R,1657,730,801,56.2,27.9,93082
13117004004,3,,k,\S,1326,434,834,48.4,27.5,64239
13117004005,3,,k,\T,1140,478,619,57.8,30.9,65925
13117004006,3,,k,\U,639,241,382,49,27.4,31315
131170050,2,,k,q{,3126,870,1123,49.7,26.8,155502
13117005001,3,,k,q{P,973,348,585,57,29.6,55422
13117005002,3,,k,q{Q,1115,444,438,54.6,28.9,60922
13117005003,3,,k,q{R,1038,78,100,37.7,21.4,39158
131170060,2,,k,ݒ,1372,570,757,51.4,27.3,70561
13117006001,3,,k,ݒP,490,218,251,58.4,28.8,28612
13117006002,3,,k,ݒQ,882,352,506,47.6,26.3,41949
131170070,2,,k,\,4686,1920,2473,53.1,28.7,248826
13117007001,3,,k,\P,1404,553,669,52.5,28.4,73684
13117007002,3,,k,\Q,1230,465,700,50.7,28.4,62393
13117007003,3,,k,\R,1666,737,903,54.2,29.1,90343
13117007004,3,,k,\S,386,165,201,58,28.9,22405
131170080,2,,k,\,311,108,15,52.7,20.5,16375
13117008001,3,,k,\P,164,106,14,60.8,24.7,9970
13117008002,3,,k,\Q,147,2,1,43.6,16.3,6406
131170090,2,,k,\𒇌,3145,1550,1449,58,28.5,182474
13117009001,3,,k,\𒇌P,1076,460,541,52.2,27.4,56176
13117009002,3,,k,\𒇌Q,753,322,399,60.9,30.4,45823
13117009003,3,,k,\𒇌R,645,345,285,58.3,27.9,37626
13117009004,3,,k,\𒇌S,671,423,224,63.9,28.6,42849
131170100,2,,k,\,7134,3010,3693,54.4,28.8,388013
13117010001,3,,k,\P,1691,654,843,52,28.1,87923
13117010002,3,,k,\Q,1176,528,611,55.9,29.9,65792
13117010003,3,,k,\R,1483,560,867,50,29,74195
13117010004,3,,k,\S,1212,423,719,52.2,27.2,63232
13117010005,3,,k,\T,1572,845,653,61.6,29.8,96870
131170110,2,,k,_J,6989,2392,2310,55.2,26.2,386124
13117011001,3,,k,_JP,2391,800,910,57.1,26.4,136498
13117011002,3,,k,_JQ,2049,702,800,53.7,26.4,109940
13117011003,3,,k,_JR,2549,890,600,54.8,25.7,139685
131170120,2,,k,ԉH,4797,2008,2482,54.9,28.4,263312
13117012001,3,,k,ԉHP,1697,705,945,51.1,28.2,86751
13117012002,3,,k,ԉHQ,1963,795,1035,55.5,29.4,108919
13117012003,3,,k,ԉHR,1137,508,502,59.5,27,67642
131170130,2,,k,u,3511,1401,982,62.4,29.9,218946
13117013001,3,,k,uP,1633,887,602,75.7,34,123620
13117013002,3,,k,uQ,913,478,310,65,29.6,59342
13117013003,3,,k,uR,965,36,70,37.3,21.3,35984
131170140,2,,k,ԉH,8155,3429,3380,57.7,28.4,470279
13117014001,3,,k,ԉHP,1779,706,926,55.8,29.9,99282
13117014002,3,,k,ԉHQ,1163,531,567,60.6,30.5,70422
13117014003,3,,k,ԉHR,1148,556,542,62.9,30.4,72195
13117014004,3,,k,ԉHS,1802,909,816,62.8,30.8,113080
13117014005,3,,k,ԉHT,725,1,-,41.1,18.2,29797
13117014006,3,,k,ԉHU,1538,726,529,55.6,26.1,85503
131170150,2,,k,u,9249,4312,4351,59.5,28.9,550424
13117015001,3,,k,u΂P,1507,706,712,60.5,30.2,91211
13117015002,3,,k,u΂Q,2615,1173,1263,57.1,28.6,149198
13117015003,3,,k,u΂R,1441,693,676,59.7,27,85980
13117015004,3,,k,u΂S,1913,942,911,61.7,29.7,117992
13117015005,3,,k,u΂T,1773,798,789,59.8,29.2,106043
131170160,2,,k,╣,2004,853,1038,57.7,27.6,115644
131170170,2,,k,ԉH,4661,1172,616,51.1,25.4,238387
13117017001,3,,k,ԉHP,1629,-,-,40.2,23,65452
13117017002,3,,k,ԉHQ,990,15,-,52.5,22.4,51998
13117017003,3,,k,ԉHR,1364,752,528,59,28.6,80504
13117017004,3,,k,ԉHS,678,405,88,59.6,28.5,40433
131170180,2,,k,ԉH,1930,895,649,54.2,26.6,104602
13117018001,3,,k,ԉHP,1385,628,429,54.3,26.6,75256
13117018002,3,,k,ԉHQ,545,267,220,53.8,26.5,29346
131170190,2,,k,ԉHk,6194,3361,1211,61.9,26.8,383264
13117019001,3,,k,ԉHkP,1496,983,458,61.5,26.8,92041
13117019002,3,,k,ԉHkQ,2802,1182,499,58.9,26.8,164930
13117019003,3,,k,ԉHkR,1896,1196,254,66.6,26.7,126293
131170200,2,,k,,8540,2625,2315,56.3,24.5,480833
13117020001,3,,k,ԂP,1424,231,190,54.5,22.7,77584
13117020002,3,,k,ԂQ,1917,864,580,60.6,25.4,116177
13117020003,3,,k,ԂR,3312,755,820,54.1,24.6,179044
13117020004,3,,k,ԂS,1321,401,594,54.2,24.5,71565
13117020005,3,,k,ԂT,566,374,131,64.4,25.7,36464
131170210,2,,k,˃u,3563,56,110,49.8,25.7,177531
13117021001,3,,k,˃uP,2355,38,50,49.6,25.5,116700
13117021002,3,,k,˃uQ,1208,18,60,50.4,26.2,60832
131170220,2,,k,,15452,6761,6465,55.1,27.1,851174
13117022001,3,,k,P,2650,1338,1206,58.5,29,154939
13117022002,3,,k,Q,2093,975,770,58.1,27.1,121552
13117022003,3,,k,R,2875,934,753,48.9,23.6,140653
13117022004,3,,k,S,1017,445,429,53,28.1,53906
13117022005,3,,k,T,1470,665,697,54.6,27.8,80306
13117022006,3,,k,U,2757,1352,1212,58.9,27.9,162334
13117022007,3,,k,V,2590,1052,1398,53.1,27.6,137485
131170230,2,,k,,7725,3661,3531,62.8,30.4,485196
13117023001,3,,k,P,2429,975,1294,59.2,31.4,143760
13117023002,3,,k,Q,1098,518,439,67.8,29.5,74490
13117023003,3,,k,R,2168,1157,812,67,31.4,145308
13117023004,3,,k,S,2030,1011,986,59.9,28.7,121638
131170240,2,,k,h,1320,594,543,58.6,29.2,77402
131170250,2,,k,㒆,3219,1621,1462,61.7,30,198456
13117025001,3,,k,㒆P,1275,675,544,68.6,32.1,87511
13117025002,3,,k,㒆Q,1363,628,668,55.4,28.6,75497
13117025003,3,,k,㒆R,581,318,250,61,28.3,35448
131170260,2,,k,,3658,1346,2027,53.1,29,194305
13117026001,3,,k,P,1136,390,703,50.2,29,56985
13117026002,3,,k,Q,1018,315,640,49.4,29.1,50333
13117026003,3,,k,R,1504,641,684,57.8,28.8,86987
131170270,2,,k,a,1308,714,557,61.7,29.1,80739
13117027001,3,,k,aP,557,227,305,55.6,29.2,30957
13117027002,3,,k,aQ,616,389,219,65.3,28.8,40231
13117027003,3,,k,aR,135,98,33,70.7,30.3,9551
131170280,2,,k,c[V,3697,1111,2004,49,26.8,181213
13117028001,3,,k,c[VP,1533,410,797,47.5,25.3,72886
13117028002,3,,k,c[VQ,956,291,477,49.9,28.3,47750
13117028003,3,,k,c[VR,1208,410,730,50.1,27.6,60577
131170290,2,,k,c[,1764,468,1000,48.1,25.7,84882
13117029001,3,,k,c[P,784,234,424,51.4,25.6,40296
13117029002,3,,k,c[Q,980,234,576,45.5,25.8,44587
131170300,2,,k,c[,7151,2641,4030,55.1,29.5,394283
13117030001,3,,k,c[P,2463,865,1373,55.3,28.7,136195
13117030002,3,,k,c[Q,765,248,491,54.9,29.7,42035
13117030003,3,,k,c[R,1564,623,871,54.4,29.6,85081
13117030004,3,,k,c[S,810,308,468,55.7,30.2,45145
13117030005,3,,k,c[T,945,346,493,55.9,29.9,52785
13117030006,3,,k,c[U,604,251,334,54.7,30.6,33043
