KEY_CODE,HYOSYO,HTKSYU,CITYNAME,NAME,T000055001,T000055002,T000055003,T000055004,T000055005,T000055006
,,,,,ZɏZވʐ,,c؉,Pѓ艄ʐ,Pl艄ʐ,ʐ
13114,1,,,,171420,58193,97532,51.1,28.4,8756022
131140010,2,,,,10228,3967,5350,53.3,28.1,545124
13114001001,3,,,P,753,278,455,45.8,25.3,34508
13114001002,3,,,Q,2657,1077,1430,53.7,28,142701
13114001003,3,,,R,2486,970,1172,53.2,27.3,132153
13114001004,3,,,S,2309,937,1237,56,30.7,129277
13114001005,3,,,T,2023,705,1056,52.6,27.5,106486
131140020,2,,,퐶,11868,3710,6830,49.8,27.7,591543
13114002001,3,,,퐶P,3293,1012,2000,49.6,28.4,163283
13114002002,3,,,퐶Q,2679,669,1828,44.6,26.3,119453
13114002003,3,,,퐶R,1758,591,1052,50,27.6,87869
13114002004,3,,,퐶S,1610,573,957,55,29.6,88548
13114002005,3,,,퐶T,1621,671,789,56.6,29.2,91688
13114002006,3,,,퐶U,907,194,204,44.9,23,40702
131140030,2,,,{,16185,5300,9949,47.1,27.9,762445
13114003001,3,,,{P,2049,655,1313,47.9,29,98229
13114003002,3,,,{Q,2563,841,1532,48.8,28.7,125001
13114003003,3,,,{R,2824,711,1987,43.2,26.7,122092
13114003004,3,,,{S,3896,1377,2338,47.8,28.6,186132
13114003005,3,,,{T,2307,650,1395,44.4,25.6,102348
13114003006,3,,,{U,2546,1066,1384,50.5,28.5,128644
131140040,2,,,,16347,5436,9594,47,28,768240
13114004001,3,,,P,3150,1130,1827,47,28.6,148186
13114004002,3,,,Q,3677,1048,2105,45.9,26.8,168880
13114004003,3,,,R,3129,950,1959,45.8,27.3,143216
13114004004,3,,,S,3565,1275,2065,47.6,28.8,169664
13114004005,3,,,T,2826,1033,1638,48.9,28.9,138295
131140050,2,,,,11532,3757,6999,50.4,29.7,581226
13114005001,3,,,P,3486,1079,2148,48.9,29.9,170374
13114005002,3,,,Q,2266,911,1219,57.9,31.5,131297
13114005003,3,,,R,1835,515,1208,45.7,28.3,83797
13114005004,3,,,S,2023,642,1310,47.3,29.9,95707
13114005005,3,,,T,1922,610,1114,52.1,28.3,100050
131140060,2,,,,14252,4763,8033,50.8,29.3,724482
13114006001,3,,,P,3208,1085,1885,50.9,28.6,163367
13114006002,3,,,Q,1345,394,448,54,28.3,72598
13114006003,3,,,R,3271,991,2006,49.6,30,162095
13114006004,3,,,S,829,298,374,55,29.9,45592
13114006005,3,,,T,3569,1325,2104,49.8,30,177725
13114006006,3,,,U,2030,670,1216,50.8,28.3,103106
131140070,2,,,㍂c,11869,3715,7393,47.5,27.7,563650
13114007001,3,,,㍂cP,3094,1063,1848,50.1,28.6,154856
13114007002,3,,,㍂cQ,3159,868,2150,44.3,27.8,139791
13114007003,3,,,㍂cR,1913,540,1321,44.4,27.2,85030
13114007004,3,,,㍂cS,1879,680,1021,48.6,26.6,91334
13114007005,3,,,㍂cT,1824,564,1053,50.8,27.4,92639
131140080,2,,,V,10007,2896,6314,47.2,27.4,472119
13114008001,3,,,VP,2521,715,1669,44.1,27.4,111126
13114008002,3,,,VQ,2887,761,1848,47.6,28,137293
13114008003,3,,,VR,1604,456,875,50.9,27,81699
13114008004,3,,,VS,1563,639,875,51.8,28.4,81037
13114008005,3,,,VT,1432,325,1047,42.6,25.8,60964
131140090,2,,,,7524,2563,4663,52.2,29.6,393019
13114009001,3,,,܂P,1989,664,1233,53,30.5,105412
13114009002,3,,,܂Q,1834,684,1105,52,29.3,95355
13114009003,3,,,܂R,1888,547,1230,47.7,28.1,90119
13114009004,3,,,܂S,1813,668,1095,56.3,30.4,102132
131140100,2,,,u,3182,1278,1703,53.5,29,170342
13114010001,3,,,uP,1768,687,954,51,28.2,90112
13114010002,3,,,uQ,1414,591,749,56.7,30,80230
131140110,2,,,],4301,1646,1920,57.8,28.8,248478
13114011001,3,,,]P,1495,574,523,60.3,28.5,90143
13114011002,3,,,]Q,1519,563,710,56.4,27.8,85602
13114011003,3,,,]R,1287,509,687,56.5,30.7,72733
131140120,2,,,]Óc,5951,2060,2809,55,27.5,327336
13114012001,3,,,]ÓcP,1520,653,705,64.7,30.3,98303
13114012002,3,,,]ÓcQ,1184,454,658,52.3,28.2,61877
13114012003,3,,,]ÓcR,873,227,178,57.1,23.8,49851
13114012004,3,,,]ÓcS,2374,726,1268,49.4,26.8,117306
131140130,2,,,ێR,2326,930,1174,54.7,28.1,127211
13114013001,3,,,ێRP,877,429,409,58.7,28.8,51467
13114013002,3,,,ێRQ,1449,501,765,52.3,27.7,75744
131140140,2,,,,11449,3936,6786,48.1,27.5,550940
13114014001,3,,,P,2728,942,1551,46.4,27.2,126684
13114014002,3,,,Q,2584,931,1557,47.6,27.1,122876
13114014003,3,,,R,1512,513,940,45.1,25.6,68147
13114014004,3,,,S,1760,598,1095,50.6,28.8,89071
13114014005,3,,,T,1112,407,564,53,27.6,58942
13114014006,3,,,U,1753,545,1079,48.6,28.8,85222
131140150,2,,,a,8885,2845,5536,47.9,27.9,425732
13114015001,3,,,aP,3179,838,2173,42.8,26.7,136140
13114015002,3,,,aQ,1850,596,1174,46.5,27.2,85968
13114015003,3,,,aR,1973,670,1223,50,29.9,98633
13114015004,3,,,aS,1883,741,966,55.8,28.5,104991
131140160,2,,,{,6771,2423,3874,53.1,29.4,359498
13114016001,3,,,{P,2151,777,1274,51.8,29.9,111478
13114016002,3,,,{Q,2042,812,1083,58,30.1,118351
13114016003,3,,,{R,2578,834,1517,50.3,28.5,129670
131140170,2,,,,5408,1776,1847,56.3,27.8,304646
13114017001,3,,,P,1942,426,559,52.6,26.3,102245
13114017002,3,,,Q,1984,719,878,57.6,29.6,114189
13114017003,3,,,R,1482,631,410,59.5,27.6,88212
131140180,2,,,{,7845,2931,4425,58.4,30.2,458491
13114018001,3,,,{P,1453,461,880,53.3,30.8,77469
13114018002,3,,,{Q,557,202,302,63.6,29.6,35421
13114018003,3,,,{R,1919,615,1207,52.3,29.8,100301
13114018004,3,,,{S,1474,630,752,64.7,32.9,95380
13114018005,3,,,{T,1040,377,615,55.6,28,57779
13114018006,3,,,{U,1402,646,669,65.7,29.6,92142
131140190,2,,,{,5490,2261,2333,69.5,30.2,381501
13114019001,3,,,{P,1007,430,537,65,30.5,65432
13114019002,3,,,{Q,1164,381,614,67.6,29.5,78718
13114019003,3,,,{R,812,301,266,75.5,31.3,61280
13114019004,3,,,{S,1082,327,418,62,27.7,67095
13114019005,3,,,{T,1425,822,498,76.5,31.6,108976
