KEY_CODE,HYOSYO,HTKSYU,CITYNAME,NAME,T000055001,T000055002,T000055003,T000055004,T000055005,T000055006
,,,,,ZɏZވʐ,,c؉,Pѓ艄ʐ,Pl艄ʐ,ʐ
13205,1,,~s,,50006,34016,12557,81.9,30.8,4097028
132050010,2,,~s,~,3996,2325,1536,65.9,29.5,263394
13205001001,3,,~s,~P,409,313,87,65.7,30.6,26861
13205001002,3,,~s,~Q,799,534,250,65.4,29.1,52246
13205001003,3,,~s,~R,980,475,478,66.3,29.3,64965
13205001004,3,,~s,~S,633,384,227,68.2,31.2,43190
13205001005,3,,~s,~T,823,389,379,61.5,27.7,50580
13205001006,3,,~s,~U,352,230,115,72.6,31.4,25553
132050020,2,,~s,z,957,876,60,94.6,34.6,90518
13205002001,3,,~s,zP,386,340,42,96.1,36.2,37081
13205002002,3,,~s,zQ,571,536,18,93.6,33.6,53437
132050030,2,,~s,t,1897,1220,639,73,29.1,138510
13205003001,3,,~s,tP,293,246,44,101.2,35.7,29644
13205003002,3,,~s,tQ,632,516,110,80.5,28.2,50875
13205003003,3,,~s,tR,530,269,250,65.7,28.4,34847
13205003004,3,,~s,tS,442,189,235,52.4,25.5,23144
132050040,2,,~s,,834,676,137,97.7,36.1,81480
13205004001,3,,~s,P,215,157,53,107.3,38.6,23074
13205004002,3,,~s,Q,335,276,52,87.9,34,29443
13205004003,3,,~s,R,284,243,32,102,36.7,28963
132050050,2,,~s,,329,238,86,91.4,37.4,30056
13205005001,3,,~s,P,121,93,25,93.2,37.1,11272
13205005002,3,,~s,Q,98,57,41,78.4,34.2,7688
13205005003,3,,~s,R,110,88,20,100.9,40.5,11095
132050070,2,,~s,ac,737,637,56,101,35.5,74430
13205007001,3,,~s,acP,181,140,9,95.1,33.9,17207
13205007002,3,,~s,acQ,286,253,26,95.2,34.9,27233
13205007003,3,,~s,acR,270,244,21,111.1,37.1,29990
132050080,2,,~s,ؒ,708,620,44,101.1,34.3,71589
13205008001,3,,~s,ؒP,196,184,11,104,34.9,20388
13205008002,3,,~s,ؒQ,336,268,25,94.6,32.5,31774
13205008003,3,,~s,ؒR,176,168,8,110.4,36.9,19426
132050090,2,,~s,,3093,2456,519,87,30.3,269043
13205009001,3,,~s,P,420,326,23,91.6,31.1,38468
13205009002,3,,~s,Q,614,489,119,87,29.8,53407
13205009003,3,,~s,R,346,271,71,88.8,29.2,30740
13205009004,3,,~s,S,593,486,98,86,29.8,51010
13205009005,3,,~s,T,294,213,75,82.7,29.2,24313
13205009006,3,,~s,U,146,110,32,97.8,31,14277
13205009007,3,,~s,V,435,352,68,77.8,30.3,33852
13205009008,3,@,~s,W,245,209,33,93.8,35,22975
13205009009,3,*,~s,X,,,,,,
132050100,2,,~s,Fc,1295,1036,188,90.4,32.2,117005
13205010001,3,,~s,FcP,273,228,41,92.8,33.2,25339
13205010002,3,,~s,FcQ,247,176,47,86.3,34.5,21312
13205010003,3,,~s,FcR,229,184,36,81.5,27.9,18664
13205010004,3,,~s,FcS,275,243,28,97.2,33.5,26735
13205010005,3,,~s,FcT,271,205,36,92.1,31.8,24956
132050120,2,,~s,͕Ӓ,6780,3401,2294,61.8,27,418742
13205012001,3,,~s,͕ӒP,697,583,98,70.2,27.1,48908
13205012002,3,,~s,͕ӒQ,250,232,16,78.8,26.3,19704
13205012003,3,,~s,͕ӒR,208,164,39,93.4,33.3,19428
13205012004,3,,~s,͕ӒS,643,342,283,60.7,28.2,39058
13205012005,3,,~s,͕ӒT,593,261,319,63.4,29.1,37567
13205012006,3,,~s,͕ӒU,1096,608,378,64.4,26.8,70566
13205012007,3,,~s,͕ӒV,946,387,257,61,26.5,57659
13205012008,3,,~s,͕ӒW,703,338,347,64.5,29.6,45316
13205012009,3,,~s,͕ӒX,828,167,109,48.9,21.6,40506
13205012010,3,,~s,͕ӒPO,816,319,448,49.1,26.5,40031
132050130,2,,~s,烖,2647,1895,627,76,28.7,201293
13205013001,3,,~s,烖P,606,433,91,72.2,27,43749
13205013002,3,,~s,烖Q,497,364,126,78.2,27.8,38881
13205013003,3,,~s,烖R,300,244,51,91.9,33.5,27565
13205013004,3,,~s,烖S,438,244,178,65.8,27.8,28807
13205013005,3,,~s,烖T,456,357,93,77.1,28.5,35151
13205013006,3,,~s,烖U,350,253,88,77.5,29.9,27140
132050140,2,,~s,,461,342,96,92.4,32.8,42584
132050160,2,,~s,㒬,2626,1100,1042,66.3,26.9,174012
13205016001,3,,~s,㒬P,277,202,71,91.1,32.7,25239
13205016002,3,,~s,㒬Q,545,313,215,76.3,29.9,41607
13205016003,3,,~s,㒬R,1232,321,467,58.1,23.8,71546
13205016004,3,,~s,㒬S,572,264,289,62.3,27.5,35620
132050180,2,,~s,,1478,895,466,80.9,28.8,119576
13205018001,3,,~s,P,682,403,176,79.1,28.7,53955
13205018002,3,,~s,Q,255,208,41,99.9,33.6,25478
13205018003,3,,~s,R,541,284,249,74.2,26.4,40142
132050190,2,,~s,D,215,179,33,95.6,32,20561
132050200,2,,~s,J,349,275,71,96.5,32.7,33673
132050210,2,,~s,ؖ쉺,426,339,79,92.8,31.5,39531
13205021001,3,,~s,ؖ쉺P,196,158,35,91.2,31.5,17869
13205021002,3,,~s,ؖ쉺Q,230,181,44,94.2,31.5,21661
132050230,2,,~s,,1487,1053,412,86.7,29.6,128905
13205023001,3,,~s,P,313,247,62,90.6,28.6,28355
13205023002,3,,~s,Q,76,47,24,84.9,32.1,6450
13205023003,3,,~s,R,257,192,61,87,30.1,22349
13205023004,3,,~s,S,453,318,132,86.1,30,39019
13205023005,3,,~s,T,388,249,133,84.4,29.3,32731
132050250,2,,~s,L,408,199,177,68.7,30.7,28042
13205025001,3,,~s,LP,86,74,10,100.3,41.7,8630
13205025002,3,,~s,LQ,322,125,167,60.3,27.5,19412
132050270,2,,~s,,1353,961,313,86.8,29.7,117491
13205027001,3,,~s,P,154,98,4,79.7,26.6,12277
13205027002,3,,~s,Q,859,675,167,92.9,31.4,79787
13205027003,3,,~s,R,340,188,142,74.8,26.7,25426
132050290,2,,~s,,2115,1794,277,95.4,31.6,201775
13205029001,3,,~s,P,872,757,98,96.9,31.7,84518
13205029002,3,,~s,Q,627,554,65,102.7,32.2,64383
13205029003,3,,~s,R,600,468,114,85,30.6,50996
13205029004,3,,~s,S,-,-,-,-,-,-
13205029005,3,,~s,T,16,15,-,117.4,36.8,1878
132050300,2,,~s,,1060,844,129,93.1,32.3,98668
13205030001,3,,~s,P,326,260,63,93.7,33.1,30539
13205030002,3,,~s,Q,355,239,40,88.3,31.9,31352
13205030003,3,,~s,R,379,345,26,97,31.9,36778
132050310,2,,~s,ac,398,330,44,98.4,32.2,39166
13205031001,3,,~s,acP,158,138,18,99.7,33.4,15747
13205031002,3,,~s,acQ,240,192,26,97.6,31.4,23419
132050320,2,,~s,~,1322,1085,203,102.8,35.2,135852
13205032001,3,,~s,~P,127,118,6,116,37.7,14735
13205032002,3,,~s,~Q,127,101,23,98.5,33.1,12515
13205032003,3,,~s,~R,144,125,9,106.3,37.5,15301
13205032004,3,,~s,~S,167,144,19,109.1,37.9,18220
13205032005,3,,~s,~T,407,331,68,99,34.1,40285
13205032006,3,,~s,~U,350,266,78,99.4,34.2,34797
132050330,2,,~s,Mؒ,743,670,54,105.3,34.1,78218
13205033001,3,,~s,MؒP,313,266,41,102.5,33.8,32086
13205033002,3,,~s,MؒQ,250,244,3,104.1,33.8,26025
13205033003,3,,~s,MؒR,180,160,10,111.7,34.8,20108
132050340,2,,~s,񖓔,788,659,109,106.1,36.2,83602
13205034001,3,,~s,񖓔P,91,66,21,97.1,38.9,8833
13205034002,3,,~s,񖓔Q,259,209,44,102.2,35.1,26473
13205034003,3,,~s,񖓔R,228,191,29,101.3,32.5,23089
13205034004,3,,~s,񖓔S,121,105,14,116.3,40,14076
13205034005,3,,~s,񖓔T,89,88,1,125.1,42,11131
132050350,2,,~s,,298,275,19,114,40.3,33981
13205035001,3,,~s,P,62,59,3,132,44,8185
13205035002,3,,~s,Q,119,113,5,116,38.3,13798
13205035003,3,,~s,R,117,103,11,102.5,40.3,11998
132050360,2,,~s,x{,122,114,5,115.1,38.2,14043
132050370,2,,~s,x,127,120,6,114.1,43.5,14485
13205037001,3,,~s,xP,60,57,2,101.1,40.7,6067
13205037002,3,,~s,xQ,67,63,4,125.6,45.7,8418
132050380,2,,~s,xR,35,35,-,131.9,31.2,4616
132050390,2,,~s,x,323,238,12,95.7,34.3,30906
13205039001,3,,~s,xP,119,117,1,112.6,35.6,13401
13205039002,3,,~s,xQ,82,69,10,99.8,39.3,8183
13205039003,3,,~s,xR,122,52,1,76.4,29.3,9322
132050400,2,,~s,\,446,419,18,122,38.2,54413
13205040001,3,,~s,\؂P,67,57,5,114.1,33.8,7648
13205040002,3,,~s,\؂Q,40,39,1,134.9,46.1,5396
13205040003,3,,~s,\؂R,159,155,4,118.6,37.6,18850
13205040004,3,,~s,\؂S,115,110,2,126.8,39.1,14581
13205040005,3,,~s,\؂T,65,58,6,122.1,38.2,7939
132050410,2,,~s,,453,415,26,113.5,38,51437
13205041001,3,,~s,P,116,113,2,113.5,38.3,13163
13205041002,3,,~s,Q,202,183,13,110.5,36.1,22319
13205041003,3,,~s,R,135,119,11,118.2,40.8,15955
132050420,2,,~s,,667,639,15,125.8,40.9,83940
13205042001,3,,~s,؂P,132,126,3,126.5,38.3,16692
13205042002,3,,~s,؂Q,124,115,4,112.6,39,13960
13205042003,3,,~s,؂R,108,102,3,124.9,43.9,13487
13205042004,3,,~s,؂S,37,37,-,112.8,39.8,4175
13205042005,3,,~s,؂T,73,71,1,139.9,46.6,10210
13205042006,3,,~s,؂U,35,35,-,124.7,37,4363
13205042007,3,,~s,؂V,67,65,2,140.5,43.4,9412
13205042008,3,,~s,؂W,91,88,2,127.9,39.6,11642
132050440,2,,~s,Z],225,178,39,80.4,33.9,18080
132050450,2,,~s,{,380,262,108,72.9,32.6,27721
132050460,2,,~s,,203,149,48,82,33.9,16645
132050470,2,,~s,㒬,119,75,42,88.9,37.6,10575
132050480,2,,~s,X,149,130,13,104.2,36.9,15529
132050490,2,,~s,h,392,301,33,98.7,35.4,38702
132050500,2,,~s,V,496,404,80,81.6,30.4,40494
132050510,2,,~s,m㒬,275,206,57,80.1,34,22039
132050520,2,,~s,,446,374,61,86.5,31.3,38565
132050530,2,,~s,V,6348,3577,2284,76.1,28.7,483145
13205053001,3,,~s,VP,955,531,393,74.9,28.5,71560
13205053002,3,,~s,VQ,613,291,293,78.2,30.2,47935
13205053003,3,,~s,VR,1270,666,458,68.9,28.6,87501
13205053004,3,,~s,VS,566,270,249,80.1,31.3,45338
13205053005,3,,~s,VT,970,549,358,80,27.6,77607
13205053006,3,,~s,VU,121,57,32,71.8,26.7,8688
13205053007,3,,~s,VV,976,616,334,81.7,30.3,79727
13205053008,3,,~s,VW,315,194,107,79.7,29.5,25108
13205053009,3,,~s,VX,562,403,60,70.6,24.9,39679
