KEY_CODE,HYOSYO,HTKSYU,CITYNAME,NAME,T000055001,T000055002,T000055003,T000055004,T000055005,T000055006
,,,,,ZɏZވʐ,,c؉,Pѓ艄ʐ,Pl艄ʐ,ʐ
13203,1,,s,,68364,27496,31758,61.1,31.1,4178782
132030010,2,,s,gˎ,6276,2869,3107,68.4,35.8,429257
13203001001,3,,s,gˎP,1753,678,1013,60.2,34.7,105586
13203001002,3,,s,gˎQ,2216,1127,1007,73.7,36.9,163391
13203001003,3,,s,gˎR,1532,721,742,69.1,35.6,105846
13203001004,3,,s,gˎS,775,343,345,70.2,34.8,54434
132030020,2,,s,gˎ쒬,7067,3122,3561,65.8,34.8,464681
13203002001,3,,s,gˎ쒬P,1274,617,567,69.4,36.3,88397
13203002002,3,,s,gˎ쒬Q,1588,651,886,56.8,32.2,90164
13203002003,3,,s,gˎ쒬R,1706,801,754,76.6,38.2,130692
13203002004,3,,s,gˎ쒬S,1581,730,786,66.2,33.9,104719
13203002005,3,,s,gˎ쒬T,918,323,568,55.2,31.5,50709
132030030,2,,s,aR,2139,785,1116,56.8,31.7,121546
13203003001,3,,s,aRP,1076,453,533,57.2,32.5,61521
13203003002,3,,s,aRQ,1063,332,583,56.5,30.9,60025
132030040,2,,s,gˎ{,6759,2547,3816,56.4,33.1,381101
13203004001,3,,s,gˎ{P,1156,470,626,49.4,31.1,57146
13203004002,3,,s,gˎ{Q,1867,517,1250,47.9,31.1,89456
13203004003,3,,s,gˎ{R,1702,604,1009,57.8,33.5,98291
13203004004,3,,s,gˎ{S,2034,956,931,67,35.1,136208
132030050,2,,s,gˎk,7001,3235,2568,70,31.7,490142
13203005001,3,,s,gˎkP,1997,862,902,67.2,34.2,134295
13203005002,3,,s,gˎkQ,1032,401,348,71.7,28.8,73969
13203005003,3,,s,gˎkR,1788,887,651,70,31.5,125191
13203005004,3,,s,gˎkS,1446,779,407,71.7,30.9,103616
13203005005,3,,s,gˎkT,738,306,260,71.9,32,53071
132030060,2,,s,,6175,2764,2917,56.4,30.7,347975
13203006001,3,,s,P,1300,588,631,52.9,31.5,68750
13203006002,3,,s,Q,2256,835,1184,53.9,30.8,121590
13203006003,3,,s,R,2619,1341,1102,60.2,30.3,157635
132030070,2,,s,v,5925,2114,3226,55.7,30.4,330289
13203007001,3,,s,vۂP,1166,633,453,79.9,38,93182
13203007002,3,,s,vۂQ,2417,826,1434,49.9,28.3,120494
13203007003,3,,s,vۂR,2342,655,1339,49.8,28.2,116612
132030080,2,,s,Β,3713,1069,687,61.4,26.7,228047
13203008001,3,,s,ΒP,1015,448,463,60.9,28,61777
13203008002,3,,s,ΒQ,2403,513,58,61.4,25.8,147529
13203008003,3,,s,ΒR,295,108,166,63.5,30.3,18742
132030090,2,,s,,1858,835,693,65,28.4,120730
13203009001,3,,s,P,580,161,392,51.5,27.5,29843
13203009002,3,,s,Q,252,17,23,59.1,20.8,14898
13203009003,3,,s,R,577,376,180,73.4,29.9,42352
13203009004,3,,s,S,449,281,98,74.9,32.7,33638
132030100,2,,s,֑O,4033,1666,2056,64.1,29.7,258654
13203010001,3,,s,֑OP,256,138,110,74.9,35.1,19173
13203010002,3,,s,֑OQ,1137,410,614,60.5,27.9,68830
13203010003,3,,s,֑OR,1088,441,552,65,28.5,70727
13203010004,3,,s,֑OS,678,296,342,66.5,31.2,45091
13203010005,3,,s,֑OT,874,381,438,62.7,31.1,54833
132030110,2,,s,,7178,2624,3432,57.5,28.4,412530
13203011001,3,,s,P,1868,541,1109,49.4,28.8,92296
13203011002,3,,s,Q,1646,475,855,55.6,27.4,91519
13203011003,3,,s,R,840,482,326,71.2,31,59848
13203011004,3,,s,S,771,217,437,60.2,28.4,46378
13203011005,3,,s,T,2053,909,705,59.7,27.8,122488
132030120,2,,s,쒬,7683,3018,3957,56.2,29.7,431838
13203012001,3,,s,쒬P,1367,434,724,54.8,30.8,74957
13203012002,3,,s,쒬Q,2291,979,1123,53.6,28.3,122699
13203012003,3,,s,쒬R,1271,524,646,58.1,30.3,73858
13203012004,3,,s,쒬S,1590,591,863,54.9,28.8,87265
13203012005,3,,s,쒬T,1164,490,601,62.8,31.7,73060
132030130,2,,s,,2557,848,622,63.4,29.7,161994
13203013001,3,,s,P,1314,274,243,59,29.2,77514
13203013002,3,,s,Q,749,256,222,63.1,28.9,47228
13203013003,3,,s,R,494,318,157,75.4,32.1,37252
