KEY_CODE,HYOSYO,HTKSYU,CITYNAME,NAME,T000055001,T000055002,T000055003,T000055004,T000055005,T000055006
,,,,,ZɏZވʐ,,c؉,Pѓ艄ʐ,Pl艄ʐ,ʐ
13106,1,,䓌,,75061,41746,27229,65.3,31.3,4899973
131060010,2,,䓌,䓌,2548,1659,594,69.5,32.8,177094
13106001001,3,,䓌,䓌P,568,292,100,66.3,33.6,37668
13106001002,3,,䓌,䓌Q,569,347,187,74.2,33.9,42232
13106001003,3,,䓌,䓌R,909,659,201,66.7,31.4,60631
13106001004,3,,䓌,䓌S,502,361,106,72.8,32.9,36563
131060020,2,,䓌,Ht,119,19,100,45.8,35.1,5447
131060030,2,,䓌,,3027,1983,868,68.3,32.1,206873
13106003001,3,,䓌,P,320,251,49,86.5,37,27692
13106003002,3,,䓌,Q,217,145,48,81.2,38,17610
13106003003,3,,䓌,R,522,414,80,72.8,31.3,38018
13106003004,3,,䓌,S,527,332,179,55.3,31.1,29151
13106003005,3,,䓌,T,694,462,192,60.4,29.5,41935
13106003006,3,,䓌,U,747,379,320,70.2,31.6,52468
131060040,2,,䓌,,1162,954,147,79.9,35.4,92804
13106004001,3,,䓌,P,219,189,23,78.4,33.2,17176
13106004002,3,,䓌,Q,38,30,2,82.5,31.7,3137
13106004003,3,,䓌,R,184,146,17,92.6,37.3,17041
13106004004,3,,䓌,S,12,10,1,83.7,38.6,1004
13106004005,3,,䓌,T,180,133,35,90.4,40.8,16280
13106004006,3,,䓌,U,72,61,4,104.5,42.7,7522
13106004007,3,,䓌,V,457,385,65,67.1,32.3,30644
131060050,2,,䓌,rV[,2245,1294,728,65.9,34,147904
13106005001,3,,䓌,rV[P,282,112,46,63,32.5,17779
13106005002,3,,䓌,rV[Q,1061,613,413,59.4,32.2,63049
13106005003,3,,䓌,rV[R,219,106,93,63,30.7,13802
13106005004,3,,䓌,rV[S,683,463,176,78,38.3,53274
131060060,2,,䓌,,33,13,5,127.5,42.5,4207
131060070,2,,䓌,k,1699,810,796,59,31.5,100169
13106007001,3,,䓌,kP,405,185,197,59.2,32,23973
13106007002,3,,䓌,kQ,1294,625,599,58.9,31.3,76196
131060080,2,,䓌,J,3023,1825,905,58.3,29,176217
13106008001,3,,䓌,JP,822,490,188,65.6,32.5,53907
13106008002,3,,䓌,JQ,1293,864,386,54.9,27,70977
13106008003,3,,䓌,JR,908,471,331,56.5,28.8,51332
131060090,2,,䓌,J,2499,1277,865,63.6,30.5,159026
13106009001,3,,䓌,JP,1427,756,435,62,30.1,88444
13106009002,3,,䓌,JQ,1072,521,430,65.8,30.9,70582
131060100,2,,䓌,,5223,2671,2163,61,29.9,318611
13106010001,3,,䓌,݂P,474,216,232,50.3,28.1,23844
13106010002,3,,䓌,݂Q,1010,317,598,48.5,27.6,48943
13106010003,3,,䓌,݂R,1328,767,493,64.7,32.2,85880
13106010004,3,,䓌,݂S,1105,718,341,69.5,30.4,76814
13106010005,3,,䓌,݂T,1306,653,499,63.7,29.1,83130
131060110,2,,䓌,,3222,1909,1161,66.7,30.6,214847
13106011001,3,,䓌,P,865,456,346,67.5,31.3,58399
13106011002,3,,䓌,Q,1063,761,267,67.6,29.3,71839
13106011003,3,,䓌,R,1294,692,548,65.4,31.2,84608
131060120,2,,䓌,Om,1242,600,563,60,29,74485
13106012001,3,,䓌,OmւP,875,415,419,61.1,29.9,53447
13106012002,3,,䓌,OmւQ,367,185,144,57.3,27,21037
131060130,2,,䓌,,1036,644,327,77,36.4,79759
13106013001,3,,䓌,؂P,620,425,160,74.9,36.2,46428
13106013002,3,,䓌,؂Q,416,219,167,80.1,36.7,33332
131060140,2,,䓌,J,4110,1870,2039,61.6,31.1,253375
13106014001,3,,䓌,JP,370,200,161,66.4,31.6,24559
13106014002,3,,䓌,JQ,872,357,483,65.1,34.3,56756
13106014003,3,,䓌,JR,1409,622,701,56.5,28.5,79646
13106014004,3,,䓌,JS,275,151,110,70.9,33.9,19485
13106014005,3,,䓌,JT,472,220,227,61.6,31.4,29096
13106014006,3,,䓌,JU,181,102,66,71.8,33.1,12987
13106014007,3,,䓌,JV,531,218,291,58.1,30,30846
131060150,2,,䓌,,873,528,267,72.8,35.8,63554
13106015001,3,,䓌,P,461,323,119,76.2,35.5,35132
13106015002,3,,䓌,Q,412,205,148,69,36.1,28423
131060160,2,,䓌,󑐋,2344,1507,663,70.6,33.1,165413
13106016001,3,,䓌,󑐋P,456,285,104,74.3,37.4,33874
13106016002,3,,䓌,󑐋Q,507,369,99,75.5,32.9,38299
13106016003,3,,䓌,󑐋R,630,352,251,66.3,31.5,41749
13106016004,3,,䓌,󑐋S,171,129,35,82.7,38.1,14149
13106016005,3,,䓌,󑐋T,580,372,174,64.4,30.3,37341
131060170,2,,䓌,z,938,540,361,69.1,31.8,64819
13106017001,3,,䓌,zP,577,333,223,65,29.5,37522
13106017002,3,,䓌,zQ,361,207,138,75.6,35.8,27297
131060180,2,,䓌,O,1794,1009,664,67.2,33.7,120558
13106018001,3,,䓌,OP,153,97,48,65,38.6,9947
13106018002,3,,䓌,OQ,442,237,173,65.1,34.2,28773
13106018003,3,,䓌,OR,443,224,193,62.6,32.3,27730
13106018004,3,,䓌,OS,756,451,250,71.6,33.3,54109
131060190,2,,䓌,,1313,707,392,64.5,30.4,84686
13106019001,3,,䓌,P,757,356,207,56.2,27.6,42578
13106019002,3,,䓌,Q,556,351,185,75.7,34,42108
131060200,2,,䓌,O,1463,893,459,66.6,31.3,97380
13106020001,3,,䓌,O؂P,806,487,264,64.2,30.8,51744
13106020002,3,,䓌,O؂Q,657,406,195,69.5,31.9,45636
131060210,2,,䓌,,2333,1366,840,66.7,32.4,155710
13106021001,3,,䓌,P,717,458,230,63.9,30.4,45826
13106021002,3,,䓌,Q,308,160,135,64.4,32.1,19821
13106021003,3,,䓌,R,916,505,340,65,32.5,59572
13106021004,3,,䓌,S,392,243,135,77.8,36.3,30490
131060220,2,,䓌,`,1182,587,481,54.7,31.6,64691
13106022001,3,,䓌,`P,687,372,253,53.1,29.7,36505
13106022002,3,,䓌,`Q,495,215,228,56.9,34.5,28187
131060230,2,,䓌,,2305,1279,886,68.6,32,158073
13106023001,3,,䓌,󑐂P,566,368,172,73.9,32.1,41828
13106023002,3,,䓌,󑐂Q,405,151,226,66,34.2,26740
13106023003,3,,䓌,󑐂R,792,409,334,62.9,30.4,49812
13106023004,3,,䓌,󑐂S,542,351,154,73.2,32.6,39693
131060240,2,,䓌,J,3362,1584,1563,64.3,30.8,216301
13106024001,3,,䓌,JP,415,211,161,65.9,31.8,27350
13106024002,3,,䓌,JQ,763,393,290,72.8,31.3,55550
13106024003,3,,䓌,JR,1018,478,498,65.2,32.4,66391
13106024004,3,,䓌,JS,1166,502,614,57.5,28.8,67010
131060250,2,,䓌,,2821,1586,1058,61.1,31.1,172239
13106025001,3,,䓌,󑐂P,419,242,150,55.3,28.2,23183
13106025002,3,,䓌,󑐂Q,1036,553,425,59.9,33.2,62006
13106025003,3,,䓌,󑐂R,1366,791,483,63.7,30.6,87050
131060260,2,,䓌,,1148,804,273,65.1,30.7,74682
13106026001,3,,䓌,P,531,366,138,63.9,29.5,33946
13106026002,3,,䓌,Q,617,438,135,66,31.9,40736
131060270,2,,䓌,Ԑ,1039,569,403,67.2,32.5,69814
13106027001,3,,䓌,Ԑ˂P,428,238,154,69.6,32.6,29771
13106027002,3,,䓌,Ԑ˂Q,611,331,249,65.5,32.4,40044
131060280,2,,䓌,,7067,4024,2548,69.5,32.5,490996
13106028001,3,,䓌,󑐂P,601,417,154,76.1,33.9,45732
13106028002,3,,䓌,󑐂Q,1094,682,364,62.9,30.3,68775
13106028003,3,,䓌,󑐂R,1099,568,419,67.1,34,73731
13106028004,3,,䓌,󑐂S,1048,531,461,66.9,32.1,70101
13106028005,3,,䓌,󑐂T,1716,945,624,72.2,32.3,123843
13106028006,3,,䓌,󑐂U,1199,749,390,73.9,33,88659
13106028007,3,,䓌,󑐂V,310,132,136,65,32,20155
131060290,2,,䓌,瑩,4781,2072,2380,56.7,29.3,271095
13106029001,3,,䓌,瑩P,821,423,344,58.8,28.4,48252
13106029002,3,,䓌,瑩Q,904,352,499,59.8,29.3,54022
13106029003,3,,䓌,瑩R,1697,672,912,55,29,93354
13106029004,3,,䓌,瑩S,1359,625,625,55.5,30.1,75466
131060300,2,,䓌,,1307,715,504,71.2,30.3,92996
13106030001,3,,䓌,󑐂P,633,302,281,66,27.4,41771
13106030002,3,,䓌,󑐂Q,674,413,223,76,33.3,51225
131060310,2,,䓌,{,2012,1179,650,66.7,29.8,134119
13106031001,3,,䓌,{P,806,507,245,70.9,31.5,57121
13106031002,3,,䓌,{Q,1206,672,405,63.8,28.6,76998
131060320,2,,䓌,,1579,974,500,72.6,31.8,114575
13106032001,3,,䓌,˂P,485,262,190,77.5,34.6,37584
13106032002,3,,䓌,˂Q,1094,712,310,70.4,30.6,76991
131060330,2,,䓌,,1781,991,436,66.4,30.3,118339
13106033001,3,,䓌,P,841,540,222,74.9,32.8,63028
13106033002,3,,䓌,Q,940,451,214,58.8,27.8,55311
131060340,2,,䓌,,2431,1304,640,65.5,28.6,159117
13106034001,3,,䓌,P,1404,870,448,70.4,30.7,98803
13106034002,3,,䓌,Q,1027,434,192,58.7,25.8,60314
