KEY_CODE,HYOSYO,HTKSYU,CITYNAME,NAME,T000055001,T000055002,T000055003,T000055004,T000055005,T000055006
,,,,,ZɏZވʐ,,c؉,Pѓ艄ʐ,Pl艄ʐ,ʐ
13222,1,,vĎs,,45390,24971,10072,71.8,28.9,3257106
132220010,2,,vĎs,̌,1869,14,23,41.5,22.7,77600
13222001001,3,,vĎs,̌P,974,-,1,40,24.5,39002
13222001002,3,,vĎs,̌Q,895,14,22,43.1,21.1,38599
132220020,2,,vĎs,_,893,620,248,78.3,29.4,69932
13222002001,3,,vĎs,_󒬂P,515,366,137,78.6,29.4,40476
13222002002,3,,vĎs,_󒬂Q,378,254,111,77.9,29.3,29456
132220030,2,,vĎs,R,1219,757,390,77.2,30.3,94115
13222003001,3,,vĎs,RP,523,294,201,73.7,31.2,38559
13222003002,3,,vĎs,RQ,696,463,189,79.8,29.8,55556
132220040,2,,vĎs,X,1201,851,184,90,34.6,108065
13222004001,3,,vĎs,XP,412,258,79,84,32.8,34618
13222004002,3,,vĎs,XQ,789,593,105,93.1,35.6,73447
132220050,2,,vĎs,咬,1470,303,138,59.6,23.1,87598
13222005001,3,,vĎs,咬P,216,126,74,70.7,31.2,15280
13222005002,3,,vĎs,咬Q,1254,177,64,57.7,21.9,72318
132220060,2,,vĎs,{,1225,494,650,56,27.1,68654
132220070,2,,vĎs,V쒬,969,427,490,66.5,29.6,64464
13222007001,3,,vĎs,V쒬P,614,306,271,69,30.9,42384
13222007002,3,,vĎs,V쒬Q,355,121,219,62.2,27.4,22081
132220080,2,,vĎs,Ԓ,2463,1408,947,70.1,30,172704
13222008001,3,,vĎs,ԒP,501,345,148,76.5,31.1,38303
13222008002,3,,vĎs,ԒQ,729,469,193,73.6,27.1,53672
13222008003,3,,vĎs,ԒR,1233,594,606,65.5,31.8,80730
132220090,2,,vĎs,w,1151,870,248,90.1,35.2,103749
13222009001,3,,vĎs,wP,659,544,98,90.3,33.7,59534
13222009002,3,,vĎs,wQ,492,326,150,89.9,37.4,44214
132220100,2,,vĎs,Ђ΂肪ucn,564,-,-,49.3,25.6,27822
132220110,2,,vĎs,{,3007,1724,1083,67.4,29.2,202813
13222011001,3,,vĎs,{P,1037,534,396,65.7,29,68084
13222011002,3,,vĎs,{Q,691,323,319,62.8,29.4,43381
13222011003,3,,vĎs,{R,889,618,242,66.8,27.2,59347
13222011004,3,,vĎs,{S,390,249,126,82.1,34.4,32002
132220120,2,,vĎs,R,1899,1273,541,83.5,32.1,158525
13222012001,3,,vĎs,RP,401,299,92,77.5,33.3,31075
13222012002,3,,vĎs,RQ,254,115,124,73.6,31.8,18698
13222012003,3,,vĎs,RR,560,376,131,86.2,29.8,48294
13222012004,3,,vĎs,RS,222,190,27,99.3,36.5,22039
13222012005,3,,vĎs,RT,462,293,167,83.2,32.2,38418
132220130,2,,vĎs,K,1920,1201,488,77,30.7,147905
13222013001,3,,vĎs,KP,530,184,149,63.9,29.6,33861
13222013002,3,,vĎs,KQ,392,273,102,80,30.6,31379
13222013003,3,,vĎs,KR,667,488,170,80.3,31,53532
13222013004,3,,vĎs,KS,226,173,46,92.3,33.2,20857
13222013005,3,,vĎs,KT,105,83,21,78.8,28.7,8276
132220140,2,,vĎs,,2965,1796,803,78.7,29.9,233441
13222014001,3,,vĎs,P,907,418,294,71.2,28.1,64623
13222014002,3,,vĎs,Q,501,187,169,61.7,28.7,30927
13222014003,3,,vĎs,R,449,386,56,90.5,31.1,40646
13222014004,3,,vĎs,S,316,278,32,95.7,33.4,30227
13222014005,3,,vĎs,T,462,359,95,89.8,30.3,41469
13222014006,3,,vĎs,U,330,168,157,77.4,30.5,25549
132220150,2,,vĎs,,2562,1919,542,86.2,31.1,220960
13222015001,3,,vĎs,P,586,382,189,77.8,29.9,45591
13222015002,3,,vĎs,Q,277,192,78,89.6,33.2,24828
13222015003,3,,vĎs,R,453,330,118,90.7,32.9,41109
13222015004,3,,vĎs,S,329,244,75,86,29.4,28290
13222015005,3,,vĎs,T,917,771,82,88.5,30.9,81142
132220160,2,,vĎs,O,3444,1998,1133,76.1,29.9,262194
13222016001,3,,vĎs,OP,515,317,193,76.6,29.7,39453
13222016002,3,,vĎs,OQ,594,279,128,72.5,28.9,43067
13222016003,3,,vĎs,OR,687,481,178,78.4,29.1,53848
13222016004,3,,vĎs,OS,592,362,217,81.1,30.8,47990
13222016005,3,,vĎs,OT,1056,559,417,73.7,30.6,77837
132220170,2,,vĎs,쒬,1550,1068,167,77.2,27.9,119722
13222017001,3,,vĎs,쒬P,780,448,38,69.8,25.9,54467
13222017002,3,,vĎs,쒬Q,82,40,42,84.7,35.8,6941
13222017003,3,,vĎs,쒬R,292,236,43,77.9,26.5,22740
13222017004,3,,vĎs,쒬S,396,344,44,89.8,31.5,35575
132220180,2,,vĎs,R,4671,2926,580,66.2,28.2,309131
13222018001,3,,vĎs,RP,189,131,49,80.7,29.7,15259
13222018002,3,,vĎs,RQ,338,292,44,69.4,29.1,23453
13222018003,3,,vĎs,RR,550,485,58,80.7,33.3,44406
13222018004,3,,vĎs,RS,224,197,20,97.2,37.7,21778
13222018005,3,,vĎs,RT,526,387,92,96.8,35.5,50927
13222018006,3,,vĎs,RU,2314,1154,134,49.4,22.8,114408
13222018007,3,,vĎs,RV,530,280,183,73.4,30.7,38899
132220190,2,,vĎs,,4837,1608,590,61.1,25.1,295428
13222019001,3,,vĎs,P,467,292,83,85,28.2,39711
13222019002,3,,vĎs,Q,518,402,101,85.1,30.1,44058
13222019003,3,,vĎs,R,522,287,223,75.9,29.7,39599
13222019004,3,,vĎs,S,1845,8,1,40.3,20,74337
13222019005,3,,vĎs,T,364,260,97,83.5,28.9,30393
13222019006,3,,vĎs,U,263,212,34,85,27.6,22345
13222019007,3,,vĎs,V,858,147,51,52.4,22.5,44985
132220200,2,,vĎs,E,1727,1330,213,80.8,28.4,139502
13222020001,3,,vĎs,EP,201,130,8,84.6,28.1,16999
13222020002,3,,vĎs,EQ,915,792,101,78.5,27.6,71828
13222020003,3,,vĎs,ER,163,33,38,57.8,25.3,9421
13222020004,3,,vĎs,ES,324,269,49,87,29.8,28178
13222020005,3,,vĎs,ET,124,106,17,105.5,33.5,13076
132220210,2,,vĎs,Ύ~,1102,648,160,80,29.9,88154
13222021001,3,,vĎs,Ύ~P,89,83,4,64.6,23.8,5753
13222021002,3,,vĎs,Ύ~Q,467,344,61,89.7,33.3,41894
13222021003,3,,vĎs,Ύ~R,546,221,95,74.2,28.1,40507
132220220,2,,vĎs,,2173,1309,382,74.1,27.5,161099
13222022001,3,,vĎs,P,905,628,111,71.2,25.4,64436
13222022002,3,,vĎs,Q,835,373,155,68.9,26.8,57563
13222022003,3,,vĎs,R,433,308,116,90.3,33.2,39101
132220230,2,,vĎs,퐶,509,427,72,85.5,32.3,43529
13222023001,3,,vĎs,퐶P,393,322,63,83.4,31.7,32758
13222023002,3,,vĎs,퐶Q,116,105,9,92.8,34.5,10770
