KEY_CODE,HYOSYO,HTKSYU,CITYNAME,NAME,T000055001,T000055002,T000055003,T000055004,T000055005,T000055006
,,,,,ZɏZވʐ,,c؉,Pѓ艄ʐ,Pl艄ʐ,ʐ
13122,1,,,,175869,92400,57758,64.8,27.4,11388315
131220010,2,,,,9405,5189,3455,63.6,27.9,597726
13122001001,3,,,΂P,848,499,304,63.9,29.2,54218
13122001002,3,,,΂Q,1049,594,371,60.1,27.4,63090
13122001003,3,,,΂R,908,497,343,66.2,28.7,60111
13122001004,3,,,΂S,1128,664,411,67.5,29.5,76147
13122001005,3,,,΂T,1063,580,435,60.9,26.7,64778
13122001006,3,,,΂U,1383,638,452,61.6,26.4,85231
13122001007,3,,,΂V,891,482,378,68.4,30.4,60952
13122001008,3,,,΂W,2135,1235,761,62.4,27.2,133198
131220020,2,,,,4355,2865,1265,67.3,27.4,293083
13122002001,3,,,΂P,694,437,222,70.9,26.7,49202
13122002002,3,,,΂Q,869,486,345,65.2,27.7,56617
13122002003,3,,,΂R,939,662,249,74.1,30,69624
13122002004,3,,,΂S,1853,1280,449,63.5,26.1,117641
131220030,2,,,l,5004,3364,1350,69.3,28.2,346664
13122003001,3,,,l؂P,1149,802,325,70.6,29.3,81161
13122003002,3,,,l؂Q,781,585,172,67.5,27.7,52712
13122003003,3,,,l؂R,755,464,216,67.5,27.7,50972
13122003004,3,,,l؂S,1469,1007,407,73.4,28.7,107880
13122003005,3,,,l؂T,850,506,230,63.5,26.4,53939
131220040,2,,,l,5419,3265,1285,65.4,26.5,354412
13122004001,3,,,l؂P,924,607,254,62.2,26.1,57473
13122004002,3,,,l؂Q,1437,735,210,59.5,24.3,85540
13122004003,3,,,l؂R,1338,937,363,71.1,28.7,95066
13122004004,3,,,l؂S,1720,986,458,67.6,26.9,116332
131220050,2,,,,2921,1768,987,64.7,26.6,188959
13122005001,3,,,󒬂P,1174,556,544,63.7,25.6,74829
13122005002,3,,,󒬂Q,1747,1212,443,65.3,27.3,114131
131220060,2,,,x,11750,7009,4056,66.3,28.2,779561
13122006001,3,,,x؂P,1665,1070,554,68.1,27.1,113408
13122006002,3,,,x؂Q,2443,1585,790,65.7,28,160451
13122006003,3,,,x؂R,1301,805,435,67.8,29.9,88204
13122006004,3,,,x؂S,1624,1006,582,66.4,28.3,107899
13122006005,3,,,x؂T,1324,754,543,65.5,29.6,86665
13122006006,3,,,x؂U,1071,660,347,69.3,30.3,74215
13122006007,3,,,x؂V,1283,639,451,66.1,27.2,84856
13122006008,3,,,x؂W,1039,490,354,61.5,25.9,63863
131220070,2,,,x,3239,1561,924,64.4,26.3,208464
13122007001,3,,,x؂P,1129,590,330,62.6,27,70623
13122007002,3,,,x؂Q,1287,578,346,64.1,25.4,82446
13122007003,3,,,x؂R,823,393,248,67.3,26.6,55395
131220080,2,,,,4464,1827,1789,57.3,25.9,255678
13122008001,3,,,P,1296,479,260,56.9,23.9,73803
13122008002,3,,,Q,1155,643,443,65.9,28.5,76080
13122008003,3,,,R,817,377,339,60.6,26.5,49549
13122008004,3,,,S,1196,328,747,47,25.1,56247
131220090,2,,,Ԓ,2814,1274,1200,63.4,28.5,178405
13122009001,3,,,ԒP,1066,475,530,58.9,30,62747
13122009002,3,,,ԒQ,705,304,378,63.8,28.9,45005
13122009003,3,,,ԒR,1043,495,292,67.7,27,70653
131220100,2,,,,4665,2637,1191,61.4,24.7,286459
13122010001,3,,,P,434,191,98,68,26.6,29497
13122010002,3,,,Q,1132,782,323,63,25.2,71280
13122010003,3,,,R,1361,612,411,63.8,25.6,86772
13122010004,3,,,S,1738,1052,359,56.9,23.2,98910
131220110,2,,,TL,9931,4196,3700,61.6,27.5,611881
13122011001,3,,,TLP,1773,496,293,60.6,26.2,107523
13122011002,3,,,TLQ,2573,1195,972,61.8,27.4,159101
13122011003,3,,,TLR,1994,883,1048,62.2,28.8,124022
13122011004,3,,,TLS,1698,624,644,58.7,26.1,99699
13122011005,3,,,TLT,1893,998,743,64.2,29.2,121536
131220120,2,,,TL,5673,2236,2181,61.2,25.6,347127
13122012001,3,,,TLP,970,469,314,62.4,23.6,60545
13122012002,3,,,TLQ,2083,596,717,58.1,25.5,121058
13122012003,3,,,TLR,1561,655,705,62.2,25.6,97158
13122012004,3,,,TLS,1059,516,445,64.6,28,68367
131220130,2,,,,10081,4598,3165,60.8,27.3,612530
13122013001,3,,,˂P,745,325,380,63.9,32.2,47629
13122013002,3,,,˂Q,625,305,306,59.7,28.4,37289
13122013003,3,,,˂R,2662,537,437,54.6,25.6,145253
13122013004,3,,,˂S,1159,508,323,57.8,26.3,66986
13122013005,3,,,˂T,1145,619,486,63.8,28,72998
13122013006,3,,,˂U,1270,770,474,66.7,29.4,84700
13122013007,3,,,˂V,1404,930,410,66.3,26.7,93107
13122013008,3,,,˂W,1071,604,349,60.3,26.5,64568
131220140,2,,,V,7264,3180,3609,54.7,28.4,397055
13122014001,3,,,VP,1716,785,837,53.6,29.2,92045
13122014002,3,,,VQ,1914,787,992,51.2,28,97902
13122014003,3,,,VR,1811,775,860,56.6,28.4,102446
13122014004,3,,,VS,1823,833,920,57.4,28.2,104663
131220150,2,,,V,10185,4947,3825,60.7,27.1,617844
13122015001,3,,,VP,1379,906,364,63.9,30.4,88187
13122015002,3,,,VQ,941,479,230,61.4,25.4,57737
13122015003,3,,,VR,1278,368,323,55.8,27.3,71350
13122015004,3,,,VS,1025,531,447,61.9,26.2,63465
13122015005,3,,,VT,1524,691,756,58.7,28.3,89484
13122015006,3,,,VU,1412,604,540,59.8,26.3,84388
13122015007,3,,,VV,1370,721,596,62.9,27.4,86182
13122015008,3,,,VW,1256,647,569,61.3,24.9,77052
131220160,2,,,V,6893,3104,1969,61.4,26.6,423011
13122016001,3,,,VP,1124,67,182,51.4,23.6,57784
13122016002,3,,,VQ,376,-,-,59.4,24.6,22343
13122016003,3,,,VR,1555,889,300,63.6,26.4,98961
13122016004,3,,,VS,2427,1258,1026,60,27.5,145586
13122016005,3,,,VT,1411,890,461,69.7,28.4,98337
131220170,2,,,,7639,4657,2163,66.4,26.1,507492
13122017001,3,,,˂P,792,497,167,67.5,25.1,53477
13122017002,3,,,˂Q,1925,1392,372,67.5,26.3,129904
13122017003,3,,,˂R,1103,635,368,64.4,25.5,71061
13122017004,3,,,˂S,750,421,279,67.5,26.1,50589
13122017005,3,,,˂T,814,301,214,55.2,23.9,44942
13122017006,3,,,˂U,642,408,216,71.8,28,46105
13122017007,3,,,˂V,612,450,146,72.5,26,44396
13122017008,3,,,˂W,487,312,156,73.8,27.9,35923
13122017009,3,,,˂X,514,241,245,60.5,27.5,31095
131220180,2,,,,8520,3998,2860,63.3,27.7,539266
13122018001,3,,,P,878,486,225,65.4,26.9,57407
13122018002,3,,,Q,1210,572,583,63.7,28.2,77047
13122018003,3,,,R,1625,851,646,62.4,27.2,101429
13122018004,3,,,S,1247,60,36,49.8,23.8,62093
13122018005,3,,,T,1052,632,390,69.5,30.6,73078
13122018006,3,,,U,578,350,195,74.7,30.2,43190
13122018007,3,,,V,988,423,502,59,25.9,58340
13122018008,3,,,W,942,624,283,70.8,30.2,66682
131220190,2,,,q,4947,2972,1505,67.4,27.6,333243
13122019001,3,,,qP,1141,524,467,63.1,27.2,72001
13122019002,3,,,qQ,958,530,260,63.7,26.3,61049
13122019003,3,,,qR,1818,1238,469,69,27.4,125460
13122019004,3,,,qS,1030,680,309,72.6,29.7,74733
131220200,2,,,דc,4097,2301,1584,68.9,27.4,282119
13122020001,3,,,דcP,676,430,230,72.8,27.7,49219
13122020002,3,,,דcQ,108,50,9,76.6,29.7,8276
13122020003,3,,,דcR,949,677,243,76.7,27.9,72780
13122020004,3,,,דcS,1281,621,584,65.7,26.1,84152
13122020005,3,,,דcT,1083,523,518,62.5,28.2,67692
131220210,2,,,Ė,9305,5155,2943,68.2,27.8,634717
13122021001,3,,,ĖP,1839,1057,637,65.4,28.3,120291
13122021002,3,,,ĖQ,1107,714,191,69.3,27,76738
13122021003,3,,,ĖR,1495,678,515,60.9,24.8,91111
13122021004,3,,,ĖS,1749,996,567,70.8,29.5,123876
13122021005,3,,,ĖT,1291,673,480,70.4,27.6,90851
13122021006,3,,,ĖU,1281,689,408,68.7,27.5,87983
13122021007,3,,,ĖV,543,348,145,80.8,31,43869
131220220,2,,,Vh,4401,2478,1006,68.2,27.6,300257
13122022001,3,,,VhP,963,545,247,65.2,26.2,62767
13122022002,3,,,VhQ,716,512,195,81.8,32.2,58565
13122022003,3,,,VhR,561,378,168,71.4,26.2,40068
13122022004,3,,,VhS,754,240,166,60.1,26,45319
13122022005,3,,,VhT,945,655,213,71,28.6,67139
13122022006,3,,,VhU,462,148,17,57.1,25.4,26399
131220230,2,@,,,6877,3911,2238,67.3,29.8,462679
13122023001,3,,,P,960,629,152,63.7,26.8,61149
13122023002,3,,,Q,1294,725,524,64.2,27.9,83089
13122023003,3,,,R,1768,1005,637,72.6,33.5,128306
13122023004,3,,,S,988,511,280,70.7,29.6,69816
13122023005,3,,,T,1251,608,487,64.8,29.7,81019
13122023006,3,@,,U,616,433,158,63.8,29.4,39300
131220240,2,*,,򐅏,,,,,,
131220250,2,,,,9251,3758,3088,64.2,28.6,594080
13122025001,3,,,P,1958,320,318,49.6,26.2,97203
13122025002,3,,,Q,1611,320,564,58.8,26.7,94686
13122025003,3,,,R,1300,629,637,65,31.5,84547
13122025004,3,,,S,1144,577,415,73.1,31.4,83637
13122025005,3,,,T,1431,729,583,68.8,27.7,98391
13122025006,3,,,U,980,698,265,72.1,29.4,70634
13122025007,3,,,V,632,363,235,76.5,28.8,48317
13122025008,3,,,W,195,122,71,85.5,32.7,16665
131220260,2,,,,4328,2962,1220,74.2,26.5,321003
13122026001,3,,,P,822,615,157,77.1,26.4,63335
13122026002,3,,,Q,956,685,246,70.1,25.5,67048
13122026003,3,,,R,1033,790,220,74.4,27.2,76840
13122026004,3,,,S,988,540,412,74.1,26,73194
13122026005,3,,,T,529,332,185,76.7,27.8,40585
131220270,2,,,,-,-,-,-,-,-
131220280,2,,,,3137,1794,1281,76.1,27.9,238688
13122028001,3,,,P,754,457,281,70.1,27.1,52833
13122028002,3,,,Q,866,356,488,70,27.7,60657
13122028003,3,,,R,477,300,169,80.2,29.2,38252
13122028004,3,,,S,294,183,103,90.4,30.6,26583
13122028005,3,,,T,623,408,210,79,26.2,49189
13122028006,3,,,U,123,90,30,90.8,30.9,11174
131220290,2,,,쐅,5368,2856,933,70,27.2,375501
13122029001,3,,,쐅P,1634,580,286,63.9,25.4,104490
13122029002,3,,,쐅Q,964,703,234,77.4,28.1,74618
13122029003,3,,,쐅R,1445,680,1,67.8,26.5,97960
13122029004,3,,,쐅S,1325,893,412,74.3,29.2,98433
131220300,2,,,,3936,2538,986,76.3,26.5,300411
13122030001,3,,,P,622,460,149,83.6,29.9,51994
13122030002,3,,,Q,809,563,186,76.1,25.7,61569
13122030003,3,,,R,991,671,303,78.1,26.2,77392
13122030004,3,,,S,399,281,111,76.9,26.6,30672
13122030005,3,,,T,586,187,94,66,24.3,38681
13122030006,3,,,U,529,376,143,75.8,26.6,40103
