KEY_CODE,HYOSYO,HTKSYU,CITYNAME,NAME,T000055001,T000055002,T000055003,T000055004,T000055005,T000055006
,,,,,ZɏZވʐ,,c؉,Pѓ艄ʐ,Pl艄ʐ,ʐ
13210,1,,s,,50461,23897,20802,66.7,31.2,3365742
132100010,2,,s,,7618,3141,3745,64.5,32.2,491131
13210001001,3,,s,P,1388,781,509,77,34.3,106840
13210001002,3,,s,Q,1369,709,455,73.6,33.1,100709
13210001003,3,,s,R,893,309,467,59.6,30.7,53199
13210001004,3,,s,S,2898,716,1915,50.8,29.4,147110
13210001005,3,,s,T,1070,626,399,77.8,35.5,83274
132100020,2,,s,쒬,4258,1632,2205,62.3,30,265090
13210002001,3,,s,쒬P,387,154,199,63.2,31.8,24467
13210002002,3,,s,쒬Q,1156,478,637,60.7,30.3,70145
13210002003,3,,s,쒬R,1004,395,398,68.9,29.9,69174
13210002004,3,,s,쒬S,944,407,444,63.6,28.7,60049
13210002005,3,,s,쒬T,767,198,527,53.8,30.6,41255
132100030,2,,s,֖쒬,524,154,348,66.5,30,34845
13210003001,3,,s,֖쒬P,252,78,163,70.6,30.9,17796
13210003002,3,,s,֖쒬Q,272,76,185,62.7,29.1,17049
132100040,2,,s,Β,6620,2923,2772,64.8,29.1,428707
13210004001,3,,s,ΒP,696,224,430,57.8,27.6,40230
13210004002,3,,s,ΒQ,1425,685,580,68.5,27.9,97545
13210004003,3,,s,ΒR,1048,464,319,71.8,30.8,75265
13210004004,3,,s,ΒS,1073,482,296,74.1,32.3,79553
13210004005,3,,s,ΒT,2378,1068,1147,57.2,27.9,136113
132100050,2,,s,,5100,2352,2130,68,31.1,347027
13210005001,3,,s,P,867,512,318,79.5,34.3,68928
13210005002,3,,s,Q,1716,660,786,62.7,29.2,107545
13210005003,3,,s,R,1650,714,665,65.7,29.2,108353
13210005004,3,,s,S,867,466,361,71.7,35.2,62203
132100060,2,,s,O,5985,3539,2043,74.8,32.8,447680
13210006001,3,,s,OP,585,414,156,86.3,33.6,50493
13210006002,3,,s,OQ,741,499,209,82.4,34.9,61056
13210006003,3,,s,OR,2075,986,846,67.6,32.9,140355
13210006004,3,,s,OS,1608,1038,502,76.2,32,122453
13210006005,3,,s,OT,976,602,330,75.1,31.9,73323
132100070,2,,s,{,9435,4262,3764,59.9,30.6,565072
13210007001,3,,s,{P,1737,961,662,61.4,30.5,106666
13210007002,3,,s,{Q,1700,745,834,55.2,29.8,93887
13210007003,3,,s,{R,886,420,428,67.9,35.3,60188
13210007004,3,,s,{S,1820,582,383,55.6,27.6,101180
13210007005,3,,s,{T,2346,1047,1051,63.7,31.6,149437
13210007006,3,,s,{U,946,507,406,56.8,31.2,53716
132100080,2,,s,,1862,1035,678,69.6,31.6,129645
13210008001,3,,s,P,1007,608,335,72.5,33.2,73031
13210008002,3,,s,Q,657,339,241,66,29.5,43361
13210008003,3,,s,R,198,88,102,66.9,30.9,13253
132100090,2,,s,шk,4059,1920,1643,69.6,32.4,282545
13210009001,3,,s,шkP,819,401,379,69.5,33.2,56928
13210009002,3,,s,шkQ,903,382,455,63.7,32.1,57563
13210009003,3,,s,шkR,1340,556,528,67.7,30.4,90777
13210009004,3,,s,шkS,77,6,13,49.1,27.8,3779
13210009005,3,,s,шkT,920,575,268,79.9,35,73499
132100100,2,,s,ш쒬,5000,2939,1474,74.8,31.6,374000
13210010001,3,,s,ш쒬P,960,595,328,76.9,31.1,73859
13210010002,3,,s,ш쒬Q,726,483,199,78,30.5,56628
13210010003,3,,s,ш쒬R,845,467,325,74.2,34.3,62661
13210010004,3,,s,ш쒬S,1379,872,446,79.7,33.2,109962
13210010005,3,,s,ш쒬T,1090,522,176,65,28.7,70890
