KEY_CODE,HYOSYO,HTKSYU,CITYNAME,NAME,T000055001,T000055002,T000055003,T000055004,T000055005,T000055006
,,,,,ZɏZވʐ,,c؉,Pѓ艄ʐ,Pl艄ʐ,ʐ
13211,1,,s,,75947,35254,27177,66.6,28.7,5059922
132110010,2,,s,,872,355,254,64.8,29.9,56546
132110020,2,,s,㐅V,1863,1278,481,79.1,31.8,147274
13211002001,3,,s,㐅VP,588,442,99,82.7,29.4,48645
13211002002,3,,s,㐅VQ,571,409,147,79.5,33.1,45404
13211002003,3,,s,㐅VR,704,427,235,75.6,33.3,53225
132110030,2,,s,̑,1007,598,315,70.6,31.2,71097
132110040,2,,s,쒬,9447,4355,4469,64.7,28.7,611619
13211004010,3,,s,쒬P,1490,644,661,65,28.1,96921
13211004011,3,,s,쒬P,1503,972,454,73.9,29.1,111132
13211004012,3,,s,쒬P,622,241,349,64.7,30.2,40226
13211004013,3,,s,쒬P,2289,1101,1068,63.3,28.6,144851
13211004014,3,,s,쒬P,1054,553,473,68.5,30.8,72152
13211004020,3,,s,쒬Q,845,244,557,56.8,26.9,47967
13211004021,3,,s,쒬Q,1644,600,907,59.8,28,98371
132110050,2,,s,h,1266,780,430,69.7,27.6,88213
13211005001,3,,s,hP,362,171,174,55.3,25.8,20009
13211005002,3,,s,hQ,547,345,172,71.3,26.3,39017
13211005003,3,,s,hR,357,264,84,81.8,31,29187
132110060,2,,s,쐼,3663,1328,991,64.9,28,237669
13211006001,3,,s,쐼P,445,178,76,72.3,29.9,32170
13211006002,3,,s,쐼Q,672,61,49,60.8,23.6,40841
13211006003,3,,s,쐼R,565,349,200,69.5,32.1,39252
13211006004,3,,s,쐼S,820,239,386,55.4,28.1,45452
13211006005,3,,s,쐼T,1161,501,280,68.9,28,79953
132110081,2,,s,쓌,707,402,194,69.6,29.9,49187
132110082,2,,s,쓌,3915,1108,1139,55.4,24.6,217031
13211008201,3,,s,쓌P,1221,545,596,63,28.8,76878
13211008202,3,,s,쓌Q,609,199,14,59.5,25.2,36213
13211008203,3,,s,쓌R,497,-,-,47,16.5,23340
13211008204,3,,s,쓌S,666,21,31,42.8,24,28483
13211008205,3,,s,쓌T,922,343,498,56.5,24.9,52118
132110090,2,,s,㐅{,3733,2072,1194,69.2,29.2,258258
13211009001,3,,s,㐅{P,794,432,311,66.7,30.5,52943
13211009002,3,,s,㐅{Q,535,271,255,67.4,32.5,36061
13211009003,3,,s,㐅{R,367,267,77,74.9,26.4,27497
13211009004,3,,s,㐅{S,573,281,180,67.2,29.4,38533
13211009005,3,,s,㐅{T,535,108,195,56.4,25.3,30178
13211009006,3,,s,㐅{U,929,713,176,78.6,29.7,73046
132110100,2,,s,㐅쒬,2962,1760,893,75.1,31,222461
13211010001,3,,s,㐅쒬P,723,445,150,76.1,30.1,54992
13211010002,3,,s,㐅쒬Q,1035,565,408,73.9,33.2,76471
13211010003,3,,s,㐅쒬R,823,493,235,76.9,29.7,63319
13211010004,3,,s,㐅쒬S,381,257,100,72.6,30.7,27680
132110110,2,,s,약,2669,222,363,50.1,23.4,133709
13211011001,3,,s,약P,781,222,363,60.1,26.7,46969
13211011002,3,,s,약Q,159,-,-,43.5,23.7,6919
13211011003,3,,s,약R,1729,-,-,46.2,21.8,79821
132110120,2,,s,Óc,2310,941,589,68.1,30.2,157242
13211012001,3,,s,ÓcP,560,268,221,66.3,32.3,37137
13211012002,3,,s,ÓcQ,589,376,181,76.1,33.4,44827
13211012003,3,,s,ÓcR,1161,297,187,64.8,27.8,75278
132110130,2,,s,w,5115,2592,2107,64.8,31.2,331276
13211013001,3,,s,wP,1986,947,833,60.5,29.8,120096
13211013002,3,,s,wQ,1893,1020,743,68.1,32.6,128882
13211013003,3,,s,wR,1236,625,531,66.6,31.3,82299
132110151,2,,s,w,875,496,250,76.8,30.4,67170
132110152,2,,s,w,3761,1633,1916,62.5,30.3,234972
13211015201,3,,s,wP,1384,598,707,60.1,30.3,83206
13211015202,3,,s,wQ,1414,583,741,63,29.8,89139
13211015203,3,,s,wR,963,452,468,65,31,62627
132110160,2,,s,,3958,1936,1795,69.2,30.1,273726
13211016000,3,,s,,2545,1137,1246,64.8,29.5,164991
13211016001,3,,s,,1413,799,549,77,31,108735
132110170,2,,s,,2494,809,1151,59.1,29.2,147313
13211017001,3,,s,P,1322,293,549,54.9,27.4,72621
13211017002,3,,s,Q,567,172,368,54,28.5,30632
13211017003,3,,s,R,605,344,234,72.8,33.3,44060
132110180,2,,s,c,1765,983,665,70,27.1,123575
132110190,2,,s,K,972,531,373,69.1,28.4,67172
132110200,2,,s,ؒ,5535,3268,1514,72.9,28,403651
13211020010,3,,s,ؒP,537,278,241,75.4,30.7,40467
13211020011,3,,s,ؒP,597,468,98,89.2,31.8,53236
13211020012,3,,s,ؒP,2206,1491,387,70,25.3,154332
13211020020,3,,s,ؒQ,1356,576,561,65,28.3,88094
13211020021,3,,s,ؒQ,839,455,227,80.5,30.7,67522
132110210,2,,s,V_,2509,1406,817,70.3,27.6,176279
13211021001,3,,s,V_P,1795,1137,598,71.4,28.2,128082
13211021002,3,,s,V_Q,714,269,219,67.5,26.1,48197
132110220,2,,s,,3713,1693,774,73,27.2,271228
13211022001,3,,s,P,2033,559,360,67.1,25.3,136325
13211022002,3,,s,Q,1680,1134,414,80.3,29.5,134902
132110230,2,,s,ԏ쒬,4232,1691,1895,60.2,27.6,254858
13211023001,3,,s,ԏ쒬P,1928,517,929,53.1,24.2,102402
13211023002,3,,s,ԏ쒬Q,1057,425,541,58.1,29.5,61444
13211023003,3,,s,ԏ쒬R,1247,749,425,73,31.3,91012
132110241,2,,s,ԏ,5991,2752,2444,69.3,30.3,415316
13211024101,3,,s,ԏP,1021,439,515,60.5,30.8,61762
13211024102,3,,s,ԏQ,1120,411,540,65.7,28.8,73599
13211024103,3,,s,ԏR,756,505,205,83.6,32.7,63186
13211024104,3,,s,ԏS,930,405,284,68.7,27.8,63930
13211024105,3,,s,ԏT,1314,686,506,76.3,32.7,100240
13211024106,3,,s,ԏU,850,306,394,61.9,28.5,52598
132110242,2,,s,ԏ,613,265,164,70.3,27.3,43082
13211024205,3,,s,ԏT,265,128,44,81.5,28.5,21584
13211024206,3,,s,ԏU,348,137,120,61.8,26.3,21498
