KEY_CODE,HYOSYO,HTKSYU,CITYNAME,NAME,T000055001,T000055002,T000055003,T000055004,T000055005,T000055006
,,,,,ZɏZވʐ,,c؉,Pѓ艄ʐ,Pl艄ʐ,ʐ
13213,1,,Rs,,57539,32158,15150,70.7,29.2,4070675
132130010,2,,Rs,{,5234,1554,1775,57.2,27.4,299318
13213001001,3,,Rs,{P,1179,530,596,52.4,26.6,61751
13213001002,3,,Rs,{Q,1261,490,708,55.2,27.8,69669
13213001003,3,,Rs,{R,620,359,221,66.4,28.8,41141
13213001004,3,,Rs,{S,2174,175,250,58.3,27.2,126757
132130020,2,,Rs,vĐ쒬,5175,3428,1431,77.8,29.3,402694
13213002001,3,,Rs,vĐ쒬P,1179,852,133,77.9,26.7,91875
13213002002,3,,Rs,vĐ쒬Q,1072,851,206,86.5,29.6,92708
13213002003,3,,Rs,vĐ쒬R,985,582,356,71.6,29.1,70526
13213002004,3,,Rs,vĐ쒬S,1222,610,582,72.5,31.2,88620
13213002005,3,,Rs,vĐ쒬T,717,533,154,82.2,31,58965
132130030,2,,Rs,HÒ,6121,3821,2007,74.9,29.6,458753
13213003001,3,,Rs,HÒP,801,399,304,72.8,28.7,58275
13213003002,3,,Rs,HÒQ,773,495,259,75.9,27.4,58657
13213003003,3,,Rs,HÒR,1340,999,320,82.8,31.1,110998
13213003004,3,,Rs,HÒS,1457,1023,397,77.9,29.5,113544
13213003005,3,,Rs,HÒT,1750,905,727,67,30,117280
132130040,2,,Rs,t,3805,2990,540,79.8,30.6,303498
13213004001,3,,Rs,tP,641,452,113,79.6,30,51037
13213004002,3,,Rs,tQ,1676,1434,212,80,30.3,134146
13213004003,3,,Rs,tR,1386,1068,214,81.3,31.5,112615
13213004004,3,,Rs,tS,102,36,1,55.9,28.2,5700
132130050,2,,Rs,,5112,3592,1040,79.6,29.7,407088
13213005001,3,,Rs,P,974,801,160,84.4,29.5,82163
13213005002,3,,Rs,Q,1341,954,254,76.9,29.5,103080
13213005003,3,,Rs,R,886,510,326,78.3,31.4,69354
13213005004,3,,Rs,S,618,475,132,82.9,30.3,51203
13213005005,3,,Rs,T,1293,852,168,78.3,28.7,101288
132130060,2,,Rs,R,6209,2821,1568,62.7,29.2,389304
13213006001,3,,Rs,RP,1589,796,625,65.7,32.5,104400
13213006002,3,,Rs,RQ,1565,744,273,61.8,27.8,96658
13213006003,3,,Rs,RR,1479,564,374,63.3,28.2,93585
13213006004,3,,Rs,RS,721,436,258,76.4,34.7,55117
13213006005,3,,Rs,RT,855,281,38,46.3,22.7,39544
132130070,2,,Rs,h,6491,3082,2801,58,28.6,376784
13213007001,3,,Rs,hP,2100,1329,644,65.3,29.6,137208
13213007002,3,,Rs,hQ,2271,900,1172,53,28.5,120314
13213007003,3,,Rs,hR,2120,853,985,56.3,27.8,119261
132130080,2,,Rs,xm,5578,3223,619,71.9,27.5,400863
13213008001,3,,Rs,xmP,2291,947,120,64.4,23.3,147581
13213008002,3,,Rs,xmQ,926,512,124,69.3,29,64194
13213008003,3,,Rs,xmR,1218,1040,150,85.6,31.8,104218
13213008004,3,,Rs,xmS,449,365,67,90,34.2,40410
13213008005,3,,Rs,xmT,694,359,158,64.1,28.7,44461
132130090,2,,Rs,Z,3731,1567,509,64.6,27.1,240986
13213009001,3,,Rs,ZP,2756,994,228,63.5,26.7,174911
13213009002,3,,Rs,ZQ,975,573,281,67.8,28.1,66075
132130100,2,,Rs,c,2373,1411,761,77.2,28.9,183195
13213010001,3,,Rs,cP,616,356,233,74.9,27.8,46146
13213010002,3,,Rs,cQ,479,291,164,77.6,28.8,37189
13213010003,3,,Rs,cR,631,307,242,73.7,29.2,46506
13213010004,3,,Rs,cS,647,457,122,82.5,29.8,53354
132130110,2,,Rs,Β,2046,1421,259,88.5,33.3,181147
13213011001,3,,Rs,ΒP,607,307,62,74.2,28,45060
13213011002,3,,Rs,ΒQ,360,319,38,96.5,33.4,34738
13213011003,3,,Rs,ΒR,379,328,46,103.2,38.4,39108
13213011004,3,,Rs,ΒS,700,467,113,88.9,35.1,62241
132130120,2,,Rs,zK,1951,1254,398,82,32.6,159892
13213012001,3,,Rs,zKP,1193,621,288,75,32.2,89484
13213012002,3,,Rs,zKQ,606,537,62,95.2,33.4,57691
13213012003,3,,Rs,zKR,152,96,48,83.7,32.2,12718
132130130,2,,Rs,,3713,1994,1442,72,29.7,267155
13213013001,3,,Rs,P,1160,545,579,62.4,28.7,72330
13213013002,3,,Rs,Q,1118,517,410,70.5,28,78864
13213013003,3,,Rs,R,830,527,265,80.7,31.5,67003
13213013004,3,,Rs,S,605,405,188,80.9,31.7,48959
