KEY_CODE,HYOSYO,HTKSYU,CITYNAME,NAME,T000055001,T000055002,T000055003,T000055004,T000055005,T000055006
,,,,,ZɏZވʐ,,c؉,Pѓ艄ʐ,Pl艄ʐ,ʐ
11231,1,,s,,26047,19311,5492,92.4,33,2406972
112310010,2,,s,,792,506,271,84.3,35.3,66767
11231001001,3,,s,P,375,239,126,83.9,36.3,31456
11231001002,3,,s,Q,417,267,145,84.7,34.5,35311
112310020,2,,s,,938,713,207,88,32.3,82508
11231002001,3,,s,P,193,150,37,106.6,40.9,20574
11231002002,3,,s,Q,745,563,170,83.1,30.1,61934
112310030,2,,s,,640,340,289,74.5,32.8,47654
11231003001,3,,s,P,242,140,95,74.8,34.3,18101
11231003002,3,,s,Q,398,200,194,74.3,31.9,29553
112310040,2,,s,k,1261,834,394,85.9,32.6,108321
11231004001,3,,s,kP,667,532,126,92.4,34.7,61654
11231004002,3,,s,kQ,594,302,268,78.6,30.2,46667
112310050,2,,s,,840,521,298,83.6,34.3,70218
11231005001,3,,s,P,296,181,105,87,36.2,25762
11231005002,3,,s,Q,544,340,193,81.7,33.3,44457
112310060,2,,s,_,426,314,103,93.3,35.7,39731
11231006001,3,,s,_P,247,190,51,94.9,39.8,23436
11231006002,3,,s,_Q,179,124,52,91,31.1,16295
112310070,2,,s,L,1582,1068,467,83.9,30.6,132690
11231007001,3,,s,LP,292,157,131,77.9,30.5,22756
11231007002,3,,s,LQ,581,408,151,82.5,30.6,47913
11231007003,3,,s,LR,709,503,185,87.5,30.7,62021
112310080,2,,s,,1676,1239,364,85.3,33.1,142925
11231008001,3,,s,P,761,473,258,87.6,34.8,66631
11231008002,3,,s,Q,915,766,106,83.4,31.7,76294
112310090,2,,s,{,1918,898,425,76,29.7,145711
11231009001,3,,s,{P,1237,560,122,73.7,28.7,91169
11231009002,3,,s,{Q,681,338,303,80.1,31.4,54542
112310100,2,,s,,1221,851,339,90.2,35.1,110150
11231010001,3,,s,P,1018,730,266,89.6,34.4,91261
11231010002,3,,s,Q,203,121,73,93.1,38.7,18890
112310110,2,,s,,1567,1068,467,85.1,30.9,133336
11231011001,3,,s,P,520,331,182,80.8,29.7,42018
11231011002,3,,s,Q,520,301,201,80.5,29.3,41875
11231011003,3,,s,R,527,436,84,93.8,33.7,49442
112310120,2,,s,厚oJ,3028,2337,543,91.8,31.1,278058
112310130,2,,s,厚oJ,2486,2023,428,94.6,32.7,235188
112310140,2,,s,厚c,3128,2488,601,95.4,33.6,298441
112310150,2,,s,厚[,1502,1315,158,106.9,35,160582
112310160,2,,s,厚,39,39,-,137.2,36.4,5352
112310170,2,,s,厚ܒ,58,56,2,144.2,41.8,8361
112310180,2,,s,厚ɐlVc,44,43,1,118.3,33.8,5207
112310190,2,,s,厚j̉,238,236,-,126.6,37.4,30130
112310200,2,,s,厚qc,538,449,40,99.1,32.8,53307
112310210,2,,s,厚cJ,2125,1973,95,118.7,36.5,252334
112310220,2,,s,Ԗx,-,-,-,-,-,-
11231022001,3,,s,ԖxP,-,-,-,-,-,-
11231022002,3,,s,ԖxQ,-,-,-,-,-,-
