KEY_CODE,HYOSYO,HTKSYU,CITYNAME,NAME,T000055001,T000055002,T000055003,T000055004,T000055005,T000055006
,,,,,ZɏZވʐ,,c؉,Pѓ艄ʐ,Pl艄ʐ,ʐ
11214,1,,ts,,86187,59867,17711,84.3,30.9,7267831
112140010,2,,ts,,1348,904,327,85.6,32.9,115412
112140020,2,,ts,,789,592,172,88.2,34.2,69561
11214002001,3,,ts,ǂP,186,121,54,86.2,33,16037
11214002002,3,,ts,ǂQ,179,136,39,88.7,37.2,15877
11214002003,3,,ts,ǂR,306,246,50,87.9,32.8,26883
11214002004,3,,ts,ǂS,118,89,29,91.2,35.9,10764
112140030,2,,ts,,3921,2150,1550,70.5,30,276532
11214003001,3,,ts,P,885,344,498,54.7,29.2,48451
11214003002,3,,ts,Q,679,363,253,73.6,30.8,49966
11214003003,3,,ts,R,732,486,212,76.3,28.7,55835
11214003004,3,,ts,S,198,146,47,85.1,33.4,16854
11214003005,3,,ts,T,480,268,198,68.2,30,32729
11214003006,3,,ts,U,237,105,124,66.8,29.7,15840
11214003007,3,,ts,V,387,216,129,74.2,29,28734
11214003008,3,,ts,W,323,222,89,87.1,32.6,28123
112140040,2,,ts,l,423,236,176,81.1,32.3,34326
11214004001,3,,ts,l˂P,241,155,80,90.3,32.9,21756
11214004002,3,,ts,l˂Q,182,81,96,69.1,31.3,12571
112140050,2,,ts,Ǔ,3583,2771,660,83.2,31.7,298267
11214005001,3,,ts,ǓP,708,562,123,82.7,34.1,58532
11214005002,3,,ts,ǓQ,422,333,59,84.8,33.2,35775
11214005003,3,,ts,ǓR,653,464,170,78,30.8,50907
11214005004,3,,ts,ǓS,586,447,118,90.6,32.6,53113
11214005005,3,,ts,ǓT,661,564,56,84.1,30,55597
11214005006,3,,ts,ǓU,553,401,134,80.2,29.8,44343
112140060,2,,ts,Β,3808,2861,772,80.3,29.1,305616
11214006001,3,,ts,ΒP,509,433,69,83.5,29.5,42483
11214006002,3,,ts,ΒQ,717,620,91,86.8,29.8,62267
11214006003,3,,ts,ΒR,555,451,89,88.2,30.9,48941
11214006004,3,,ts,ΒS,628,417,90,80.8,27.8,50747
11214006005,3,,ts,ΒT,167,133,31,89.6,32.4,14958
11214006006,3,,ts,ΒU,1232,807,402,70,27.9,86220
112140070,2,,ts,,3451,2384,915,80,30.2,276098
11214007001,3,,ts,P,510,333,155,79.4,30.8,40480
11214007002,3,,ts,Q,460,357,93,90.5,30.2,41621
11214007003,3,,ts,R,942,696,180,79.1,29.9,74477
11214007004,3,,ts,S,1111,736,333,75.2,29.8,83498
11214007005,3,,ts,T,428,262,154,84.2,31.1,36023
112140080,2,@,ts,؍蒬,163,66,96,64.7,30.9,10548
112140090,2,*,ts,~c,,,,,,
112140100,2,,ts,~c,935,519,381,74.4,30.6,69594
11214010001,3,,ts,~cP,453,305,133,74.4,29.8,33714
11214010002,3,,ts,~cQ,250,80,157,67.7,29.9,16921
11214010003,3,,ts,~cR,232,134,91,81.7,32.6,18959
112140110,2,,ts,q,1292,1082,117,102.8,32.2,132754
112140120,2,,ts,h,15,9,-,101.3,33,1520
112140130,2,,ts,h,1888,1215,642,84.6,31.6,159816
11214013001,3,,ts,hP,836,545,270,85,31.8,71075
11214013002,3,,ts,hQ,483,264,214,78.7,30.4,38005
11214013003,3,,ts,hR,569,406,158,89.2,32.3,50735
112140140,2,,ts,,1420,1064,320,94.2,34.2,133743
112140150,2,,ts,,3319,2318,670,82.9,29.9,275294
112140160,2,,ts,s@,310,297,4,115.8,34.4,35899
112140170,2,,ts,U,369,335,30,102.1,32.2,37664
112140180,2,,ts,,1612,1146,425,90.2,32,145348
112140190,2,,ts,x,528,415,100,91.4,28.9,48266
112140200,2,,ts,V,93,83,8,113.2,33.5,10532
112140210,2,,ts,ԏ,465,448,8,123,35.5,57196
112140220,2,,ts,q,266,259,4,129.9,35.7,34562
112140230,2,,ts,,3709,3041,518,90.7,32.2,336358
11214023001,3,,ts,,1863,1579,242,91.2,32.3,169844
11214023002,3,,ts,,1846,1462,276,90.2,32.1,166514
112140240,2,,ts,Z,844,706,122,94,31.5,79378
112140250,2,,ts,{c,624,445,169,87.6,31.5,54676
11214025001,3,,ts,{cP,173,141,30,94.6,33,16367
11214025002,3,,ts,{cQ,451,304,139,84.9,31,38308
112140260,2,,ts,L쒬,439,379,51,91,28.4,39941
11214026001,3,,ts,L쒬P,439,379,51,91,28.4,39941
11214026002,3,,ts,L쒬Q,-,-,-,-,-,-
11214026003,3,,ts,L쒬R,-,-,-,-,-,-
112140270,2,,ts,,290,154,130,79.2,35.1,22956
112140281,2,,ts,㓌,4589,3377,1112,80.3,30.5,368696
11214028101,3,,ts,㓌P,867,458,382,67.8,27.5,58739
11214028102,3,,ts,㓌Q,1009,805,188,77.4,28.9,78081
11214028103,3,,ts,㓌R,592,461,121,81.4,29.7,48216
11214028104,3,,ts,㓌S,97,87,9,109.8,36,10654
11214028105,3,,ts,㓌T,53,44,9,117.3,35.7,6215
11214028106,3,,ts,㓌U,445,264,159,66.3,28.2,29517
11214028107,3,,ts,㓌V,849,663,176,78.1,28.8,66311
11214028108,3,,ts,㓌W,677,595,68,104.8,39.2,70962
112140282,2,,ts,㐼,2118,1495,549,79.5,29.4,168285
11214028201,3,,ts,㐼P,484,361,114,78.5,30.7,37991
11214028202,3,,ts,㐼Q,505,440,59,86.3,30.7,43604
11214028203,3,,ts,㐼R,567,339,219,70.2,26.7,39799
11214028204,3,,ts,㐼S,360,232,82,84.1,29.5,30259
11214028205,3,,ts,㐼T,202,123,75,82.3,30.6,16633
112140291,2,,ts,m,2635,1471,1088,73.5,29.6,193793
11214029101,3,,ts,mP,1103,585,466,66.8,30.5,73711
11214029102,3,,ts,mQ,467,289,171,78.6,31.6,36700
11214029103,3,,ts,mR,492,344,138,81.8,28.8,40268
11214029104,3,,ts,mS,573,253,313,75.2,27.3,43113
112140292,2,,ts,m,178,164,14,104.6,34.5,18610
112140300,2,,ts,,507,466,33,112.9,37,57231
112140310,2,,ts,J,191,182,7,106.6,32.2,20363
112140320,2,,ts,,2377,1722,579,84.5,30.5,200917
112140330,2,,ts,唨,1231,768,420,77.8,29.8,95768
112140341,2,,ts,},2573,1777,731,76.3,29.1,196299
11214034101,3,,ts,},1252,834,387,77.4,29.4,96873
11214034102,3,,ts,},1193,825,336,73.6,28.4,87802
11214034103,3,,ts,},128,118,8,90.8,31.6,11625
112140342,2,,ts,},5849,428,64,46.9,21.6,274513
11214034201,3,,ts,},1277,-,-,46.2,21,59054
11214034202,3,,ts,},92,-,-,64.9,25.1,5971
11214034203,3,,ts,},991,-,2,44.3,21.5,43945
11214034204,3,,ts,},404,-,-,45.7,21.7,18454
11214034205,3,,ts,},532,428,59,54,24.6,28706
11214034206,3,,ts,},1139,-,3,47,21,53491
11214034207,3,,ts,},103,-,-,45.3,23.3,4669
11214034208,3,,ts,},780,-,-,44.7,21.8,34899
11214034209,3,,ts,},531,-,-,47.7,20.5,25325
112140350,2,,ts,cVc,393,378,9,120.3,44.3,47272
112140370,2,,ts,JVc,229,116,1,91.5,28.8,20962
112140380,2,,ts,呝Vc,71,71,-,124.7,31.7,8854
112140390,2,,ts,呝Vc,41,38,1,158,40.2,6477
112140400,2,,ts,x,2046,1618,367,81.9,28.8,167553
112140410,2,,ts,,262,237,19,106,33.9,27779
112140420,2,,ts,gc,1164,850,282,84.6,29.5,98469
112140430,2,,ts,Ԑ,495,332,132,86.7,34.5,42894
112140440,2,,ts,gc,658,439,205,71.3,29.9,46916
112140450,2,,ts,gc,1769,1125,445,79.1,30.8,139857
112140460,2,,ts,,160,127,29,93,33.4,14879
112140470,2,,ts,쒆],1517,1276,212,91,31.6,138025
112140481,2,,ts,؍,417,299,105,89.1,31.9,37151
11214048101,3,,ts,؍P,87,58,27,95.8,33.1,8335
11214048102,3,,ts,؍Q,100,79,19,92,33.1,9203
11214048103,3,,ts,؍R,230,162,59,85.3,30.9,19614
112140482,2,,ts,V,146,134,10,108,34.6,15774
112140490,2,,ts,J,1430,1008,371,77.7,29.9,111064
11214049001,3,,ts,JP,663,487,142,76.7,30.5,50828
11214049002,3,,ts,JQ,489,354,126,77.3,28.6,37820
11214049003,3,,ts,JR,278,167,103,80.6,31,22416
112140500,2,,ts,,2420,1845,513,88,30.5,213006
11214050001,3,,ts,P,246,206,37,87.1,29.6,21428
11214050002,3,,ts,Q,318,276,39,91,33.6,28930
11214050003,3,,ts,R,512,395,114,86.8,29.8,44462
11214050004,3,,ts,S,360,276,68,86,28.9,30968
11214050005,3,,ts,T,466,298,160,86.5,30.7,40318
11214050006,3,,ts,U,393,276,89,88.3,30.3,34708
11214050007,3,,ts,V,125,118,6,97.5,32.8,12193
112140510,2,,ts,L,2373,1780,537,87.1,30.7,206716
11214051001,3,,ts,LP,408,266,131,86.5,31.8,35282
11214051002,3,,ts,LQ,539,406,107,77,27.6,41484
11214051003,3,,ts,LR,251,232,16,108.7,36.6,27278
11214051004,3,,ts,LS,84,42,41,80.4,27.6,6755
11214051005,3,,ts,LT,662,466,188,83.7,28.9,55425
11214051006,3,,ts,LU,429,368,54,94.4,33.2,40491
112140520,2,,ts,~c{,655,250,382,67.7,29.7,44363
11214052001,3,,ts,~c{P,168,92,74,72.7,33,12212
11214052002,3,,ts,~c{Q,487,158,308,66,28.7,32151
112140530,2,,ts,p,162,160,2,131.5,35.9,21296
112140540,2,,ts,ԍ,117,115,2,141.9,39,16598
112140550,2,,ts,я,60,60,-,128.7,31,7723
112140560,2,,ts,č,97,94,1,116.5,36,11302
112140570,2,,ts,ē,2408,2057,326,96.5,34.1,232281
112140580,2,,ts,,824,745,41,102.3,33.9,84294
112140590,2,,ts,VhVc,1391,1188,145,94.5,32.6,131454
112140600,2,,ts,i,276,272,1,126.6,36.6,34932
112140610,2,,ts,,257,252,4,126.5,36.3,32499
112140620,2,,ts,,197,193,2,128.5,36.6,25318
112140630,2,,ts,,55,53,-,143.8,37.1,7910
112140640,2,,ts,,340,269,2,106,35.9,36042
112140650,2,,ts,,3254,2655,434,94,32.5,305880
11214065001,3,,ts,,963,881,68,104.5,35.6,100634
11214065002,3,,ts,,2291,1774,366,89.6,31.1,205246
112140660,2,,ts,,1136,932,141,99.8,34.7,113363
112140670,2,,ts,_,91,91,-,154.8,34.8,14088
112140680,2,,ts,|,56,54,1,133.6,34,7483
112140690,2,,ts,,111,108,1,138.3,37.4,15348
112140700,2,,ts,,78,78,-,145.3,35.1,11331
112140710,2,,ts,,50,50,-,160.2,40.7,8012
112140720,2,,ts,g,30,30,-,154,34.7,4619
112140730,2,,ts,g,90,84,6,124.9,36.3,11245
112140740,2,,ts,,419,386,18,118.5,34.7,49631
112140750,2,,ts,e,64,64,-,137.2,35.3,8783
112140760,2,,ts,ˍ,54,54,-,125.9,31,6797
112140770,2,,ts,q,86,85,-,145.7,39.8,12532
112140780,2,,ts,,61,61,-,144.6,33.9,8819
112140790,2,,ts,؍,25,25,-,156.6,32.9,3915
