KEY_CODE,HYOSYO,HTKSYU,CITYNAME,NAME,T000055001,T000055002,T000055003,T000055004,T000055005,T000055006
,,,,,ZɏZވʐ,,c؉,Pѓ艄ʐ,Pl艄ʐ,ʐ
11343,1,,쒬,,11592,9928,1222,113.6,37.6,1316517
113430010,2,,쒬,厚,1648,1227,363,100.3,36,165267
11343001001,3,,쒬,厚,51,42,9,120.2,44.1,6133
11343001002,3,,쒬,厚,36,31,3,135.9,53.2,4892
11343001003,3,,쒬,厚,175,151,21,105.4,34.9,18451
11343001004,3,,쒬,厚,34,22,9,92.8,36.2,3154
11343001005,3,,쒬,厚,102,61,40,83.3,38.8,8495
11343001006,3,,쒬,厚,39,25,11,101.7,47.2,3966
11343001007,3,,쒬,厚,49,41,8,107.2,41.4,5253
11343001011,3,,쒬,厚,17,17,-,113.9,43,1936
11343001019,3,,쒬,厚,145,140,3,138.3,39.6,20055
11343001020,3,,쒬,厚,294,180,85,96.2,34.7,28283
11343001021,3,,쒬,厚,154,129,22,120.1,41.6,18493
11343001026,3,,쒬,厚,268,167,99,89.4,31.6,23959
11343001062,3,,쒬,厚,47,20,22,58.3,26.6,2742
11343001063,3,,쒬,厚,237,201,31,82.1,30.2,19457
113430020,2,,쒬,厚,1537,1124,346,98.2,35.7,150961
11343002006,3,,쒬,厚,10,7,3,125.8,40.6,1258
11343002007,3,,쒬,厚,16,6,10,120,41.7,1920
11343002008,3,,쒬,厚,108,83,19,107.2,44.9,11582
11343002009,3,,쒬,厚,26,25,-,119.9,41.6,3117
11343002010,3,,쒬,厚,61,38,23,90.7,37.1,5534
11343002011,3,,쒬,厚,143,97,44,101.6,37.1,14532
11343002012,3,,쒬,厚,39,33,6,139.5,46.9,5442
11343002013,3,,쒬,厚,151,122,29,107.5,40.2,16237
11343002014,3,,쒬,厚,145,105,35,102.7,39.7,14895
11343002015,3,,쒬,厚,206,132,61,96.7,36.2,19929
11343002016,3,,쒬,厚,264,145,88,85.7,32.6,22622
11343002017,3,,쒬,厚,115,97,16,108.9,32.3,12522
11343002018,3,,쒬,厚,121,111,6,100.6,35.6,12172
11343002064,3,,쒬,厚,132,123,6,69.7,22.3,9199
113430030,2,,쒬,厚,277,269,6,139.8,41.4,38728
11343003022,3,,쒬,厚,68,68,-,140.4,42.8,9545
11343003023,3,,쒬,厚,49,45,3,122.9,41,6023
11343003024,3,,쒬,厚,62,60,1,139.1,38.7,8624
11343003025,3,,쒬,厚,98,96,2,148.3,42.5,14537
113430040,2,,쒬,厚pR,568,424,104,106.2,37.3,60327
11343004026,3,,쒬,厚pR,139,111,25,115.3,37,16030
11343004027,3,,쒬,厚pR,231,135,65,95.7,37.8,22106
11343004028,3,,쒬,厚pR,198,178,14,112.1,37,22191
113430050,2,,쒬,݂ǂ肪u,1168,1089,13,118.4,36.8,138282
11343005001,3,*,쒬,݂ǂ肪uP,,,,,,
11343005002,3,@,쒬,݂ǂ肪uQ,283,277,2,117.1,38.9,33148
11343005003,3,,쒬,݂ǂ肪uR,258,252,6,125.3,40.6,32337
11343005004,3,,쒬,݂ǂ肪uS,347,286,2,109.7,33.2,38065
11343005005,3,,쒬,݂ǂ肪uT,280,274,3,124,36,34732
113430060,2,,쒬,厚z,887,790,53,120.6,39.6,106954
11343006030,3,,쒬,厚z,196,173,18,119.3,43.2,23384
11343006031,3,,쒬,厚z,401,332,33,112,38.1,44913
11343006032,3,,쒬,厚z,208,207,1,129.6,38.3,26960
11343006033,3,,쒬,厚z,82,78,1,142.6,42.4,11696
113430070,2,,쒬,厚R,915,775,118,113.1,36.5,103444
11343007034,3,,쒬,厚R,143,111,16,107.3,36,15338
11343007035,3,,쒬,厚R,162,138,22,111.7,38.4,18103
11343007036,3,,쒬,厚R,200,137,61,100.5,34.6,20098
11343007037,3,,쒬,厚R,122,119,3,115.6,36.6,14108
11343007038,3,,쒬,厚R,288,270,16,124.3,36.8,35797
113430080,2,,쒬,厚Î,137,130,4,129,40.3,17676
113430090,2,,쒬,厚,354,262,47,102,36.3,36094
113430100,2,,쒬,厚ѓc,209,188,21,116.8,36.8,24406
113430110,2,,쒬,厚,106,101,5,125.1,36,13260
113430120,2,,쒬,厚},85,76,9,134.2,39.1,11405
11343012042,3,,쒬,厚},12,4,8,62.2,26.7,746
11343012043,3,,쒬,厚},73,72,1,146,40.4,10659
113430130,2,,쒬,厚x,250,222,26,105.4,37.8,26360
113430140,2,,쒬,厚ؕ,254,208,34,104.2,35.7,26456
11343014045,3,,쒬,厚ؕ,207,164,31,104,34.9,21524
11343014046,3,,쒬,厚ؕ,47,44,3,104.9,39.5,4932
113430150,2,,쒬,厚C,386,362,21,119.9,40.9,46269
11343015046,3,,쒬,厚C,124,120,3,110.1,39.4,13647
11343015047,3,,쒬,厚C,178,162,15,118.5,43.2,21102
11343015048,3,,쒬,厚C,84,80,3,137.2,39.1,11521
113430160,2,,쒬,厚ؘCq,72,67,5,136.8,46,9850
113430170,2,,쒬,厚㉡c,203,196,4,136.5,38.6,27700
11343017050,3,,쒬,厚㉡c,103,101,1,127.2,37.6,13107
11343017051,3,,쒬,厚㉡c,100,95,3,145.9,39.7,14593
113430180,2,,쒬,厚c,113,111,-,132.8,36.6,15008
113430190,2,,쒬,厚,265,254,10,124.5,38.3,32991
11343019053,3,,쒬,厚,167,156,10,127.5,38,21301
11343019065,3,,쒬,厚,98,98,-,119.3,38.7,11691
113430200,2,,쒬,厚ޗǗ,135,127,4,128.8,38.7,17395
113430210,2,,쒬,厚\,111,109,1,139,41.6,15424
113430220,2,,쒬,厚,92,92,-,149.7,44.6,13774
113430230,2,,쒬,厚J,441,370,12,115.9,36.1,51130
11343023057,3,,쒬,厚J,280,257,12,113.2,37.1,31683
11343023058,3,,쒬,厚J,58,57,-,146.1,39.8,8474
11343023059,3,,쒬,厚J,56,56,-,152.9,43,8562
11343023060,3,,쒬,厚J,47,-,-,51.3,15.9,2412
113430240,2,,쒬,厚ɐ,24,24,-,137.9,36.8,3310
113430250,2,,쒬,厚×,31,31,-,165,41.6,5115
113430260,2,,쒬,,1324,1300,16,120,38.9,158932
11343026001,3,,쒬,P,118,116,-,127.3,42,15023
11343026002,3,,쒬,Q,273,271,2,115.9,38.4,31652
11343026003,3,,쒬,R,204,198,6,119.6,40.9,24391
11343026004,3,,쒬,S,204,199,5,114.6,38,23386
11343026005,3,,쒬,T,255,250,2,118,38.5,30096
11343026006,3,,쒬,U,270,266,1,127.3,37.7,34383
113430270,2,,쒬,Ђ΂肪u,-,-,-,-,-,-
