KEY_CODE,HYOSYO,HTKSYU,CITYNAME,NAME,T000055001,T000055002,T000055003,T000055004,T000055005,T000055006
,,,,,ZɏZވʐ,,c؉,Pѓ艄ʐ,Pl艄ʐ,ʐ
11227,1,,s,,51103,27011,19373,66.4,28.2,3393414
112270010,2,,s,{,5205,1910,2985,60.9,28,316742
11227001001,3,,s,{P,2542,875,1471,62.2,27.2,158101
11227001002,3,,s,{Q,2121,848,1194,58.4,29.1,123961
11227001003,3,,s,{R,542,187,320,64,28,34680
112270020,2,,s,,1558,432,812,53.5,28.2,83327
11227002001,3,,s,P,763,230,514,52.2,28.3,39818
11227002002,3,,s,Q,795,202,298,54.7,28.1,43508
112270030,2,,s,h,3373,2263,706,65.2,27.3,219997
11227003001,3,,s,hP,771,472,273,65.6,27.9,50585
11227003002,3,,s,hQ,958,628,165,67.1,28.6,64314
11227003003,3,,s,hR,924,776,122,66.3,25.3,61284
11227003004,3,,s,hS,196,102,87,60.2,31.8,11798
11227003005,3,,s,hT,524,285,59,61.1,26.5,32016
112270040,2,,s,K,2110,1289,656,75.1,30.7,158501
11227004001,3,,s,KP,669,392,259,69.8,30.4,46715
11227004002,3,,s,KQ,1063,765,268,79.8,31.6,84830
11227004003,3,,s,KR,378,132,129,71.3,28.5,26956
112270050,2,,s,Gܒ,4220,2442,1013,69.4,26.8,292859
11227005001,3,,s,GܒP,1043,581,425,74.1,27.4,77236
11227005002,3,,s,GܒQ,1108,371,178,61.1,27,67708
11227005003,3,,s,GܒR,165,106,50,84.3,31.5,13911
11227005004,3,,s,GܒS,1615,1206,253,71.4,26,115336
11227005005,3,,s,GܒT,289,178,107,64.6,25.4,18668
112270060,2,,s,a,4065,2335,1565,70,28,284410
11227006001,3,,s,aP,348,209,132,63.3,27.5,22024
11227006002,3,,s,aQ,703,386,298,69.1,28,48577
11227006003,3,,s,aR,540,282,214,73.1,28.7,39473
11227006004,3,,s,aS,477,265,193,66.2,26.4,31555
11227006005,3,,s,aT,620,321,266,71.9,27.5,44598
11227006006,3,,s,aU,784,529,236,74.4,28.9,58365
11227006007,3,,s,aV,593,343,226,67.1,28.3,39819
112270070,2,,s,厚a,58,38,18,97.8,33,5675
112270080,2,,s,厚G,-,-,-,-,-,-
112270090,2,@,s,厚,54,8,28,40.4,26.3,2183
112270100,2,*,s,厚,,,,,,
112270110,2,,s,厚,2,2,-,112.1,20.4,224
112270120,2,,s,i㎩qԒnj,-,-,-,-,-,-
112270130,2,,s,ݑ,5985,3395,2283,68.3,28.4,408951
11227013001,3,,s,ݑP,778,432,320,64.7,28.4,50311
11227013002,3,,s,ݑQ,571,343,213,69.9,28.6,39934
11227013003,3,,s,ݑR,544,393,78,76.4,28.1,41581
11227013004,3,,s,ݑS,584,358,209,73.9,29.2,43153
11227013005,3,,s,ݑT,455,151,292,55.5,26.5,25234
11227013006,3,,s,ݑU,879,306,514,55.2,26.5,48511
11227013007,3,,s,ݑV,1566,990,482,73,30.1,114319
11227013008,3,,s,ݑW,608,422,175,75.5,27.6,45908
112270140,2,,s,,2415,1418,921,70.2,27.3,169599
11227014001,3,,s,P,736,337,372,63.8,27.1,46985
11227014002,3,,s,Q,391,168,200,62.7,29.4,24512
11227014003,3,,s,R,1288,913,349,76.2,26.9,98101
112270150,2,,s,ٍ,1598,362,1082,54.3,26.9,86779
11227015001,3,,s,ٍP,401,123,236,63.4,26.1,25440
11227015002,3,,s,ٍQ,613,90,467,48.1,27.5,29479
11227015003,3,,s,ٍR,584,149,379,54.6,27.2,31860
112270160,2,,s,ٍ,885,294,545,56.6,26.8,50132
11227016001,3,,s,ٍP,534,201,305,61,29.1,32592
11227016002,3,,s,ٍQ,351,93,240,50,23.4,17541
112270170,2,,s,O,6036,3649,2057,66.4,28.8,400895
11227017001,3,,s,OP,1449,886,507,65.2,27.5,94426
11227017002,3,,s,OQ,1560,893,524,66.1,28.6,103162
11227017003,3,,s,OR,1669,986,602,65.5,30.3,109281
11227017004,3,,s,OS,538,350,169,71.3,31.2,38356
11227017005,3,,s,OT,820,534,255,67.9,27,55670
112270180,2,,s,,1930,1283,514,64.3,26,124041
11227018001,3,,s,򐅂P,191,170,20,70.1,25.8,13387
11227018002,3,,s,򐅂Q,524,389,126,68.4,25.8,35854
11227018003,3,,s,򐅂R,1215,724,368,61.6,26.2,74800
112270190,2,,s,k,868,137,591,59.6,25.9,51763
11227019001,3,,s,kP,299,34,207,60.6,26,18108
11227019002,3,,s,kQ,569,103,384,59.1,25.8,33655
112270200,2,,s,,911,292,561,55.3,26.6,50418
11227020001,3,,s,P,383,117,231,55.9,27.5,21399
11227020002,3,,s,Q,528,175,330,55,25.9,29020
112270210,2,,s,l,1295,370,825,63.7,29,82446
11227021001,3,,s,lP,273,39,202,51.9,28.5,14162
11227021002,3,,s,lQ,188,16,161,50.6,25.4,9513
11227021003,3,,s,lR,377,108,233,61.8,28.8,23307
11227021004,3,,s,lS,457,207,229,77.6,30.6,35465
112270220,2,@,s,厚l,16,15,-,146.3,40.3,2340
112270230,2,*,s,厚{,,,,,,
112270240,2,,s,厚c,-,-,-,-,-,-
112270250,2,,s,厚Ԗ,460,368,80,94.1,34.1,43268
112270260,2,,s,厚Ԗ,80,74,5,145.6,42.4,11651
112270270,2,,s,uu,3848,1811,956,61.6,28.6,237115
11227027001,3,,s,uuP,1684,604,88,56.9,26.8,95898
11227027002,3,,s,uuQ,754,444,287,67.6,32.4,50975
11227027003,3,,s,uuR,762,428,305,65.1,29.7,49602
11227027004,3,,s,uuS,648,335,276,62.7,27.4,40640
112270280,2,,s,{,3193,2131,962,74.5,29.2,237725
11227028001,3,,s,{˂P,398,148,210,62.9,28,25041
11227028002,3,,s,{˂Q,1078,704,359,68.4,28.8,73705
11227028003,3,,s,{˂R,1061,803,226,79.9,29.9,84806
11227028004,3,,s,{˂S,656,476,167,82.6,29.3,54173
112270290,2,,s,c,924,687,200,77.3,29.1,71384
11227029001,3,,s,cP,446,297,127,72.1,28.6,32166
11227029002,3,,s,cQ,478,390,73,82,29.5,39219
112270300,2,,s,t,14,6,8,70.8,31,991
