KEY_CODE,HYOSYO,HTKSYU,CITYNAME,NAME,T000055001,T000055002,T000055003,T000055004,T000055005,T000055006
,,,,,ЈZЉЬѓ╔ЈZѓяѕЖћ╩љбЉЛ,јЮѓ┐Ѕк,ќ»ЅcјпЅк,ѓPљбЉЛЊќѓйѓУЅёќ╩љ¤,ѓPљlЊќѓйѓУЅёќ╩љ¤,ЉЇЅёќ╩љ¤
11203,1,,љВїчјs,,189674,110139,64441,71.3,28.6,13520970
112030010,2,,љВїчјs,ќ{њг,5274,3365,1535,64.8,28.9,341885
11203001001,3,,љВїчјs,ќ{њгѓPњџќ┌,810,328,359,64.5,30,52248
11203001002,3,,љВїчјs,ќ{њгѓQњџќ┌,1259,872,278,65.5,27.9,82408
11203001003,3,,љВїчјs,ќ{њгѓRњџќ┌,1404,790,535,62.1,27.8,87209
11203001004,3,,љВїчјs,ќ{њгѓSњџќ┌,1801,1375,363,66.6,30,120021
112030020,2,,љВїчјs,Ѕhњг,2951,1586,972,62.3,28.2,183899
11203002001,3,,љВїчјs,ЅhњгѓPњџќ┌,1216,632,348,63.7,28.2,77459
11203002002,3,,љВїчјs,ЅhњгѓQњџќ┌,1033,434,486,59.3,27.7,61303
11203002003,3,,љВїчјs,ЅhњгѓRњџќ┌,702,520,138,64.3,28.9,45137
112030030,2,,љВїчјs,ІЯјRњг,1392,837,500,60.4,26.8,84032
112030040,2,,љВїчјs,ЈMї╦њг,-,-,-,-,-,-
112030050,2,,љВїчјs,ЇKњг,3415,1773,1443,61.3,28.4,209324
11203005001,3,,љВїчјs,ЇKњгѓPњџќ┌,1336,785,486,65.5,28.2,87560
11203005002,3,,љВїчјs,ЇKњгѓQњџќ┌,1091,550,489,62.6,28.8,68351
11203005003,3,,љВїчјs,ЇKњгѓRњџќ┌,988,438,468,54.1,28.2,53413
112030060,2,,љВїчјs,љВїч,5540,3302,1757,61.5,28.5,340823
11203006001,3,,љВїчјs,љВїчѓPњџќ┌,766,471,209,64.3,29.2,49271
11203006002,3,,љВїчјs,љВїчѓQњџќ┌,1220,673,482,56.5,27.1,68991
11203006003,3,,љВїчјs,љВїчѓRњџќ┌,598,293,81,65.6,29.7,39230
11203006004,3,,љВїчјs,љВїчѓSњџќ┌,1238,860,329,61.2,29.2,75738
11203006005,3,,љВїчјs,љВїчѓTњџќ┌,1269,814,420,65.1,28.4,82611
11203006006,3,,љВїчјs,љВїчѓUњџќ┌,449,191,236,55.6,27.1,24982
112030070,2,,љВїчјs,ћЛњ╦,4835,2620,1440,64.1,27.7,310118
11203007001,3,,љВїчјs,ћЛњ╦ѓPњџќ┌,1605,757,529,59.4,26.8,95341
11203007002,3,,љВїчјs,ћЛњ╦ѓQњџќ┌,1138,678,327,69.6,29.2,79260
11203007003,3,,љВїчјs,ћЛњ╦ѓRњџќ┌,1220,664,340,63.9,27.4,78017
11203007004,3,,љВїчјs,ћЛњ╦ѓSњџќ┌,872,521,244,65.9,27.8,57500
112030080,2,,љВїчјs,љ╝љВїч,7024,2799,3603,55.6,29.2,390269
11203008001,3,,љВїчјs,љ╝љВїчѓPњџќ┌,1834,475,1176,44.7,28.8,82059
11203008002,3,,љВїчјs,љ╝љВїчѓQњџќ┌,1002,461,474,59.7,29.9,59801
11203008003,3,,љВїчјs,љ╝љВїчѓRњџќ┌,1470,639,716,57.6,30.5,84655
11203008004,3,,љВїчјs,љ╝љВїчѓSњџќ┌,1124,429,652,52.1,27.7,58605
11203008005,3,,љВїчјs,љ╝љВїчѓTњџќ┌,712,295,223,62.5,28,44525
11203008006,3,,љВїчјs,љ╝љВїчѓUњџќ┌,882,500,362,68.7,29.7,60625
112030090,2,,љВїчјs,њЄњг,1042,585,414,67.4,29.3,70278
112030100,2,,љВїчјs,ћЛї┤њг,640,285,273,63,27.3,40300
112030110,2,,љВїчјs,ї┤њг,979,713,174,70.7,26,69262
112030120,2,,љВїчјs,І{њг,712,347,347,65.2,28,46393
112030130,2,,љВїчјs,ЊВњг,1353,903,384,71.5,26.8,96686
11203013001,3,,љВїчјs,ЊВњгѓPњџќ┌,897,661,213,73.8,26.5,66230
11203013002,3,,љВїчјs,ЊВњгѓQњџќ┌,456,242,171,66.8,27.2,30457
112030140,2,,љВїчјs,Ќ╬њг,122,81,36,80,30.7,9765
112030150,2,,љВїчјs,ЇrљВњг,-,-,-,-,-,-
112030160,2,,љВїчјs,Ћ└ќпї│њг,637,425,188,60.9,27.3,38779
112030170,2,,љВїчјs,Ћ└ќп,6841,2680,3633,53.9,28.2,368724
11203017001,3,,љВїчјs,Ћ└ќпѓPњџќ┌,1806,945,793,60.8,27.1,109745
11203017002,3,,љВїчјs,Ћ└ќпѓQњџќ┌,1796,616,1092,49.7,27.8,89204
11203017003,3,,љВїчјs,Ћ└ќпѓRњџќ┌,2109,648,1217,49.2,28.9,103866
11203017004,3,,љВїчјs,Ћ└ќпѓSњџќ┌,1130,471,531,58.3,29.9,65909
112030180,2,,љВїчјs,ЉOљВњг,1762,1237,462,83.9,31,147814
11203018002,3,,љВїчјs,ЉOљВњгѓQњџќ┌,110,86,22,100.5,32.3,11060
11203018003,3,,љВїчјs,ЉOљВњгѓRњџќ┌,356,221,128,83.5,30.8,29717
11203018004,3,,љВїчјs,ЉOљВњгѓSњџќ┌,1296,930,312,82.6,31,107037
112030190,2,,љВїчјs,љ┬ќп,5101,3193,1439,70.3,28.2,358479
11203019001,3,,љВїчјs,љ┬ќпѓPњџќ┌,1508,987,358,66,27,99583
11203019002,3,,љВїчјs,љ┬ќпѓQњџќ┌,920,683,210,72.2,29.1,66390
11203019003,3,,љВїчјs,љ┬ќпѓRњџќ┌,948,587,331,74.6,29.8,70693
11203019004,3,,љВїчјs,љ┬ќпѓSњџќ┌,1107,538,339,71.2,28.3,78768
11203019005,3,,љВїчјs,љ┬ќпѓTњџќ┌,618,398,201,69.7,26.8,43045
112030200,2,,љВїчјs,њєљ┬ќп,4607,2859,1580,66.6,28.1,306696
11203020001,3,,љВїчјs,њєљ┬ќпѓPњџќ┌,690,359,311,62.7,29.6,43263
11203020002,3,,љВїчјs,њєљ┬ќпѓQњџќ┌,1399,878,424,68.5,27.8,95874
11203020003,3,,љВїчјs,њєљ┬ќпѓRњџќ┌,1340,935,378,64.2,26.8,86029
11203020004,3,,љВїчјs,њєљ┬ќпѓSњџќ┌,736,425,290,67.6,28.1,49785
11203020005,3,,љВїчјs,њєљ┬ќпѓTњџќ┌,442,262,177,71.8,31,31745
112030210,2,,љВїчјs,љ╝љ┬ќп,4320,1900,2064,60.4,28.4,260995
11203021001,3,,љВїчјs,љ╝љ┬ќпѓPњџќ┌,982,397,417,61.7,27.9,60561
11203021002,3,,љВїчјs,љ╝љ┬ќпѓQњџќ┌,1153,644,468,64.7,30,74641
11203021003,3,,љВїчјs,љ╝љ┬ќпѓRњџќ┌,833,266,526,55.9,28.9,46599
11203021004,3,,љВїчјs,љ╝љ┬ќпѓSњџќ┌,475,192,243,59.6,28.1,28300
11203021005,3,,љВїчјs,љ╝љ┬ќпѓTњџќ┌,877,401,410,58,26.6,50895
112030220,2,,љВїчјs,Јсљ┬ќпљ╝,4005,2398,1272,69.3,28.4,277513
11203022001,3,,љВїчјs,Јсљ┬ќпљ╝ѓPњџќ┌,1330,889,262,62.4,26.4,82998
11203022002,3,,љВїчјs,Јсљ┬ќпљ╝ѓQњџќ┌,728,431,255,63.9,28.4,46485
11203022003,3,,љВїчјs,Јсљ┬ќпљ╝ѓRњџќ┌,298,176,109,78.4,32.5,23352
11203022004,3,,љВїчјs,Јсљ┬ќпљ╝ѓSњџќ┌,847,490,338,77.7,30.1,65817
11203022005,3,,љВїчјs,Јсљ┬ќпљ╝ѓTњџќ┌,802,412,308,73.4,28,58862
112030230,2,,љВїчјs,Јсљ┬ќп,4635,3003,1496,72.8,28.3,337348
11203023001,3,,љВїчјs,Јсљ┬ќпѓPњџќ┌,1309,983,282,69.3,27.7,90771
11203023002,3,,љВїчјs,Јсљ┬ќпѓQњџќ┌,992,642,332,79.5,29.3,78881
11203023003,3,,љВїчјs,Јсљ┬ќпѓRњџќ┌,642,397,229,69.1,27.2,44358
11203023004,3,,љВїчјs,Јсљ┬ќпѓSњџќ┌,603,397,191,74,27.9,44622
11203023005,3,,љВїчјs,Јсљ┬ќпѓTњџќ┌,398,201,183,70.2,28.4,27957
11203023006,3,,љВїчјs,Јсљ┬ќпѓUњџќ┌,691,383,279,73.5,29.5,50759
112030240,2,,љВїчјs,ЊВЉOљВ,1062,556,356,71.6,29,76050
11203024001,3,,љВїчјs,ЊВЉOљВѓPњџќ┌,311,235,65,81.4,30.7,25319
11203024002,3,,љВїчјs,ЊВЉOљВѓQњџќ┌,751,321,291,67.6,28.2,50732
112030250,2,,љВїчјs,ЉOЈсњг,757,509,233,73.1,26.4,55367
112030260,2,,љВїчјs,ЉOљВ,3485,2075,1149,72.7,28.8,253285
11203026001,3,,љВїчјs,ЉOљВѓPњџќ┌,590,383,184,72.2,28.4,42614
11203026002,3,,љВїчјs,ЉOљВѓQњџќ┌,896,580,287,77.3,30.1,69292
11203026003,3,,љВїчјs,ЉOљВѓRњџќ┌,918,530,269,69.8,27.4,64040
11203026004,3,,љВїчјs,ЉOљВѓSњџќ┌,1081,582,409,71.5,29,77340
112030270,2,,љВїчјs,њЕЊЩ,5940,3549,1853,70.5,28.1,418876
11203027001,3,,љВїчјs,њЕЊЩѓPњџќ┌,1334,1011,293,74.7,27.9,99600
11203027002,3,,љВїчјs,њЕЊЩѓQњџќ┌,1162,687,359,65,27.1,75478
11203027003,3,,љВїчјs,њЕЊЩѓRњџќ┌,1069,557,355,69.9,27.9,74687
11203027004,3,,љВїчјs,њЕЊЩѓSњџќ┌,633,440,168,76,28.8,48136
11203027005,3,,љВїчјs,њЕЊЩѓTњџќ┌,687,279,242,64.5,26.7,44285
11203027006,3,,љВїчјs,њЕЊЩѓUњџќ┌,1055,575,436,72.7,29.7,76691
112030280,2,,љВїчјs,ќќЇL,2704,1691,865,75.1,29.2,203044
11203028001,3,,љВїчјs,ќќЇLѓPњџќ┌,1056,751,276,75.2,29.9,79383
11203028002,3,,љВїчјs,ќќЇLѓQњџќ┌,763,411,284,78.4,30.1,59816
11203028003,3,,љВїчјs,ќќЇLѓRњџќ┌,885,529,305,72.1,27.6,63846
112030290,2,,љВїчјs,љVѕСњг,1055,442,580,67,25.6,70660
112030300,2,,љВїчјs,ї│Ій,6805,4564,2050,72.9,29,496029
11203030001,3,,љВїчјs,ї│ІйѓPњџќ┌,1942,1279,586,66,27.5,128218
11203030002,3,,љВїчјs,ї│ІйѓQњџќ┌,1989,1793,151,80.4,30.5,159875
11203030003,3,,љВїчјs,ї│ІйѓRњџќ┌,688,441,239,79,30.2,54322
11203030004,3,,љВїчјs,ї│ІйѓSњџќ┌,826,456,354,71.6,28,59171
11203030005,3,,љВїчјs,ї│ІйѓTњџќ┌,915,412,472,67.6,28.6,61885
11203030006,3,,љВїчјs,ї│ІйѓUњџќ┌,445,183,248,73.2,29.3,32558
112030310,2,,љВїчјs,ќьЋй,1604,946,543,73.5,28,117949
11203031001,3,,љВїчјs,ќьЋйѓPњџќ┌,836,500,312,70.3,26.2,58796
11203031002,3,,љВїчјs,ќьЋйѓQњџќ┌,407,243,153,74.6,29.5,30364
11203031003,3,,љВїчјs,ќьЋйѓRњџќ┌,213,113,46,80.9,30.5,17224
11203031004,3,,љВїчјs,ќьЋйѓSњџќ┌,148,90,32,78.1,31,11565
112030320,2,,љВїчјs,ЊїЌ╠Ѕк,2252,1016,1072,71.7,29.3,161471
11203032001,3,,љВїчјs,ЊїЌ╠ЅкѓPњџќ┌,623,268,324,68.1,27.6,42405
11203032002,3,,љВїчјs,ЊїЌ╠ЅкѓQњџќ┌,539,280,236,75.3,30.7,40562
11203032003,3,,љВїчјs,ЊїЌ╠ЅкѓRњџќ┌,616,248,352,68.9,28.8,42462
11203032004,3,,љВїчјs,ЊїЌ╠ЅкѓSњџќ┌,152,85,48,87.1,32.5,13246
11203032005,3,,љВїчјs,ЊїЌ╠ЅкѓTњџќ┌,322,135,112,70.8,29.1,22796
112030330,2,,љВїчјs,Ќ╠Ѕк,2647,1233,1145,70.8,28.4,187483
11203033001,3,,љВїчјs,Ќ╠ЅкѓPњџќ┌,726,276,416,66.9,28,48562
11203033002,3,,љВїчјs,Ќ╠ЅкѓQњџќ┌,680,361,288,75,29,51023
11203033003,3,,љВїчјs,Ќ╠ЅкѓRњџќ┌,913,465,318,72.9,27.8,66521
11203033004,3,,љВїчјs,Ќ╠ЅкѓSњџќ┌,285,107,111,62.5,28.5,17799
11203033005,3,,љВїчјs,Ќ╠ЅкѓTњџќ┌,43,24,12,83.2,33.8,3578
112030340,2,,љВїчјs,Ѕ═ї┤њг,-,-,-,-,-,-
112030350,2,,љВїчјs,ЉтјџљнѕС,882,754,107,87.9,29.7,77550
112030360,2,,љВїчјs,ЉтјџЊїќ{Ій,2725,1826,815,83.9,30.5,228672
112030370,2,,љВїчјs,Љтјџў@Ј└,94,42,48,83.4,32.7,7839
112030380,2,,љВїчјs,ЉтјџЉOќВЈh,364,343,17,103.6,33.4,37693
112030390,2,,љВїчјs,ЉтјџЊїіLњ╦,182,167,14,96.7,29.9,17593
112030400,2,,љВїчјs,ЉтјџЉтњ|,468,334,121,86.9,28.9,40687
112030410,2,,љВїчјs,ЉтјџЋш,1987,1583,316,87.2,30.2,173226
112030420,2,,љВїчјs,ЉтјџљVќx,1112,911,173,85.6,30.2,95217
112030430,2,,љВїчјs,ЉтјџљYЈ╝,1393,1164,198,96.5,32.5,134361
112030440,2,,љВїчјs,љнѕС,1273,850,370,81.7,29.9,103999
11203044001,3,,љВїчјs,љнѕСѓPњџќ┌,435,304,121,82.4,29.4,35842
11203044002,3,,љВїчјs,љнѕСѓQњџќ┌,88,69,15,94.3,34,8294
11203044003,3,,љВїчјs,љнѕСѓRњџќ┌,186,120,59,90.7,32.2,16865
11203044004,3,,љВїчјs,љнѕСѓSњџќ┌,564,357,175,76.2,28.9,42998
112030450,2,,љВїчјs,Ї]ї╦,491,319,120,82.6,30.9,40540
11203045001,3,,љВїчјs,Ї]ї╦ѓPњџќ┌,211,125,49,70.8,29,14944
11203045002,3,,љВїчјs,Ї]ї╦ѓQњџќ┌,74,66,5,102.9,31.9,7613
11203045003,3,,љВїчјs,Ї]ї╦ѓRњџќ┌,206,128,66,87.3,32.2,17984
112030460,2,,љВїчјs,Ї]ї╦Љ▄,677,457,167,76.4,29.9,51724
11203046001,3,,љВїчјs,Ї]ї╦Љ▄ѓPњџќ┌,675,457,167,76.6,30,51680
11203046002,3,,љВїчјs,Ї]ї╦Љ▄ѓQњџќ┌,2,-,-,21.9,7.3,44
112030470,2,,љВїчјs,ќ{ў@,677,413,129,88.8,32.1,60146
11203047001,3,,љВїчјs,ќ{ў@ѓPњџќ┌,239,130,98,81,30,19349
11203047002,3,,љВїчјs,ќ{ў@ѓQњџќ┌,171,141,21,103.7,36.3,17729
11203047003,3,,љВїчјs,ќ{ў@ѓRњџќ┌,242,120,10,85.3,30.7,20650
11203047004,3,,љВїчјs,ќ{ў@ѓSњџќ┌,25,22,-,96.7,35.6,2418
112030480,2,,љВїчјs,Њїќ{Ій,467,294,137,78.6,28.7,36723
11203048001,3,,љВїчјs,Њїќ{ІйѓPњџќ┌,129,48,49,58.7,23.2,7572
11203048002,3,,љВїчјs,Њїќ{ІйѓQњџќ┌,338,246,88,86.2,30.6,29151
112030490,2,,љВїчјs,Љтјџѕ└ЇsЌ╠ЇфіП,4354,3101,682,80.1,28.2,348727
11203049001,3,,љВїчјs,Љтјџѕ└ЇsЌ╠ЇфіП,2448,1729,398,77.4,27.3,189500
11203049002,3,,љВїчјs,Љтјџѕ└ЇsЌ╠ЇфіП,1906,1372,284,83.5,29.3,159227
112030500,2,,љВїчјs,Љтјџѕ└ЇsЌ╠ЇПЅк,10,10,-,119.5,39.8,1195
112030510,2,,љВїчјs,ЉтјџЊ╣ЇЄ,1662,1043,209,78.3,27.7,130151
112030520,2,,љВїчјs,Љтјџљ_ї╦,789,423,104,82.2,27.3,64842
112030530,2,,љВїчјs,ЉтјџќпЉ]ўC,1792,1202,528,85.5,28.2,153289
112030540,2,,љВїчјs,ЉтјџЊїЊЯќВ,1190,1031,140,91.3,29.8,108656
112030550,2,,љВїчјs,Љтјџї╣ЇХЅqќтљVЊc,711,626,74,94.4,29.7,67124
112030560,2,,љВїчјs,Љтјџљ╬љ_,1356,984,353,90.6,30,122902
112030570,2,,љВїчјs,Љтјџљнј┼љVЊc,88,87,1,142.4,38.9,12530
112030580,2,,љВїчјs,Љтјџљ╝љVѕСЈh,748,596,142,92.1,32,68906
112030590,2,,љВїчјs,ЉтјџљVѕСЈh,782,676,95,87.1,29.7,68109
112030600,2,,љВїчјs,ЉтјџљнјR,1017,776,103,88,30.4,89467
112030610,2,,љВїчјs,ЇПЅкњг,656,411,220,74.6,27.8,48948
112030620,2,,љВїчјs,ќkЅђњг,1204,707,313,80.7,32.2,97137
112030630,2,,љВїчјs,ќШЇфњг,535,331,186,80,29.4,42776
112030640,2,,љВїчјs,Љтјџј┼,6021,3692,1950,70.4,28.6,424012
11203064001,3,,љВїчјs,Љтјџј┼,1967,1225,606,72.6,28,142808
11203064002,3,,љВїчјs,Љтјџј┼,2012,1037,778,67.9,29.3,136597
11203064003,3,,љВїчјs,Љтјџј┼,2042,1430,566,70.8,28.6,144607
112030650,2,,љВїчјs,Љтјџѕ╔іа,2335,1627,663,77.5,28.2,180975
112030660,2,,љВїчјs,ЉтјџЈгњJЈЖ,1677,797,812,64.8,28.7,108749
112030670,2,,љВїчјs,ј┼њєЊc,2529,974,1425,62.9,29.9,159135
11203067001,3,,љВїчјs,ј┼њєЊcѓPњџќ┌,1176,464,632,65.9,31.9,77552
11203067002,3,,љВїчјs,ј┼њєЊcѓQњџќ┌,1353,510,793,60.3,28.2,81584
112030680,2,,љВїчјs,ј┼љVњг,1563,498,995,50,27.3,78162
112030690,2,,љВїчјs,ј┼Ѕ║,1338,760,517,67.3,28.2,90091
11203069001,3,,љВїчјs,ј┼Ѕ║ѓPњџќ┌,444,240,188,64.5,26.3,28656
11203069002,3,,љВїчјs,ј┼Ѕ║ѓQњџќ┌,894,520,329,68.7,29.2,61435
112030700,2,,љВїчјs,ј┼,5776,2724,2833,62.1,28.8,358961
11203070001,3,,љВїчјs,ј┼ѓPњџќ┌,1361,776,542,67,27.8,91197
11203070002,3,,љВїчјs,ј┼ѓQњџќ┌,1396,675,638,64.2,29.8,89563
11203070003,3,,љВїчјs,ј┼ѓRњџќ┌,712,334,354,59.6,26.9,42448
11203070004,3,,љВїчјs,ј┼ѓSњџќ┌,1281,599,648,63.9,30.1,81915
11203070005,3,,љВїчјs,ј┼ѓTњџќ┌,1026,340,651,52.5,28.9,53838
112030710,2,,љВїчјs,ј┼ћзЃmњ▄,1596,608,895,57.7,28.6,92019
11203071001,3,,љВїчјs,ј┼ћзЃmњ▄ѓPњџќ┌,1128,426,631,56.5,28.5,63725
11203071002,3,,љВїчјs,ј┼ћзЃmњ▄ѓQњџќ┌,468,182,264,60.5,28.7,28294
112030720,2,,љВїчјs,ј┼Ћxјm,2378,1569,737,62.4,25.9,148473
11203072001,3,,љВїчјs,ј┼ЋxјmѓPњџќ┌,1501,946,530,60.9,26.5,91446
11203072002,3,,љВїчјs,ј┼ЋxјmѓQњџќ┌,877,623,207,65,25.1,57026
112030730,2,,љВїчјs,ј┼Ѕђњг,2631,198,18,44.2,23.8,116162
112030740,2,,љВїчјs,ј┼њ╦ї┤,1069,330,672,66.7,26.1,71250
11203074001,3,,љВїчјs,ј┼њ╦ї┤ѓPњџќ┌,470,200,255,67,28.4,31498
11203074002,3,,љВїчјs,ј┼њ╦ї┤ѓQњџќ┌,599,130,417,66.4,24.5,39752
112030750,2,,љВїчјs,ј┼љ╝,1537,677,821,66.3,27.4,101962
11203075001,3,,љВїчјs,ј┼љ╝ѓPњџќ┌,841,395,419,68.3,29.1,57422
11203075002,3,,љВїчјs,ј┼љ╝ѓQњџќ┌,696,282,402,64,25.4,44540
112030760,2,,љВїчјs,ќШЇУ,3574,1978,1113,73.3,27.2,262149
11203076001,3,,љВїчјs,ќШЇУѓPњџќ┌,906,437,201,65.7,25.3,59481
11203076002,3,,љВїчјs,ќШЇУѓQњџќ┌,547,398,138,79.8,29.3,43653
11203076003,3,,љВїчјs,ќШЇУѓRњџќ┌,684,477,168,83.3,28.5,56957
11203076004,3,,љВїчјs,ќШЇУѓSњџќ┌,538,249,263,73.7,28,39635
11203076005,3,,љВїчјs,ќШЇУѓTњџќ┌,899,417,343,69.4,26.2,62423
112030770,2,,љВїчјs,Љтјџѕ└Їsї┤,2155,1669,275,89.7,29.8,193204
112030780,2,,љВїчјs,Љтјџѕ└ЇsЌ╠Ѕк,719,568,113,95.6,31.2,68707
112030790,2,,љВїчјs,Љтјџѕ└ЇsјюЌЛ,2009,1729,242,85.9,29.2,172529
112030800,2,,љВїчјs,Љтјџѕ└Їs,609,508,92,97,30,59062
112030810,2,,љВїчјs,Љтјџѕ└ЇsІgЅф,986,819,115,91.7,29.6,90407
112030820,2,,љВїчјs,Љтјџѕ└ЇsЊАћф,908,697,199,89.7,29.8,81445
112030830,2,,љВїчјs,Љтјџѕ└ЇsІgЉа,610,501,100,88.3,28.1,53834
112030840,2,,љВїчјs,Љтјџѕ└ЇsќkњJ,659,445,197,81.6,29.1,53762
112030850,2,,љВїчјs,Љтјџѕ└ЇsЈгјR,133,89,42,91.3,30.2,12137
112030860,2,,љВїчјs,Љтјџѕ└Їsљ╝ЌДќВ,86,66,18,84.5,28,7270
112030870,2,,љВїчјs,ѕ└ЇsЈoЅH,1183,714,437,84.5,27.7,99908
11203087001,3,,љВїчјs,ѕ└ЇsЈoЅHѓPњџќ┌,141,90,46,88.7,30.2,12507
11203087002,3,,љВїчјs,ѕ└ЇsЈoЅHѓQњџќ┌,295,190,101,83.5,27.8,24644
11203087003,3,,љВїчјs,ѕ└ЇsЈoЅHѓRњџќ┌,236,143,74,85.1,27.4,20085
11203087004,3,,љВїчјs,ѕ└ЇsЈoЅHѓSњџќ┌,277,157,119,81.5,27.1,22581
11203087005,3,,љВїчјs,ѕ└ЇsЈoЅHѓTњџќ┌,234,134,97,85.9,27.3,20092
112030880,2,,љВїчјs,Љтјџї╦њ╦,832,681,136,103.4,32.9,86025
112030890,2,,љВїчјs,Љтјџљ╝ЌДќВ,737,494,231,82.3,30,60636
112030900,2,,љВїчјs,ЉтјџњиЉаљVЊc,20,4,16,54.7,33.2,1094
112030910,2,,љВїчјs,ЉтјџІvЇХЅqќтљVЊc,248,195,46,95.1,30.9,23591
112030920,2,,љВїчјs,ЉтјџЊАЋ║ЅqљVЊc,306,238,51,89.7,29.8,27450
112030930,2,,љВїчјs,ЉтјџЇsЅq,71,52,17,90.4,26.7,6417
112030940,2,,љВїчјs,ЉтјџЇиін,623,498,117,90.3,29.9,56284
112030950,2,,љВїчјs,ї╦њ╦ушњг,721,388,294,83.6,31,60280
112030960,2,,љВїчјs,ї╦њ╦ІФњг,730,538,176,92.8,31.9,67765
112030970,2,,љВїчјs,ЊїљВїч,4231,2075,1899,69.3,27,293406
11203097001,3,,љВїчјs,ЊїљВїчѓPњџќ┌,587,274,287,72.1,28.3,42347
11203097002,3,,љВїчјs,ЊїљВїчѓQњџќ┌,615,263,314,63.5,27.9,39031
11203097003,3,,љВїчјs,ЊїљВїчѓRњџќ┌,459,158,239,58.1,26,26664
11203097004,3,,љВїчјs,ЊїљВїчѓSњџќ┌,954,464,420,72.9,28.2,69500
11203097005,3,,љВїчјs,ЊїљВїчѓTњџќ┌,889,563,303,69.8,25.1,62084
11203097006,3,,љВїчјs,ЊїљВїчѓUњџќ┌,727,353,336,74,26.9,53780
112030980,2,,љВїчјs,ќkї┤ЉС,1949,1142,715,76.7,26.6,149438
11203098001,3,,љВїчјs,ќkї┤ЉСѓPњџќ┌,761,404,345,68.5,25.7,52142
11203098002,3,,љВїчјs,ќkї┤ЉСѓQњџќ┌,775,439,291,78,26,60430
11203098003,3,,љВїчјs,ќkї┤ЉСѓRњџќ┌,413,299,79,89.3,29.2,36866
112030990,2,,љВїчјs,ї╦њ╦,3341,1290,1803,71.3,28.1,238120
11203099001,3,,љВїчјs,ї╦њ╦ѓPњџќ┌,552,179,317,63.8,28,35214
11203099002,3,,љВїчјs,ї╦њ╦ѓQњџќ┌,725,135,553,58.4,27.3,42322
11203099003,3,,љВїчјs,ї╦њ╦ѓRњџќ┌,783,342,358,72.9,26.5,57088
11203099004,3,,љВїчјs,ї╦њ╦ѓSњџќ┌,597,344,209,82.1,28.9,48991
11203099005,3,,љВїчјs,ї╦њ╦ѓTњџќ┌,399,215,177,89.1,32.4,35543
11203099006,3,,љВїчјs,ї╦њ╦ѓUњџќ┌,285,75,189,66.5,26.3,18961
112031000,2,,љВїчјs,ї╦њ╦Њї,4209,2003,1991,71.8,27.3,302206
11203100001,3,,љВїчјs,ї╦њ╦ЊїѓPњџќ┌,1178,397,684,62.6,27,73702
11203100002,3,,љВїчјs,ї╦њ╦ЊїѓQњџќ┌,1052,559,475,76.6,28.4,80596
11203100003,3,,љВїчјs,ї╦њ╦ЊїѓRњџќ┌,1126,489,575,71.4,26.5,80450
11203100004,3,,љВїчјs,ї╦њ╦ЊїѓSњџќ┌,853,558,257,79.1,27.3,67458
112031010,2,,љВїчјs,Їиін,1489,1039,409,92.2,30.3,137316
11203101001,3,,љВїчјs,ЇиінѓPњџќ┌,364,234,124,90.4,30.4,32918
11203101002,3,,љВїчјs,ЇиінѓQњџќ┌,637,463,154,92.7,31,59070
11203101003,3,,љВїчјs,ЇиінѓRњџќ┌,488,342,131,92.9,29.3,45328
112031020,2,,љВїчјs,њиЉа,902,332,519,73.5,26,66254
11203102001,3,,љВїчјs,њиЉаѓPњџќ┌,427,107,278,69.4,25.7,29642
11203102002,3,,љВїчјs,њиЉаѓQњџќ┌,282,66,212,68.9,25,19431
11203102003,3,,љВїчјs,њиЉаѓRњџќ┌,193,159,29,89,27.8,17182
