KEY_CODE,HYOSYO,HTKSYU,CITYNAME,NAME,T000055001,T000055002,T000055003,T000055004,T000055005,T000055006
,,,,,ZɏZވʐ,,c؉,Pѓ艄ʐ,Pl艄ʐ,ʐ
11210,1,,{s,,22401,16895,4525,103.3,34.8,2315055
112100010,2,,{s,,361,308,46,130.6,47.8,47140
11210001001,3,,{s,P,202,163,34,128.1,49.4,25871
11210001002,3,,{s,Q,159,145,12,133.8,45.9,21269
112100020,2,,{s,{,265,236,26,120.2,41.5,31853
112100030,2,,{s,,208,125,82,88.2,34.1,18343
112100040,2,,{s,쒬,1097,680,392,80.1,29.2,87881
112100050,2,,{s,xm,379,269,102,92.3,33.4,35000
112100060,2,,{s,h,877,591,268,97.7,36.6,85640
11210006001,3,,{s,hP,494,269,212,86.6,32.9,42757
11210006002,3,,{s,hQ,383,322,56,112,41.2,42883
112100070,2,,{s,v,2328,1596,618,90.9,31.4,211655
11210007001,3,,{s,vP,490,320,161,86.2,30,42214
11210007002,3,,{s,vQ,478,277,164,87.3,30.9,41715
11210007003,3,,{s,vR,254,190,59,103.6,36.1,26314
11210007004,3,,{s,vS,463,366,59,96.1,32.6,44513
11210007005,3,,{s,vT,485,338,125,89.6,30.3,43462
11210007006,3,,{s,vU,158,105,50,85,28.7,13438
112100080,2,,{s,厚v,375,283,88,90,29.5,33761
112100090,2,,{s,s,588,540,33,111.9,35.8,65804
11210009001,3,,{s,sP,113,101,4,115.6,40.8,13059
11210009002,3,,{s,sQ,157,142,10,118.3,37.7,18581
11210009003,3,,{s,sR,318,297,19,107.4,33.4,34164
112100100,2,,{s,厚s,217,211,3,130.9,39.5,28413
112100110,2,,{s,厚J,231,224,3,137.1,40,31666
112100120,2,,{s,厚È,151,148,1,145.2,39.5,21918
112100130,2,,{s,咬,387,299,80,107.1,40.1,41465
112100140,2,,{s,zK,395,214,172,85.7,32.6,33839
11210014001,3,,{s,zKP,291,165,124,84.9,31.7,24694
11210014002,3,,{s,zKQ,104,49,48,87.9,35.3,9145
112100150,2,,{s,ݒ,178,134,40,107.3,39.4,19092
112100160,2,,{s,r,265,210,54,110,37.4,29143
11210016001,3,,{s,rP,146,115,31,116.6,41,17023
11210016002,3,,{s,rQ,119,95,23,101.8,33.3,12120
112100170,2,,{s,l,98,71,21,92.9,31.4,9103
112100180,2,,{s,厚O,63,61,1,152.3,45.9,9595
112100190,2,,{s,厚O,685,515,155,106.4,35,72883
112100200,2,,{s,厚kl,575,278,30,91.6,31.8,52675
112100210,2,,{s,厚厛,193,177,15,134.1,42.4,25877
112100220,2,,{s,厚k,168,164,1,141.1,44.7,23712
112100230,2,,{s,y,782,574,185,92.8,34.4,72531
11210023001,3,,{s,yP,265,219,38,94.2,36.9,24950
11210023002,3,,{s,yQ,517,355,147,92,33.3,47580
112100240,2,,{s,,393,284,97,92.1,32.7,36193
11210024001,3,,{s,P,286,216,59,92.7,31.7,26511
11210024002,3,,{s,Q,107,68,38,90.5,35.6,9682
112100250,2,,{s,厚H,869,648,207,92.9,31.1,80738
112100260,2,,{s,厚n,599,485,53,104.9,34.4,62813
112100271,2,,{s,,1158,883,170,91.3,29.7,105672
11210027101,3,,{s,P,299,274,22,103.3,32,30878
11210027102,3,,{s,Q,336,282,30,93.1,29.4,31275
11210027103,3,,{s,R,401,239,110,80.1,27.9,32109
11210027104,3,,{s,S,81,68,8,98.7,32.1,7993
11210027105,3,,{s,T,41,20,-,83.3,26.5,3417
112100272,2,,{s,厚,155,154,1,132.3,36.9,20506
112100273,2,,{s,R,36,32,2,109.4,35.2,3939
112100280,2,,{s,厚K,380,332,15,138.8,41.8,52762
112100290,2,,{s,,269,169,66,87.9,33,23655
11210029001,3,,{s,P,52,35,15,92.6,33,4816
11210029002,3,,{s,Q,217,134,51,86.8,33,18839
112100300,2,,{s,厚,327,304,16,124.3,38.1,40656
112100310,2,,{s,ԍ,1940,867,1001,73.8,29.3,143198
11210031001,3,,{s,ԍP,608,237,332,68.3,29.1,41553
11210031002,3,,{s,ԍQ,531,213,305,69.9,30.1,37103
11210031003,3,,{s,ԍR,392,157,225,78.3,28.9,30699
11210031004,3,,{s,ԍS,409,260,139,82.7,29.2,33843
11210031005,3,,{s,ԍT,-,-,-,-,-,-
112100320,2,,{s,ԍk,1728,1280,412,85.7,29.8,148147
11210032001,3,,{s,ԍkP,395,288,100,92,31.8,36337
11210032002,3,,{s,ԍkQ,871,668,183,76.2,27.3,66367
11210032003,3,,{s,ԍkR,213,135,73,92.1,33.1,19609
11210032004,3,,{s,ԍkS,249,189,56,103.8,32,25834
112100330,2,,{s,厚ԍ,16,16,-,121.8,35.4,1949
112100340,2,,{s,厚[,227,220,5,143.2,43.7,32506
112100350,2,,{s,厚k,124,112,12,124.4,41.7,15422
112100360,2,,{s,厚g,46,45,-,147.8,37.6,6801
112100370,2,,{s,厚,94,93,1,129.2,39.7,12142
112100380,2,,{s,厚P,102,101,1,137,40.7,13977
112100390,2,,{s,厚,65,63,2,147.5,39.8,9587
112100400,2,,{s,厚쏬l,52,51,-,147.2,38.5,7652
112100411,2,,{s,厚,210,196,12,140.1,40.8,29415
112100412,2,,{s,,-,-,-,-,-,-
112100420,2,,{s,厚Dz,107,107,-,128.1,38.2,13710
112100430,2,,{s,厚厺,116,108,4,150.7,42.4,17486
112100440,2,,{s,厚󌭐,248,248,-,141.8,40.8,35165
112100450,2,,{s,厚󌭐,205,199,6,143.3,41.7,29384
112100460,2,,{s,厚󌭐,151,149,1,143.1,42.1,21610
112100470,2,,{s,厚ː,117,112,2,143.7,42.7,16817
112100480,2,,{s,厚Vc,96,93,-,142.9,40.4,13722
112100490,2,,{s,Ð,-,-,-,-,-,-
11210049001,3,,{s,ÐP,-,-,-,-,-,-
11210049002,3,,{s,ÐQ,-,-,-,-,-,-
112100500,2,,{s,厚u,422,390,8,125.6,37.6,53020
112100510,2,,{s,厚i,144,142,-,155.6,38.6,22402
112100520,2,,{s,厚ǐ,215,204,3,133.3,40.4,28652
112100530,2,,{s,厚,218,211,2,134.7,41.6,29357
112100540,2,,{s,厚z,547,536,8,139.5,40.7,76322
112100550,2,,{s,厚O,135,129,2,130,42.8,17554
112100560,2,,{s,K,24,24,-,130.7,39.7,3138
11210056001,3,,{s,KP,10,10,-,138.7,40.8,1387
11210056002,3,,{s,KQ,14,14,-,125,38.9,1751
