KEY_CODE,HYOSYO,HTKSYU,CITYNAME,NAME,T000055001,T000055002,T000055003,T000055004,T000055005,T000055006
,,,,,ZɏZވʐ,,c؉,Pѓ艄ʐ,Pl艄ʐ,ʐ
11232,1,,vs,,25990,17180,5472,91.5,33.1,2379109
112320010,2,,vs,厚,100,55,39,71.3,27.9,7130
112320020,2,,vs,厚gH,2331,1461,783,93.8,33.1,218648
11232002000,3,,vs,厚gH,248,181,59,101.6,35.5,25187
11232002001,3,,vs,gHP,697,349,313,87.8,33.4,61188
11232002002,3,,vs,gHQ,472,335,112,94.4,33.8,44533
11232002003,3,,vs,gHR,400,270,121,96.8,31.6,38703
11232002004,3,,vs,gHS,173,115,55,103,34.9,17814
11232002005,3,,vs,gHT,341,211,123,91.6,30.9,31223
112320030,2,,vs,厚I,72,69,2,128.3,44.8,9238
112320041,2,,vs,,768,511,196,92.5,30.9,71028
11232004101,3,,vs,тP,172,112,53,89.2,29.5,15336
11232004102,3,,vs,тQ,244,124,81,80.2,30.8,19574
11232004103,3,,vs,тR,150,107,38,104.7,32.5,15699
11232004104,3,,vs,тS,202,168,24,101.1,30.9,20420
112320042,2,,vs,厚,124,119,4,125.8,39.2,15599
112320050,2,,vs,厚v,1589,1305,237,86.2,29.8,137051
112320060,2,,vs,厚Ëv,608,439,151,88.8,31.8,54001
112320070,2,,vs,厚vV,84,84,-,108,32.9,9069
112320080,2,,vs,厚v{,332,249,80,96.9,34.1,32160
112320090,2,,vs,厚㑁,173,161,8,121.7,40,21048
112320100,2,,vs,厚],523,474,24,122.2,39.1,63931
112320110,2,,vs,厚x,280,275,5,132,37.9,36956
112320120,2,,vs,厚,132,125,7,144.1,39.7,19015
112320130,2,,vs,厚m,190,169,19,112.9,35.6,21442
112320140,2,,vs,厚k,502,453,38,117.4,37,58925
112320150,2,,vs,厚,594,520,60,109,36.1,64775
112320160,2,,vs,厚c,168,166,1,128.1,40.5,21523
112320170,2,,vs,厚Z,214,187,20,126.2,36.8,26998
112320180,2,,vs,厚㐴v,345,331,9,128.1,38.2,44207
112320190,2,,vs,厚k],272,264,3,126.7,37.6,34475
112320200,2,,vs,厚v,179,173,1,127.1,38,22748
112320210,2,,vs,厚v,310,287,20,113.6,37.8,35221
112320220,2,,vs,,3901,2356,1340,83.8,34,327030
11232022001,3,,vs,P,795,446,288,82.4,35,65534
11232022002,3,,vs,Q,776,316,399,73,33.5,56671
11232022003,3,,vs,R,607,381,202,83.6,33.7,50755
11232022004,3,,vs,S,503,422,71,98.8,33.5,49710
11232022005,3,,vs,T,871,558,282,86.2,34.9,75065
11232022006,3,,vs,U,349,233,98,83.9,32,29295
112320230,2,,vs,,1388,883,252,88.8,34.4,123204
11232023001,3,,vs,P,784,420,139,76.5,30.3,59940
11232023002,3,,vs,Q,203,144,48,88.7,35.8,18000
11232023003,3,,vs,R,206,165,37,116.5,40,23996
11232023004,3,,vs,S,195,154,28,109.1,42.1,21269
112320240,2,,vs,,1615,1028,473,86.1,34.7,138990
11232024001,3,,vs,P,296,150,118,81.2,35.7,24032
11232024002,3,,vs,Q,502,314,140,80,32.8,40142
11232024003,3,,vs,R,425,266,141,79.4,33.1,33763
11232024004,3,,vs,S,276,193,66,96.4,35.8,26618
11232024005,3,,vs,T,116,105,8,124.4,42.3,14435
112320250,2,,vs,{,2552,1794,652,96.3,35.8,245637
11232025001,3,,vs,{P,340,244,87,99.1,36.3,33685
11232025002,3,,vs,{Q,322,228,85,100.9,38.5,32495
11232025003,3,,vs,{R,525,319,177,89.2,34.9,46805
11232025004,3,,vs,{S,319,232,75,100.7,34.6,32132
11232025005,3,,vs,{T,218,183,19,106.5,36,23215
11232025006,3,,vs,{U,359,274,76,102,37.7,36615
11232025007,3,,vs,{V,206,146,55,89.2,35.6,18365
11232025008,3,,vs,{W,263,168,78,84.9,32.7,22325
112320260,2,,vs,㒬,740,532,177,88.9,33.3,65750
112320270,2,,vs,k,1579,1182,319,93.4,32.6,147491
11232027001,3,,vs,kP,623,357,219,83.1,31.2,51775
11232027002,3,,vs,kQ,956,825,100,100.1,33.4,95716
112320280,2,,vs,I,1277,856,386,86.6,30.3,110621
11232028001,3,,vs,IP,265,166,90,82.3,29.8,21814
11232028002,3,,vs,IQ,289,219,62,94.8,32.9,27402
11232028003,3,,vs,IR,394,221,162,80,29.1,31530
11232028004,3,,vs,IS,329,250,72,90.8,30,29875
112320290,2,,vs,t,3048,672,166,64,25,195199
11232029001,3,,vs,tP,1499,-,-,47.8,19.7,71607
11232029002,3,,vs,tQ,802,113,17,64.1,25,51446
11232029003,3,,vs,tR,140,109,28,102,34.1,14279
11232029004,3,,vs,tS,340,244,66,92.4,34.8,31413
11232029005,3,,vs,tT,267,206,55,99.1,32.8,26454
112320300,2,,vs,͌䒬,-,-,-,-,-,-
112320310,2,,vs,v,-,-,-,-,-,-
