KEY_CODE,HYOSYO,HTKSYU,CITYNAME,NAME,T000055001,T000055002,T000055003,T000055004,T000055005,T000055006
,,,,,ZɏZވʐ,,c؉,Pѓ艄ʐ,Pl艄ʐ,ʐ
11107,1,,Ya,,56584,33110,16174,77.2,31.6,4367147
111070010,2,,Ya,ݒ,3910,2180,1359,79.3,34.7,310033
11107001001,3,,Ya,ݒP,620,308,234,81.9,37.1,50791
11107001002,3,,Ya,ݒQ,541,312,170,85.5,35.5,46233
11107001003,3,,Ya,ݒR,454,228,184,80.2,35,36410
11107001004,3,,Ya,ݒS,777,411,325,69.7,32,54176
11107001005,3,,Ya,ݒT,487,239,172,83.1,34.5,40488
11107001006,3,,Ya,ݒU,532,362,133,83.6,35.7,44470
11107001007,3,,Ya,ݒV,499,320,141,75.1,33.4,37465
111070020,2,,Ya,,1268,713,406,79.3,32.5,100592
11107002001,3,,Ya,P,225,173,48,79.1,30.6,17800
11107002002,3,,Ya,Q,218,140,61,70.7,30.9,15415
11107002003,3,,Ya,R,278,104,96,70.4,28.9,19570
11107002004,3,,Ya,S,547,296,201,87.4,35.7,47808
111070030,2,,Ya,,2114,1207,719,72.9,33,154185
11107003001,3,,Ya,P,545,277,227,60,29.3,32682
11107003002,3,,Ya,Q,494,279,177,68.3,31.9,33759
11107003003,3,,Ya,R,428,270,127,74,33.2,31689
11107003004,3,,Ya,S,647,381,188,86.6,36.4,56055
111070040,2,,Ya,,7880,4329,2183,70.1,29.5,552511
11107004001,3,,Ya,ՂP,929,617,243,65.6,28.7,60912
11107004002,3,,Ya,ՂQ,722,466,202,74.3,30.2,53617
11107004003,3,,Ya,ՂR,1314,709,460,64.3,29.1,84516
11107004004,3,,Ya,ՂS,566,394,132,75.7,31.6,42827
11107004005,3,,Ya,ՂT,633,362,159,75,29.9,47504
11107004006,3,,Ya,ՂU,386,251,115,91.4,35.7,35296
11107004007,3,,Ya,ՂV,463,327,69,95.4,35.2,44161
11107004008,3,,Ya,ՂW,298,75,38,70.3,28.2,20950
11107004009,3,,Ya,ՂX,1249,577,515,61,31.2,76189
11107004010,3,,Ya,ՂPO,1320,551,250,65.6,24.2,86540
111070050,2,,Ya,kYa,4715,2541,1491,69.5,29.6,327925
11107005001,3,,Ya,kYaP,1093,593,433,65.8,32,71879
11107005002,3,,Ya,kYaQ,936,459,325,76.1,32.6,71240
11107005003,3,,Ya,kYaR,1011,505,407,67.8,31.7,68503
11107005004,3,,Ya,kYaS,232,43,110,58.4,30.9,13537
11107005005,3,,Ya,kYaT,1443,941,216,71.2,25.2,102767
111070060,2,,Ya,jPJ,3983,1994,825,67.1,27.8,267277
11107006001,3,,Ya,jPJP,853,390,212,71.8,31.1,61287
11107006002,3,,Ya,jPJQ,1107,629,274,70.5,28.8,78082
11107006003,3,,Ya,jPJR,677,386,181,72.9,30.7,49332
11107006004,3,,Ya,jPJS,1346,589,158,58.4,23.6,78576
111070070,2,,Ya,؍,5174,3151,1412,77.1,31.1,399067
11107007001,3,,Ya,؍P,1385,1051,268,69.9,29.6,96830
11107007002,3,,Ya,؍Q,561,259,231,73.9,33.9,41437
11107007003,3,,Ya,؍R,629,249,151,71.2,26.3,44801
11107007004,3,,Ya,؍S,627,318,211,78.3,31.4,49091
11107007005,3,,Ya,؍T,468,297,146,77.4,29.5,36240
11107007006,3,,Ya,؍U,924,554,272,82.4,34.4,76128
11107007007,3,,Ya,؍V,385,255,112,87.5,31.5,33694
11107007008,3,,Ya,؍W,195,168,21,106.9,37.5,20847
111070080,2,,Ya,؍,2465,1708,615,90,32.5,221973
11107008001,3,,Ya,؍P,446,327,89,90.6,32.1,40417
11107008002,3,,Ya,؍Q,617,349,232,82.4,31.1,50857
11107008003,3,,Ya,؍R,239,147,74,98,34.5,23416
11107008004,3,,Ya,؍S,492,351,131,90.4,32,44463
11107008005,3,,Ya,؍T,671,534,89,93.6,33.7,62821
111070090,2,,Ya,̉,4605,2549,1321,79.2,32.3,364810
11107009001,3,,Ya,̉ƂP,564,382,143,90,32.6,50764
11107009002,3,,Ya,̉ƂQ,443,255,150,83.5,36.9,37012
11107009003,3,,Ya,̉ƂR,628,383,170,84.6,32.9,53149
11107009004,3,,Ya,̉ƂS,598,357,153,81.7,34,48848
11107009005,3,,Ya,̉ƂT,470,263,182,76.4,34.8,35919
11107009006,3,,Ya,̉ƂU,802,393,240,74,31,59322
11107009007,3,,Ya,̉ƂV,1100,516,283,72.5,29.2,79794
111070100,2,,Ya,P,3164,2251,580,83,30.2,262590
11107010001,3,,Ya,PP,629,473,127,87.2,32.7,54873
11107010002,3,,Ya,PQ,740,560,116,73.5,26.2,54421
11107010003,3,,Ya,PR,488,276,60,80.2,29.9,39117
11107010004,3,,Ya,PS,645,411,189,85.5,31.8,55134
11107010005,3,,Ya,PT,662,531,88,89.2,31,59046
111070110,2,,Ya,,588,375,153,86.7,32.2,50983
11107011001,3,,Ya,P,494,337,133,88.6,33.1,43789
11107011002,3,,Ya,Q,94,38,20,76.5,27.6,7194
111070120,2,,Ya,匴,441,418,17,111.1,40.6,49001
11107012001,3,,Ya,匴P,261,250,8,108.2,40,28253
11107012002,3,,Ya,匴Q,172,160,9,116.3,41.9,20003
11107012003,3,,Ya,匴R,8,8,-,93.2,29.8,746
11107012004,3,,Ya,匴S,-,-,-,-,-,-
11107012005,3,,Ya,匴T,-,-,-,-,-,-
111070130,2,,Ya,On,1471,822,527,78.7,34,115777
11107013001,3,,Ya,OnP,421,253,133,80.9,32.5,34077
11107013002,3,,Ya,OnQ,461,260,182,80.7,37.1,37209
11107013003,3,,Ya,OnR,589,309,212,75.5,32.9,44490
111070140,2,,Ya,{,4904,3143,1408,80.5,32.5,394815
11107014001,3,,Ya,{P,1409,897,385,83.3,33.5,117422
11107014002,3,,Ya,{Q,1136,702,369,75.4,32,85676
11107014003,3,,Ya,{R,983,669,262,76.3,31.4,75013
11107014004,3,,Ya,{S,576,344,180,80.6,31.3,46440
11107014005,3,,Ya,{T,800,531,212,87.8,33.8,70264
111070150,2,,Ya,,2820,1656,853,82.8,34.6,233584
11107015001,3,,Ya,P,1002,632,315,83.1,35.4,83307
11107015002,3,,Ya,Q,1117,611,325,82.5,33.5,92107
11107015003,3,,Ya,R,701,413,213,83,35.3,58169
111070160,2,@,Ya,哌,2301,1533,529,89.1,32,204934
11107016001,3,,Ya,哌P,1056,735,243,85.4,30.6,90193
11107016002,3,,Ya,哌Q,688,425,132,92.1,32.8,63391
11107016003,3,@,Ya,哌R,557,373,154,92.2,33.8,51349
111070170,2,*,Ya,厚O,,,,,,
111070180,2,,Ya,_,1134,694,358,83.3,34.4,94425
11107018001,3,,Ya,_P,488,266,187,84.7,36.8,41317
11107018002,3,,Ya,_Q,646,428,171,82.2,32.8,53108
111070190,2,,Ya,cR,690,524,125,95.1,35.6,65643
111070200,2,,Ya,,1226,528,624,63,32.1,77221
111070210,2,,Ya,ݒ,923,420,281,71,29.4,65487
111070220,2,,Ya,,808,374,388,67.2,34.2,54314
