KEY_CODE,HYOSYO,HTKSYU,CITYNAME,NAME,T000055001,T000055002,T000055003,T000055004,T000055005,T000055006
,,,,,ZɏZވʐ,,c؉,Pѓ艄ʐ,Pl艄ʐ,ʐ
11105,1,,,,36319,20522,12027,73,30,2653090
111050030,2,,,㗎,6416,4328,1397,74.4,31.1,477283
11105003001,3,,,㗎P,775,558,183,68.9,31.8,53419
11105003002,3,,,㗎Q,1319,887,217,71.9,29,94886
11105003003,3,,,㗎R,813,475,235,70.6,30.9,57399
11105003004,3,,,㗎S,321,225,76,86,33.6,27619
11105003005,3,,,㗎T,691,401,212,74.5,32.3,51446
11105003006,3,,,㗎U,433,259,119,81.3,34.8,35208
11105003007,3,,,㗎V,1051,842,66,78.6,28.9,82590
11105003008,3,,,㗎W,540,374,139,72.5,30.4,39128
11105003009,3,,,㗎X,473,307,150,75.2,37.5,35588
111050040,2,,,厚㗎,-,-,-,-,-,-
111050050,2,,,厚,1042,547,281,71.9,31.2,74876
111050060,2,,,,4087,1953,1596,68.8,31.1,281027
11105006002,3,,,Q,674,359,260,78.4,34.4,52868
11105006003,3,,,R,823,356,248,67.6,32.2,55637
11105006004,3,,,S,625,259,251,62.5,29.6,39066
11105006005,3,,,T,532,266,178,73.9,30.9,39323
11105006006,3,,,U,862,413,420,61.4,28.3,52892
11105006007,3,,,V,571,300,239,72.2,31.4,41240
111050070,2,,,V,3794,1991,1062,70.3,27.6,266885
11105007001,3,,,VP,859,395,137,68,25.2,58397
11105007002,3,,,VQ,544,307,182,67.1,28.3,36499
11105007003,3,,,VR,666,410,223,69.9,29.4,46570
11105007004,3,,,VS,1019,472,310,67.2,25.1,68473
11105007005,3,,,VT,706,407,210,80.7,32.8,56946
111050080,2,,,J,4585,2472,1737,69.2,28.2,317061
11105008001,3,,,JP,64,53,11,73.1,29.2,4676
11105008002,3,,,JQ,273,105,163,61.3,29.8,16736
11105008003,3,,,JR,492,113,302,62.4,27.9,30705
11105008004,3,,,JS,1144,618,472,70.2,27.7,80274
11105008005,3,,,JT,364,204,146,69.1,28.6,25140
11105008006,3,,,JU,542,387,118,69.5,26.5,37695
11105008007,3,,,JV,1171,736,289,71.9,27.7,84226
11105008008,3,,,JW,361,195,143,80.1,32.8,28901
11105008009,3,,,JX,174,61,93,50,29.1,8708
111050090,2,,,,3589,1874,1488,78,33.1,279809
11105009001,3,,,˂P,696,399,276,84.1,33.9,58557
11105009002,3,,,˂Q,350,215,123,78.5,33.2,27463
11105009003,3,,,˂R,475,166,261,71.7,28.4,34036
11105009004,3,,,˂S,546,332,184,84.8,36.2,46299
11105009005,3,,,˂T,906,455,384,77.3,35.2,70055
11105009006,3,,,˂U,616,307,260,70.5,30.3,43398
111050100,2,,,q,1862,1328,462,79.9,27.9,148750
11105010001,3,,,qP,25,19,5,92.4,32.1,2310
11105010002,3,,,qQ,309,196,106,87.4,30,26993
11105010003,3,,,qR,625,390,203,82.1,29.2,51292
11105010004,3,,,qS,216,121,84,73.5,25.8,15879
11105010005,3,,,qT,687,602,64,76.1,26.3,52276
111050110,2,,,,2328,1147,1050,67.6,29.4,157356
11105011001,3,,,P,673,409,233,67.9,28.8,45669
11105011002,3,,,Q,674,337,285,72.4,30.8,48809
11105011003,3,,,R,575,279,285,63.8,28.8,36681
11105011004,3,,,S,406,122,247,64.5,29.2,26197
111050120,2,,,~,993,574,388,85.2,31.7,84568
11105012001,3,,,~P,16,14,2,156.8,49.2,2509
11105012002,3,,,~Q,198,128,68,88.8,31,17576
11105012003,3,,,~R,103,34,65,83.3,32.5,8584
11105012004,3,,,~S,303,196,94,83.5,32,25295
11105012005,3,,,~T,158,81,72,79.3,30.7,12528
11105012006,3,,,~U,49,22,25,83.7,30.8,4102
11105012007,3,,,~V,166,99,62,84.2,30.6,13974
111050130,2,,,u,742,485,180,78.6,28.7,58329
11105013001,3,,,uP,475,342,65,81.3,29,38633
11105013002,3,,,uQ,267,143,115,73.8,28.1,19696
111050140,2,,,{,2463,1429,704,76.2,29.7,187616
11105014001,3,,,{P,472,220,229,72.1,31.8,34032
11105014002,3,,,{Q,367,208,135,84.4,35,30971
11105014003,3,,,{R,634,398,154,74.3,28.4,47134
11105014004,3,,,{S,471,147,131,70,28.2,32949
11105014005,3,,,{T,422,408,11,83.2,27.4,35112
11105014006,3,,,{U,97,48,44,76.5,30.2,7418
111050150,2,,,{,4345,2391,1616,73,29.9,317135
11105015001,3,,,{P,483,230,219,75.7,31.7,36578
11105015002,3,,,{Q,526,218,246,68.6,34.5,36070
11105015003,3,,,{R,489,148,263,63,28.3,30823
11105015004,3,,,{S,662,363,252,74.6,30.7,49360
11105015005,3,,,{T,695,354,305,70.7,30.5,49149
11105015006,3,,,{U,341,202,122,79.8,28,27200
11105015007,3,,,{V,1149,876,209,76.5,28.3,87955
111050160,2,,,VsS,73,3,66,32.8,31.5,2395
