KEY_CODE,HYOSYO,HTKSYU,CITYNAME,NAME,T000055001,T000055002,T000055003,T000055004,T000055005,T000055006
,,,,,ZɏZވʐ,,c؉,Pѓ艄ʐ,Pl艄ʐ,ʐ
11245,1,,ӂݖs,,39492,24858,10799,73.1,28.8,2886494
112450010,2,,ӂݖs,,186,155,31,107.7,36,20035
112450020,2,,ӂݖs,,186,141,44,82.5,30.8,15352
11245002001,3,,ӂݖs,P,104,83,20,76.4,29.2,7945
11245002002,3,,ӂݖs,Q,82,58,24,90.3,32.8,7407
112450030,2,,ӂݖs,,552,321,208,73.6,29,40636
11245003001,3,,ӂݖs,P,118,58,52,70.2,28.6,8289
11245003002,3,,ӂݖs,Q,195,120,67,73.6,29.7,14346
11245003003,3,,ӂݖs,R,186,94,85,70.4,27.2,13091
11245003004,3,,ӂݖs,S,53,49,4,92.6,33.9,4910
112450040,2,,ӂݖs,,127,106,3,113.2,33.4,14378
112450050,2,,ӂݖs,,414,156,47,65.1,25.5,26963
11245005001,3,,ӂݖs,P,271,34,30,49.5,19.7,13425
11245005002,3,,ӂݖs,Q,1,-,-,50,25,50
11245005003,3,,ӂݖs,R,142,122,17,95,36.2,13487
112450061,2,,ӂݖs,r,55,14,40,66.8,26,3672
112450062,2,,ӂݖs,,150,141,9,91.8,30.5,13775
112450071,2,,ӂݖs,{Vc,74,34,20,76,28,5626
112450072,2,,ӂݖs,{,148,146,2,87.9,30.1,13011
112450073,2,,ӂݖs,Vc,11,10,1,103.6,34.5,1140
112450080,2,,ӂݖs,Vc,795,444,221,69.3,27.2,55113
11245008001,3,,ӂݖs,VcP,430,216,167,63.7,26.4,27393
11245008002,3,,ӂݖs,VcQ,365,228,54,75.9,28,27720
112450091,2,,ӂݖs,V,659,425,226,74.2,28.5,48894
11245009101,3,,ӂݖs,VтP,190,134,51,74.1,29.7,14077
11245009102,3,,ӂݖs,VтQ,74,29,44,66.6,26.8,4929
11245009103,3,,ӂݖs,VтR,240,137,102,70,25.8,16800
11245009104,3,,ӂݖs,VтS,155,125,29,84.4,32.3,13088
112450092,2,,ӂݖs,,706,491,199,72.7,27.8,51345
11245009201,3,,ӂݖs,P,301,225,66,72.8,28.3,21906
11245009202,3,,ӂݖs,Q,203,158,44,78.1,28.5,15858
11245009203,3,,ӂݖs,R,202,108,89,67.2,26.3,13582
112450093,2,,ӂݖs,,387,299,81,104.8,34.2,40573
112450100,2,,ӂݖs,xm,572,367,188,80.3,30.9,45923
112450110,2,,ӂݖs,㕟,4094,2099,1914,59.9,28.5,245137
11245011001,3,,ӂݖs,㕟P,996,560,410,57,27.9,56786
11245011002,3,,ӂݖs,㕟Q,385,216,167,67.2,30.1,25862
11245011003,3,,ӂݖs,㕟R,857,469,370,62.8,28.4,53785
11245011004,3,,ӂݖs,㕟S,747,387,334,61.1,28.6,45609
11245011005,3,,ӂݖs,㕟T,575,241,333,57.2,28.1,32906
11245011006,3,,ӂݖs,㕟U,534,226,300,56.5,28.6,30190
112450120,2,,ӂݖs,,1495,729,741,59,27.8,88205
11245012001,3,,ӂݖs,P,721,381,330,66.1,29.5,47694
11245012002,3,,ӂݖs,Q,774,348,411,52.3,26.1,40511
112450130,2,,ӂݖs,k,1426,859,551,64.2,29.4,91548
11245013001,3,,ӂݖs,kP,659,345,303,60.2,29.7,39674
11245013002,3,,ӂݖs,kQ,767,514,248,67.6,29.1,51874
112450140,2,,ӂݖs,匴,1265,765,475,67.6,30.1,85526
11245014001,3,,ӂݖs,匴P,902,501,386,63.5,29.3,57293
11245014002,3,,ӂݖs,匴Q,363,264,89,77.8,31.8,28233
112450150,2,,ӂݖs,,901,535,314,73,29.9,65750
11245015001,3,,ӂݖs,P,271,126,129,72.2,32.9,19560
11245015002,3,,ӂݖs,Q,630,409,185,73.3,28.8,46190
112450160,2,,ӂݖs,,1284,850,328,69.3,28.5,89024
11245016001,3,,ӂݖs,P,721,467,210,68.6,27.2,49476
11245016002,3,,ӂݖs,Q,563,383,118,70.2,30.3,39548
112450170,2,,ӂݖs,,359,201,138,61.8,27,22204
112450180,2,,ӂݖs,ێR,674,404,243,62.4,26.8,42037
112450190,2,,ӂݖs,u,1454,255,16,59.1,28.8,85906
11245019001,3,,ӂݖs,uP,617,6,10,55,27.8,33927
11245019002,3,,ӂݖs,uQ,21,16,4,102.2,41.3,2145
11245019003,3,,ӂݖs,uR,816,233,2,61.1,29.1,49834
112450200,2,,ӂݖs,,943,2,-,42.9,22,40475
11245020001,3,,ӂݖs,P,405,-,-,46.7,22.3,18894
11245020002,3,,ӂݖs,Q,317,-,-,41.4,22.2,13119
11245020003,3,,ӂݖs,R,221,2,-,38.3,21.1,8462
112450210,2,,ӂݖs,,311,218,84,82.2,30.2,25580
11245021001,3,,ӂݖs,P,110,72,34,77.5,30.3,8522
11245021002,3,,ӂݖs,Q,125,82,40,76.2,28.5,9528
11245021003,3,,ӂݖs,R,76,64,10,99.1,32.6,7530
112450220,2,,ӂݖs,m,531,362,165,74.9,29.1,39771
11245022001,3,,ӂݖs,mP,218,144,72,75.1,31,16382
11245022002,3,,ӂݖs,mQ,136,86,49,76.4,27.4,10389
11245022003,3,,ӂݖs,mR,177,132,44,73.4,28.3,13000
112450230,2,,ӂݖs,,394,202,185,64.6,27.9,25435
11245023001,3,,ӂݖs,P,249,115,131,61,26.7,15178
11245023002,3,,ӂݖs,Q,145,87,54,70.7,29.9,10256
112450240,2,,ӂݖs,R,276,144,132,74.2,28.8,20469
11245024001,3,,ӂݖs,RP,107,63,44,77.8,32.6,8320
11245024002,3,,ӂݖs,RQ,169,81,88,71.9,26.7,12149
112450250,2,,ӂݖs,zn,368,215,149,81.3,28.1,29932
11245025001,3,,ӂݖs,znP,80,36,42,75.7,26.3,6054
11245025002,3,,ӂݖs,znQ,126,69,55,76.8,28.9,9671
11245025003,3,,ӂݖs,znR,162,110,52,87.7,28.4,14208
112450260,2,,ӂݖs,,130,111,19,97,29.5,12614
11245026001,3,,ӂݖs,ۂP,76,63,13,90.9,26.9,6911
11245026002,3,,ӂݖs,ۂQ,54,48,6,105.6,33.4,5704
112450270,2,,ӂݖs,{,225,153,62,84,27.1,18893
11245027001,3,,ӂݖs,{P,79,69,8,101.3,31.1,8002
11245027002,3,,ӂݖs,{Q,146,84,54,74.6,24.8,10891
112450280,2,,ӂݖs,m,62,50,12,96.5,32.9,5982
112450290,2,,ӂݖs,,315,236,76,86.4,30.6,27204
11245029001,3,,ӂݖs,P,111,74,34,81,28.9,8989
11245029002,3,,ӂݖs,Q,91,64,27,88.9,32,8089
11245029003,3,,ӂݖs,R,113,98,15,89.6,31.2,10127
112450300,2,,ӂݖs,Jc,149,101,47,76.5,26.7,11401
11245030001,3,,ӂݖs,JcP,13,13,-,118.7,33.5,1543
11245030002,3,,ӂݖs,JcQ,136,88,47,72.5,25.9,9858
112450310,2,@,ӂݖs,ԃm,37,21,16,90.4,36.4,3345
11245031001,3,*,ӂݖs,ԃm؂P,,,,,,
11245031002,3,*,ӂݖs,ԃm؂Q,,,,,,
112450320,2,,ӂݖs,,680,598,72,89.1,33.7,60586
11245032001,3,,ӂݖs,P,201,188,10,89,31.5,17888
11245032002,3,,ӂݖs,Q,284,264,18,96.4,35.2,27383
11245032003,3,,ӂݖs,R,195,146,44,78.5,34.1,15314
112450330,2,,ӂݖs,,1299,1118,116,86.7,28.9,112607
112450340,2,,ӂݖs,c,1629,1192,395,77,28,125399
112450351,2,,ӂݖs,Pu,1412,1183,160,73.5,27.1,103716
11245035101,3,,ӂݖs,PuP,470,392,48,79.9,29.8,37557
11245035102,3,,ӂݖs,PuQ,432,373,40,63.1,23.5,27275
11245035103,3,,ӂݖs,PuR,510,418,72,76.2,27.8,38884
112450352,2,,ӂݖs,ӂݖ,752,547,187,84.1,29.6,63226
11245035201,3,,ӂݖs,ӂݖP,226,196,25,85.4,28.7,19290
11245035202,3,,ӂݖs,ӂݖQ,374,323,41,90.1,30.7,33707
11245035203,3,,ӂݖs,ӂݖR,46,13,31,68.3,28.8,3140
11245035204,3,,ӂݖs,ӂݖS,106,15,90,66.9,27.9,7090
112450353,2,,ӂݖs,Tv,1818,1533,192,83.7,29.7,152124
11245035302,3,,ӂݖs,TvێԓyiUVXԈȑOj,522,445,68,81.7,29,42628
11245035304,3,,ӂݖs,TvێT,677,586,66,80.9,29.4,54798
11245035305,3,,ӂݖs,TvێOp,396,305,39,89.3,30.7,35346
11245035306,3,,ӂݖs,Tvێ쌴,223,197,19,86.8,31.1,19352
112450360,2,,ӂݖs,߃P,1809,870,713,73.5,28.5,132979
11245036001,3,,ӂݖs,߃PP,405,190,203,72,28.7,29167
11245036002,3,,ӂݖs,߃PQ,435,117,278,69.9,26.4,30395
11245036003,3,,ӂݖs,߃PR,415,189,203,66.4,28.4,27541
11245036004,3,,ӂݖs,߃PS,532,368,14,85.1,30.2,45255
11245036005,3,,ӂݖs,߃PT,22,6,15,28.2,17.2,621
112450370,2,,ӂݖs,߃P,945,571,338,73.5,31.4,69504
11245037001,3,,ӂݖs,߃PP,631,371,234,70.8,30.5,44657
11245037002,3,,ӂݖs,߃PQ,193,138,51,76.5,35.6,14762
11245037003,3,,ӂݖs,߃PR,121,62,53,83.4,30.1,10085
112450380,2,,ӂݖs,䕐,745,648,71,77.2,26.7,57483
112450390,2,,ӂݖs,߃P,128,114,10,80.3,27.9,10279
112450400,2,,ӂݖs,߃P,551,487,48,82.5,28.9,45441
11245040001,3,,ӂݖs,߃PP,-,-,-,-,-,-
11245040002,3,,ӂݖs,߃PQ,551,487,48,82.5,28.9,45441
112450410,2,,ӂݖs,΃Pu,542,446,66,93.4,32.2,50629
11245041001,3,,ӂݖs,΃PuP,201,165,23,90.5,29.4,18193
11245041002,3,,ӂݖs,΃PuQ,341,281,43,95.1,34,32436
112450420,2,,ӂݖs,v,642,530,97,73.8,28.5,47360
112450430,2,,ӂݖs,,389,259,106,90.4,30.7,35183
11245043001,3,,ӂݖs,P,58,46,11,137.6,43.9,7981
11245043002,3,,ӂݖs,Q,331,213,95,82.2,28.2,27202
112450440,2,,ӂݖs,c,195,45,131,73,30.1,14226
112450450,2,,ӂݖs,,207,95,97,78.1,29.8,16168
112450460,2,,ӂݖs,ꂵ,502,361,121,83.9,30.9,42103
11245046001,3,,ӂݖs,ꂵP,105,36,63,81.7,30.8,8581
11245046002,3,,ӂݖs,ꂵQ,397,325,58,84.4,31,33523
112450470,2,,ӂݖs,s,1218,851,297,75.6,25.3,92077
11245047001,3,,ӂݖs,sP,231,96,107,86.1,31.1,19900
11245047002,3,,ӂݖs,sQ,369,200,144,76,25,28061
11245047003,3,,ӂݖs,sR,618,555,46,71.4,23.5,44116
112450480,2,,ӂݖs,䒆,1252,907,292,75.8,28.5,94956
11245048001,3,,ӂݖs,䒆P,215,176,36,85.4,30.4,18357
11245048002,3,,ӂݖs,䒆Q,355,237,101,71.4,27.7,25363
11245048003,3,,ӂݖs,䒆R,440,331,98,70.2,27.7,30875
11245048004,3,,ӂݖs,䒆S,242,163,57,84.1,29.5,20362
112450490,2,,ӂݖs,Tv,1062,741,303,82.5,28.8,87573
11245049001,3,,ӂݖs,TvۂP,247,173,70,76.7,27.1,18947
11245049002,3,,ӂݖs,TvۂQ,345,246,93,78.6,27.2,27102
11245049003,3,,ӂݖs,TvۂR,261,216,43,88.9,30.2,23201
11245049004,3,,ӂݖs,TvۂS,209,106,97,87.7,31.5,18324
