KEY_CODE,HYOSYO,HTKSYU,CITYNAME,NAME,T000055001,T000055002,T000055003,T000055004,T000055005,T000055006
,,,,,ZɏZވʐ,,c؉,Pѓ艄ʐ,Pl艄ʐ,ʐ
11108,1,,,,65327,35082,22621,71.1,28.6,4641484
111080010,2,,,J,1505,1081,316,83.7,31.7,126021
11108001001,3,,,JP,834,585,187,86.2,33.4,71891
11108001002,3,,,JQ,671,496,129,80.7,29.7,54130
111080020,2,,,Ya,5741,1684,2347,61.3,28.7,351910
11108002001,3,,,YaP,1234,514,552,69,31.3,85156
11108002002,3,,,YaQ,1696,735,792,61.3,29,103928
11108002003,3,,,YaR,2674,380,925,57.9,27.1,154816
11108002004,3,,,YaS,137,55,78,58.5,31.7,8010
111080030,2,,,cE,2797,1740,842,77,32.1,215286
11108003002,3,,,cEQ,907,536,272,81.6,34.7,73988
11108003004,3,,,cES,650,450,153,85.5,32.7,55551
11108003005,3,,,cET,1240,754,417,69.2,29.7,85748
111080040,2,,,厚cE,3171,2163,844,83.7,31.4,265325
11108004001,3,,,厚cE,1873,1346,427,85.2,30.9,159496
11108004002,3,,,厚cE,1298,817,417,81.5,32.3,105829
111080050,2,,,厚J,5434,3521,1239,84.8,29.9,460835
11108005001,3,,,厚J,2420,1740,457,86.3,30.1,208769
11108005002,3,,,厚J,1561,859,384,82.5,28.2,128770
11108005003,3,,,厚J,1453,922,398,84.9,31.5,123296
111080060,2,,,厚~,705,450,238,81,28.9,57081
111080070,2,,,厚LPJ,800,587,174,83.2,30.3,66541
111080080,2,,,,5330,2628,1938,64.5,26.4,343798
11108008001,3,,,P,359,163,173,79.5,31.4,28551
11108008002,3,,,Q,415,211,178,82.1,35.4,34066
11108008003,3,,,R,1100,725,305,63.6,27.5,69948
11108008004,3,,,S,1744,771,537,58.9,24.9,102728
11108008005,3,,,T,790,297,331,63.9,23.5,50512
11108008006,3,,,U,922,461,414,62.9,25,57993
111080090,2,,,,6070,3368,1857,69.8,27.2,423832
11108009001,3,,,҂P,1051,624,348,72.2,27.3,75833
11108009002,3,,,҂Q,926,474,367,76.5,31,70794
11108009003,3,,,҂R,716,612,92,69.6,26.5,49860
11108009004,3,,,҂S,816,379,415,68.4,25.8,55819
11108009005,3,,,҂T,558,425,115,75.8,25.9,42300
11108009006,3,,,҂U,232,98,31,72.6,27.3,16846
11108009007,3,,,҂V,770,392,181,66.8,26.7,51449
11108009008,3,,,҂W,1001,364,308,60.9,26.7,60931
111080100,2,,,,5871,2842,2567,63.8,27.8,374532
11108010001,3,,,P,689,334,313,64.7,29.1,44592
11108010002,3,,,Q,1356,626,662,64,28.9,86811
11108010003,3,,,R,1602,625,733,61.5,27.5,98554
11108010004,3,,,S,1133,612,478,62,26.6,70233
11108010005,3,,,T,1091,645,381,68.1,27.1,74342
111080110,2,,,ʏ,4580,2202,1560,74.5,31.7,341205
11108011001,3,,,ʏP,449,241,161,78.7,33.1,35342
11108011002,3,,,ʏQ,940,430,250,83.5,33.4,78509
11108011003,3,,,ʏR,945,537,304,84.2,34.2,79562
11108011004,3,,,ʏS,266,189,49,99.1,40,26350
11108011005,3,,,ʏT,582,239,259,63.9,29.8,37172
11108011006,3,,,ʏU,675,208,342,59.1,24.5,39889
11108011007,3,,,ʏV,723,358,195,61.4,29.8,44382
111080120,2,,,,4099,1986,1641,69.6,28.8,285364
11108012001,3,,,݂P,779,320,390,71.6,29.1,55761
11108012002,3,,,݂Q,579,313,226,70.5,29.7,40846
11108012003,3,,,݂R,922,432,430,73.6,31.7,67864
11108012004,3,,,݂S,494,260,205,77.8,33.4,38414
11108012005,3,,,݂T,1325,661,390,62.2,24.9,82480
111080130,2,,,e,1963,1189,504,70.4,26.3,138236
11108013001,3,,,eP,1506,910,377,69.8,26.8,105073
11108013002,3,,,eQ,457,279,127,72.6,24.7,33163
11108013003,3,,,eR,-,-,-,-,-,-
111080140,2,,,,477,253,206,68.4,30.8,32619
11108014001,3,,,ւP,229,103,112,67.3,33.6,15417
11108014002,3,,,ւQ,248,150,94,69.4,28.7,17201
111080150,2,,,,4929,2501,2127,65.3,27.4,321795
11108015001,3,,,܂P,474,292,153,66.7,28.9,31616
11108015002,3,,,܂Q,439,199,187,60.8,27.6,26686
11108015003,3,,,܂R,736,302,382,63.2,26.8,46495
11108015004,3,,,܂S,849,378,414,63.1,26.7,53592
11108015005,3,,,܂T,854,431,383,65.8,27.4,56162
11108015006,3,,,܂U,854,482,328,67,28.3,57199
11108015007,3,,,܂V,723,417,280,69.2,26.9,50045
111080160,2,,,厚O,-,-,-,-,-,-
111080170,2,,,{,1994,1462,468,74.3,27.5,148195
11108017001,3,,,{P,675,484,156,74.6,27.4,50330
11108017002,3,,,{Q,398,314,76,73.6,28.1,29299
11108017003,3,,,{R,496,331,159,70.8,27.3,35130
11108017004,3,,,{S,425,333,77,78.7,27.3,33436
111080180,2,,,Ȗ{,2895,1471,1262,68.9,27.6,199465
11108018001,3,,,Ȗ{P,616,273,320,65.4,26.7,40306
11108018002,3,,,Ȗ{Q,637,321,240,75.9,28.6,48338
11108018003,3,,,Ȗ{R,529,292,211,74.6,28.7,39443
11108018004,3,,,Ȗ{S,561,225,319,63.3,27.5,35539
11108018005,3,,,Ȗ{T,552,360,172,64.9,26.1,35840
111080190,2,,,J,3780,2288,1205,71.6,26.5,270502
11108019001,3,,,JP,197,182,11,77,26.8,15172
11108019002,3,,,JQ,338,238,80,78.4,29.1,26497
11108019003,3,,,JR,594,369,174,69.4,28,41194
11108019004,3,,,JS,595,210,339,64.5,27.9,38388
11108019005,3,,,JT,809,394,330,70.8,25.9,57297
11108019006,3,,,JU,740,540,175,71.1,24.8,52647
11108019007,3,,,JV,507,355,96,77.5,25.4,39307
111080200,2,,,lJ,1553,865,567,69.6,28.3,108123
11108020001,3,,,lJP,521,306,196,66.5,26.8,34628
11108020002,3,,,lJQ,467,349,88,77.4,29.1,36144
11108020003,3,,,lJR,565,210,283,66.1,29,37351
111080210,2,,,{,1169,571,512,64.2,29,75039
11108021001,3,,,{P,449,185,224,65,28.3,29200
11108021002,3,,,{Q,720,386,288,63.7,29.4,45839
111080220,2,,,_,464,230,207,77.1,33,35780
11108022001,3,,,_P,299,131,151,77.9,34.2,23282
11108022002,3,,,_Q,165,99,56,75.7,31,12498
