KEY_CODE,HYOSYO,HTKSYU,CITYNAME,NAME,T000055001,T000055002,T000055003,T000055004,T000055005,T000055006
,,,,,ZɏZވʐ,,c؉,Pѓ艄ʐ,Pl艄ʐ,ʐ
11218,1,,[Js,,35423,25081,8263,100.6,35.1,3564622
112180010,2,,[Js,厚[J,23,23,-,129.7,33.9,2984
112180051,2,,[Js,,544,366,152,89.3,38.7,48602
11218005101,3,,[Js,P,290,197,78,80,35.5,23195
11218005102,3,,[Js,Q,116,82,31,103.6,48.2,12014
11218005103,3,,[Js,R,138,87,43,97.1,37.7,13394
112180052,2,,[Js,厚,265,189,75,89,29.7,23597
112180060,2,,[Js,΃Pu,924,466,292,84.9,33.9,78413
112180070,2,,[Js,厚cJ,529,332,98,94.2,32.7,49828
112180080,2,,[Js,厚,668,405,221,88.8,32.8,59291
112180090,2,,[Js,厚,757,593,144,93,32.1,70395
112180100,2,,[Js,厚ȓc,238,196,9,102,32.7,24285
112180110,2,,[Js,厚,531,378,143,86.7,31.4,46039
112180120,2,,[Js,,245,113,18,73.7,28.4,18056
112180130,2,,[Js,厚h,1083,771,191,98.4,33.2,106521
112180140,2,,[Js,厚ɐ,38,38,-,134.8,39.1,5121
112180150,2,,[Js,,179,100,75,94.3,37.8,16880
112180160,2,,[Js,厚l,854,826,23,132.2,39.3,112937
112180170,2,,[Js,厚,283,265,17,134.7,39.4,38107
112180180,2,,[Js,厚~,237,227,8,139.5,41.1,33070
112180190,2,,[Js,厚,252,241,10,127.1,40.1,32028
112180200,2,,[Js,厚J,519,511,5,136.7,38.1,70964
112180210,2,,[Js,厚,233,230,3,142.7,39,33246
112180220,2,,[Js,厚ܔV,546,507,33,134.8,39.3,73577
112180230,2,,[Js,厚,4987,3211,1625,88.6,33.3,441681
11218023001,3,,[Js,厚,3781,2459,1230,88,32.6,332598
11218023002,3,,[Js,厚,1206,752,395,90.5,35.7,109083
112180240,2,,[Js,H,290,258,22,111.9,37.6,32449
112180250,2,,[Js,Pu,260,145,109,85.4,33.6,22192
112180260,2,,[Js,厚,3150,2194,853,91.3,33.3,287543
112180270,2,,[Js,厚,1260,982,240,104.4,35.5,131600
112180280,2,,[Js,厚ώ,685,404,256,88.6,33.4,60710
112180300,2,,[Js,厚{cPJ,40,40,-,139.2,41.2,5568
112180310,2,,[Js,,81,58,17,94.3,31.8,7639
112180320,2,,[Js,Ւ,926,584,68,94.1,35.8,87142
112180330,2,,[Js,厚,239,235,-,144.8,40.6,34608
112180340,2,,[Js,厚{PJ,60,60,-,149.6,45.6,8976
112180350,2,,[Js,厚㑝c,146,144,-,134.4,42.2,19618
112180360,2,,[Js,厚@,292,281,6,125.8,38.1,36729
112180370,2,,[Js,厚,30,28,-,133.6,43.6,4007
112180380,2,,[Js,厚x,78,76,-,141,42.6,10997
112180390,2,,[Js,厚],158,107,-,116.9,34,18472
112180400,2,,[Js,厚Β,113,111,-,143.5,41,16213
112180410,2,,[Js,厚K,57,57,-,157.1,43.3,8956
112180420,2,,[Js,厚V,317,278,12,122.2,40.6,38745
112180430,2,,[Js,厚~,168,141,-,136.7,36.8,22972
112180440,2,,[Js,厚,171,168,2,140,36.4,23942
112180450,2,,[Js,厚P,170,162,7,133.4,40.3,22676
112180460,2,,[Js,厚,211,210,1,149,42.2,31432
112180470,2,,[Js,厚˓,43,41,1,153.1,44.8,6585
112180480,2,,[Js,厚N,70,69,-,125,39.6,8747
112180490,2,,[Js,厚JV,23,18,5,122,37.4,2806
112180500,2,,[Js,厚ːX,268,140,4,102.5,31.3,27460
112180510,2,,[Js,厚V,428,417,3,140.7,38.7,60213
112180520,2,,[Js,厚,220,217,-,143.7,40,31616
112180530,2,,[Js,厚,165,157,4,137.5,40.2,22689
112180540,2,,[Js,厚,137,135,2,139.4,40.8,19094
112180550,2,,[Js,厚숢,66,66,-,154.1,42.9,10168
112180560,2,,[Js,厚k,52,50,-,144.4,39.3,7507
112180570,2,,[Js,厚,219,217,2,138.1,39.2,30251
112180580,2,,[Js,厚c,159,153,3,123.9,38.2,19707
112180590,2,,[Js,厚v,132,131,1,126.7,37.5,16724
112180600,2,,[Js,厚v,377,359,15,128.2,36.9,48342
112180610,2,,[Js,厚,66,66,-,151.2,42.8,9981
112180620,2,,[Js,厚,491,471,16,135.1,41.9,66354
112180630,2,,[Js,c,321,226,93,100.7,36.9,32318
112180690,2,,[Js,[J,218,157,51,108.5,45.2,23660
112180700,2,,[Js,,148,125,20,126.2,45.5,18670
112180710,2,,[Js,{Z,257,174,77,104.6,45.3,26888
112180720,2,,[Js,ג,679,493,166,99.9,37.3,67815
11218072001,3,,[Js,גP,455,306,136,95.3,36.5,43365
11218072002,3,,[Js,גQ,128,104,21,110.4,39.5,14132
11218072003,3,,[Js,גR,96,83,9,107.5,37.7,10318
112180750,2,,[Js,,1563,864,668,85.5,31.1,133616
11218075001,3,,[Js,P,321,185,131,82.9,28.9,26599
11218075002,3,,[Js,Q,307,169,130,88.1,31.7,27040
11218075003,3,,[Js,R,337,181,151,88.2,32.5,29708
11218075004,3,,[Js,S,325,178,143,86.3,32.7,28033
11218075005,3,,[Js,T,273,151,113,81.4,29.4,22236
112180800,2,,[Js,ώ,183,118,60,95.7,32.2,17517
112180820,2,,[Js,V_,221,189,26,97.7,35.3,21583
112180900,2,,[Js,Ē,3022,1311,1395,76.7,30.3,231891
11218090001,3,,[Js,ĒP,624,210,229,67.4,28,42075
11218090002,3,,[Js,ĒQ,447,182,236,79.5,32.5,35544
11218090003,3,,[Js,ĒR,439,173,241,70.7,30.5,31041
11218090004,3,,[Js,ĒS,464,223,219,82.4,30.9,38226
11218090005,3,,[Js,ĒT,489,308,154,82.1,29.8,40163
11218090006,3,,[Js,ĒU,290,104,170,76.9,31,22301
11218090007,3,,[Js,ĒV,269,111,146,83.8,30.3,22542
112180910,2,,[Js,Ē,2058,1299,648,91,32.5,187252
11218091001,3,,[Js,ĒP,393,204,180,82.5,31.1,32420
11218091002,3,,[Js,ĒQ,257,155,96,79,30,20315
11218091003,3,,[Js,ĒR,263,212,49,99.5,32,26167
11218091004,3,,[Js,ĒS,200,103,94,90.6,32.4,18128
11218091005,3,,[Js,ĒT,370,241,119,89.5,33.2,33124
11218091006,3,,[Js,ĒU,163,94,64,93.6,32.8,15251
11218091007,3,,[Js,ĒV,412,290,46,101.6,34.9,41847
112180970,2,,[Js,גk,181,156,16,107.3,35.6,19423
112181010,2,,[Js,,279,181,90,91.2,39,25443
11218101004,3,,[Js,S,63,46,13,96.7,36.3,6093
11218101005,3,,[Js,T,216,135,77,89.6,40,19350
112181030,2,,[Js,h,366,250,110,92.3,35.8,33784
112181040,2,,[Js,,174,120,52,101.8,35.9,17710
