KEY_CODE,HYOSYO,HTKSYU,CITYNAME,NAME,T000055001,T000055002,T000055003,T000055004,T000055005,T000055006
,,,,,ZɏZވʐ,,c؉,Pѓ艄ʐ,Pl艄ʐ,ʐ
11202,1,,FJs,,67160,48473,13895,99.1,35.7,6657475
112020010,2,,FJs,{,298,233,58,99.3,42.3,29584
11202001001,3,,FJs,{P,184,142,39,104.8,42.7,19287
11202001002,3,,FJs,{Q,114,91,19,90.3,41.5,10297
112020020,2,,FJs,,48,44,1,100.6,37.7,4828
112020030,2,,FJs,,131,103,25,101.2,43.2,13251
11202003001,3,,FJs,P,59,53,5,117.6,45.1,6941
11202003002,3,,FJs,Q,72,50,20,87.6,41.2,6310
112020040,2,,FJs,q,138,84,50,74.9,37.7,10331
112020050,2,,FJs,퐶,214,128,69,77,39.3,16487
11202005001,3,,FJs,퐶P,124,76,36,75.3,38.4,9339
11202005002,3,,FJs,퐶Q,90,52,33,79.4,40.4,7148
112020060,2,,FJs,{,450,350,85,98.1,40.8,44167
11202006001,3,,FJs,{P,175,136,32,100.2,40.8,17528
11202006002,3,,FJs,{Q,275,214,53,96.9,40.9,26639
112020070,2,,FJs,L,832,497,195,93.5,36,77795
11202007001,3,,FJs,LP,134,94,35,74.3,41.1,9950
11202007002,3,,FJs,LQ,121,70,32,101.4,41.9,12274
11202007003,3,,FJs,LR,316,155,81,92.1,32.8,29111
11202007004,3,,FJs,LS,261,178,47,101.4,35.9,26460
112020080,2,,FJs,}g,472,332,104,89.8,37.6,42395
11202008001,3,,FJs,}gP,215,114,74,81.7,33.1,17567
11202008002,3,,FJs,}gQ,43,41,1,124.8,48.3,5365
11202008003,3,,FJs,}gR,214,177,29,90.9,39.9,19463
112020090,2,,FJs,,2184,1378,609,77,33.5,168112
11202009001,3,,FJs,P,256,196,45,91.5,38.5,23437
11202009002,3,,FJs,Q,330,206,97,78.6,35.4,25948
11202009003,3,,FJs,R,328,221,93,72.6,31.5,23806
11202009004,3,,FJs,S,311,216,64,77,33.3,23944
11202009005,3,,FJs,T,325,219,86,75.1,31,24411
11202009006,3,,FJs,U,286,129,83,68.5,31.1,19602
11202009007,3,,FJs,V,348,191,141,77.5,34.2,26966
112020100,2,,FJs,厚c,49,30,19,86.1,34.6,4219
112020110,2,,FJs,c,1395,962,335,95.9,37.6,133829
11202011001,3,,FJs,cP,212,170,33,102.8,39.8,21788
11202011002,3,,FJs,cQ,233,179,45,94.8,40.8,22081
11202011003,3,,FJs,cR,113,92,16,103.9,43,11742
11202011004,3,,FJs,cS,122,88,28,108.6,41.9,13253
11202011005,3,,FJs,cT,146,60,52,81.6,32.5,11907
11202011006,3,,FJs,cU,336,234,81,96.7,38,32503
11202011007,3,,FJs,cV,233,139,80,88.2,31.3,20555
112020120,2,,FJs,{,745,489,219,90.8,40.2,67631
11202012001,3,,FJs,{΂P,297,226,53,104.8,41.8,31130
11202012002,3,,FJs,{΂Q,448,263,166,81.5,38.9,36501
112020130,2,,FJs,Ό,868,650,174,94.2,35.9,81798
11202013001,3,,FJs,ΌP,235,165,51,91.8,33.1,21572
11202013002,3,,FJs,ΌQ,352,291,54,94.6,37.1,33303
11202013003,3,,FJs,ΌR,281,194,69,95.8,36.9,26923
112020140,2,,FJs,厚Ό,2514,1684,654,89.8,33.4,225799
112020150,2,,FJs,,232,117,25,86.8,30.2,20138
11202015001,3,,FJs,P,154,117,25,99.4,37.2,15310
11202015002,3,,FJs,Q,78,-,-,61.9,18.9,4828
112020160,2,,FJs,ԏ钬,567,343,142,87.7,34.4,49746
11202016001,3,,FJs,ԏ钬P,275,139,74,80.4,31.5,22099
11202016002,3,,FJs,ԏ钬Q,123,93,29,105.2,39.1,12945
11202016003,3,,FJs,ԏ钬R,169,111,39,87,35.6,14702
112020170,2,,FJs,|,481,269,178,90.3,37.3,43430
112020180,2,,FJs,{{,489,311,144,78.9,36.1,38579
112020190,2,,FJs,ɐ,483,248,173,78.9,34.3,38125
112020200,2,,FJs,,522,417,90,104.1,39.8,54361
112020210,2,,FJs,͌,602,274,283,76.2,36.6,45850
11202021001,3,,FJs,͌P,350,152,179,69.3,35.8,24241
11202021002,3,,FJs,͌Q,252,122,104,85.8,37.6,21609
112020220,2,,FJs,{O,785,456,282,72.1,34.5,56625
11202022001,3,,FJs,{OP,467,297,151,70.9,33.8,33105
11202022002,3,,FJs,{OQ,318,159,131,74,35.4,23520
112020230,2,,FJs,ؒ,168,77,79,75,39.2,12592
11202023001,3,,FJs,ؒP,99,52,39,73.9,37.9,7320
11202023002,3,,FJs,ؒQ,69,25,40,76.4,41.2,5272
112020240,2,,FJs,,452,244,173,84.3,35.3,38120
11202024001,3,,FJs,P,156,67,72,84.5,39.4,13189
11202024002,3,,FJs,Q,296,177,101,84.2,33.4,24931
112020250,2,,FJs,,906,287,462,66.7,31.9,60389
11202025001,3,,FJs,P,94,44,46,69.7,30.7,6549
11202025002,3,,FJs,Q,253,122,116,77.3,35.2,19560
11202025003,3,,FJs,R,130,41,67,73.8,33,9597
11202025004,3,,FJs,S,241,51,168,57.6,31.7,13883
11202025005,3,,FJs,T,188,29,65,57.4,27.3,10800
112020261,2,,FJs,,346,230,99,100.9,36.3,34924
11202026101,3,,FJs,˂P,84,65,15,106.9,38.4,8984
11202026102,3,,FJs,˂Q,118,80,37,98.4,35.2,11611
11202026103,3,,FJs,˂R,144,85,47,99.5,36.1,14329
112020262,2,,FJs,厚,1302,1048,144,104,34.6,135415
112020270,2,,FJs,厚V,3375,2551,718,98.5,34.5,332488
11202027001,3,,FJs,厚V,2592,1857,642,93.3,33.5,241826
11202027002,3,,FJs,厚V,783,694,76,115.8,37.2,90662
112020280,2,,FJs,厚,314,286,21,116,36.6,36429
112020290,2,,FJs,,722,457,219,95.2,36.2,68748
11202029001,3,,FJs,P,198,147,44,102,40.1,20190
11202029002,3,,FJs,Q,92,73,18,101.1,36.6,9300
11202029003,3,,FJs,R,282,166,101,94.4,34.3,26611
11202029004,3,,FJs,S,150,71,56,84.3,34.4,12647
112020300,2,,FJs,厚`,1852,1306,282,88.5,31.2,163963
112020310,2,,FJs,厚,317,287,26,124.2,37.1,39375
112020320,2,,FJs,厚,1195,958,218,99.3,33.5,118694
112020330,2,,FJs,厚V,394,264,123,91.9,34.7,36195
112020341,2,,FJs,厚ʈ,825,762,43,118.3,39.3,97604
112020342,2,,FJs,ʈ,292,195,77,95,34,27754
11202034201,3,,FJs,ʈP,115,75,23,89.4,34.9,10285
11202034202,3,,FJs,ʈQ,88,67,20,102.2,35.4,8991
11202034203,3,,FJs,ʈR,89,53,34,95.3,31.8,8479
112020350,2,,FJs,厚vۓ,1675,889,94,84.7,30.3,141855
112020360,2,,FJs,厚Vx,2018,1080,561,83.7,32.4,168848
112020370,2,,FJs,厚,266,182,78,90,33.2,23936
112020380,2,,FJs,ʈ,492,309,171,92.6,32.5,45561
11202038001,3,,FJs,ʈP,103,52,47,89.6,33.4,9224
11202038002,3,,FJs,ʈQ,54,31,19,82.6,31.4,4462
11202038003,3,,FJs,ʈR,99,77,21,104.2,33.5,10314
11202038004,3,,FJs,ʈS,147,94,51,89.3,32.1,13132
11202038005,3,,FJs,ʈT,89,55,33,94.7,31.3,8429
112020390,2,,FJs,厚喃,581,555,15,120.6,39,70093
112020400,2,,FJs,厚,271,243,23,125.9,43.2,34109
112020411,2,,FJs,厚L,834,590,214,94.7,34.7,79017
112020412,2,,FJs,,95,80,13,123.2,38.6,11704
112020420,2,,FJs,厚쌴,116,109,6,133.6,38.5,15499
112020430,2,,FJs,厚,69,68,1,128.2,39.5,8846
112020440,2,,FJs,厚Jc,1281,949,298,105.3,37.4,134950
112020450,2,,FJs,厚,722,555,131,100.2,36.5,72317
112020460,2,,FJs,厚ˏo,320,254,62,102.2,39.2,32702
112020470,2,,FJs,≮,-,-,-,-,-,-
11202047001,3,,FJs,≮P,-,-,-,-,-,-
11202047002,3,,FJs,≮Q,-,-,-,-,-,-
11202047003,3,,FJs,≮R,-,-,-,-,-,-
11202047004,3,,FJs,≮S,-,-,-,-,-,-
112020480,2,,FJs,厚v,1239,932,282,91.1,34.1,112919
112020490,2,,FJs,厚,172,170,2,133.7,38.2,22992
112020500,2,,FJs,v,941,499,403,76.9,32.3,72386
11202050001,3,,FJs,vP,199,90,89,84.7,32.7,16856
11202050002,3,,FJs,vQ,259,132,122,70.3,29.5,18207
11202050003,3,,FJs,vR,334,160,162,68.5,32.8,22872
11202050004,3,,FJs,vS,149,117,30,97,35.3,14451
112020510,2,,FJs,厚],326,297,24,112.4,36.9,36643
112020520,2,,FJs,厚㒆,638,628,3,133.5,39.5,85189
112020530,2,,FJs,厚,449,437,8,121.5,35.9,54536
112020540,2,,FJs,厚,63,63,-,153.3,45.8,9656
112020550,2,,FJs,厚ޗ,537,497,29,123.7,39.3,66410
112020560,2,,FJs,厚ޗ,363,332,25,126.9,40,46072
112020570,2,,FJs,厚ޗ,850,670,23,112,37.8,95159
112020580,2,,FJs,厚l,92,91,-,124.8,38.9,11480
112020590,2,,FJs,厚ޗǐVc,95,94,1,124.1,37.9,11786
112020600,2,,FJs,厚ʕ{,315,309,5,136.5,40.8,43011
112020610,2,,FJs,厚ʕ{,326,311,8,139.9,42,45603
112020620,2,,FJs,厚c,107,104,-,136,42.1,14555
112020630,2,,FJs,ʕ{,1512,760,675,84,31.8,127078
11202063001,3,,FJs,ʕ{P,137,47,58,73.5,28.2,10074
11202063002,3,,FJs,ʕ{Q,336,179,138,82.1,32.3,27598
11202063003,3,,FJs,ʕ{R,311,129,175,76.6,27.9,23828
11202063004,3,,FJs,ʕ{S,351,240,108,98.1,34.7,34417
11202063005,3,,FJs,ʕ{T,377,165,196,82.7,33,31161
112020640,2,,FJs,厚OPK,1021,787,45,116.5,38.3,118973
112020650,2,,FJs,厚VxVc,691,389,140,90.1,33,62263
112020660,2,@,FJs,厚EZ,2319,1408,644,85.9,30.8,199160
112020670,2,*,FJs,厚ňЃP,,,,,,
112020680,2,,FJs,y,541,331,192,81.3,32.1,43960
11202068001,3,,FJs,yP,229,158,67,87.2,32.9,19976
11202068002,3,,FJs,yQ,215,127,80,80.6,31.6,17325
11202068003,3,,FJs,yR,97,46,45,68.6,31.4,6659
112020690,2,,FJs,厚,923,498,382,78.9,34.9,72785
112020700,2,,FJs,厚g,1174,1033,120,105.4,35.6,123797
112020710,2,,FJs,厚k,271,256,9,119.6,39.8,32409
112020720,2,,FJs,厚ːVc,130,100,28,109.1,41,14177
112020730,2,,FJs,厚r,223,209,12,123.2,36.2,27478
112020740,2,,FJs,厚,290,283,6,123.3,37,35748
112020750,2,,FJs,厚FJ,-,-,-,-,-,-
112020760,2,,FJs,,311,206,68,92.3,35.6,28706
11202076001,3,,FJs,P,88,68,14,92.9,37.2,8174
11202076002,3,,FJs,Q,223,138,54,92.1,35,20532
112020780,2,,FJs,匴,1047,761,258,89.1,33.7,93319
11202078001,3,,FJs,匴P,364,241,112,85,33.3,30957
11202078002,3,,FJs,匴Q,211,171,38,88.5,32.5,18682
11202078003,3,,FJs,匴R,177,129,45,93.9,35.6,16620
11202078004,3,,FJs,匴S,295,220,63,91.7,34,27060
112020790,2,,FJs,~,470,360,104,95.6,33.2,44916
11202079001,3,,FJs,~P,311,242,65,96.6,34,30046
11202079002,3,,FJs,~Q,159,118,39,93.5,31.8,14869
112020800,2,,FJs,厚Vx,620,315,275,83.4,36.1,51733
112020810,2,,FJs,厚Vx,1262,676,524,87.5,34.8,110404
112020820,2,,FJs,,1126,700,388,94.1,34.5,105980
11202082001,3,,FJs,P,220,127,87,87.1,33.7,19165
11202082002,3,,FJs,Q,370,215,138,99.6,38.7,36847
11202082003,3,,FJs,R,158,114,40,106.7,34.8,16861
11202082004,3,,FJs,S,123,84,35,89.3,31.8,10979
11202082005,3,,FJs,T,255,160,88,86.8,30.7,22130
112020830,2,,FJs,蓇,85,84,1,140,41.2,11898
112020840,2,,FJs,㉶c,86,81,1,129.2,38.1,11114
112020850,2,,FJs,c,109,89,18,109.5,33.6,11931
112020860,2,,FJs,,126,118,-,133,39,16753
112020870,2,,FJs,,59,59,-,128.7,37,7595
112020880,2,,FJs,],90,90,-,140.4,40.6,12635
112020890,2,,FJs,ÓcVc,124,124,-,161.8,43.3,20068
112020900,2,,FJs,c,109,92,17,124.7,42.1,13590
112020910,2,,FJs,g~,24,24,-,156.6,44.2,3759
112020920,2,,FJs,,43,43,-,119.8,33.7,5153
112020930,2,,FJs,{,36,36,-,144.2,43.6,5190
112020940,2,,FJs,J,33,30,-,161.2,40.3,5321
112020950,2,,FJs,Óc,117,116,1,145.3,39.8,16997
112020960,2,,FJs,,48,46,-,140.6,42.2,6748
112020970,2,,FJs,ʍ,88,87,-,162.9,44,14337
112020980,2,,FJs,,200,196,2,129.7,38.4,25935
112020990,2,,FJs,R,217,208,7,117,37.2,25394
112021000,2,,FJs,,253,249,3,140.6,40,35563
112021010,2,,FJs,Dؑ,571,497,62,116.7,36.4,66641
11202101001,3,,FJs,DؑP,165,153,7,122.8,38,20267
11202101002,3,,FJs,DؑQ,116,103,10,114.7,36.1,13306
11202101003,3,@,FJs,DؑR,158,125,29,108.1,35.1,17087
11202101004,3,*,FJs,DؑS,,,,,,
11202101005,3,,FJs,DؑT,132,116,16,121.1,36.2,15982
112021020,2,,FJs,厚ȏ,1844,1352,403,104.2,37.5,192216
11202102001,3,,FJs,厚ȏ{,69,58,10,119.4,40.4,8241
11202102002,3,,FJs,厚ȏ,119,114,4,125.7,43.1,14959
11202102003,3,,FJs,厚ȏ,148,84,58,95.4,34.2,14113
11202102004,3,,FJs,厚ȏ{,102,70,14,100.5,37.2,10256
11202102005,3,,FJs,厚ȏo,75,65,9,114.9,39.2,8616
11202102006,3,,FJs,厚ȏrm,107,95,12,116.8,38,12495
11202102007,3,,FJs,厚ȏѐ,117,101,7,115.6,39.9,13528
11202102008,3,,FJs,厚ȏ,94,44,31,75.3,33.6,7079
11202102009,3,,FJs,厚ȏ,112,61,50,100,38.9,11201
11202102010,3,,FJs,厚ȏ㒬,84,74,9,122.3,39.4,10276
11202102011,3,,FJs,厚ȏ,54,47,7,116.9,42.6,6311
11202102012,3,,FJs,厚ȏ,92,70,16,103.1,37.5,9487
11202102013,3,,FJs,厚ȏK,186,112,67,101.2,38.3,18822
11202102014,3,,FJs,厚ȏ,30,28,2,125.2,40.4,3757
11202102016,3,,FJs,厚ȏ{,294,197,83,92,33.9,27041
11202102017,3,,FJs,厚ȏ_,129,107,18,94.1,33.9,12137
11202102018,3,,FJs,厚ȏ{,1,-,-,49.5,16.5,50
11202102019,3,@,FJs,厚ȏ,14,10,4,117.8,42.3,1650
11202102020,3,*,FJs,厚ȏQ,,,,,,
11202102021,3,,FJs,厚ȏ,17,15,2,129.4,44.9,2200
112021030,2,,FJs,厚퓡,817,727,76,117.6,38.7,96070
11202103001,3,,FJs,厚퓡퉺,158,133,22,114.2,40.6,18046
11202103002,3,,FJs,厚퓡ᒆ,58,50,8,119.1,32.4,6910
11202103003,3,,FJs,厚퓡ᐙV,140,114,25,122.8,40.5,17197
11202103004,3,,FJs,厚퓡N,56,56,-,154.6,40.5,8657
11202103005,3,,FJs,厚퓡,39,39,-,133.7,42.1,5216
11202103006,3,,FJs,厚퓡k,62,42,15,102.3,42.6,6345
11202103007,3,,FJs,厚퓡퓡Vc,44,44,-,137.4,36.6,6046
11202103008,3,,FJs,厚퓡ȏ,248,239,6,106.6,37,26441
11202103009,3,,FJs,厚퓡]g,12,10,-,101.1,34.7,1213
112021040,2,,FJs,厚j,144,137,6,151,41,21746
112021050,2,,FJs,厚,170,163,4,135.7,39.4,23066
112021060,2,,FJs,厚o,100,99,1,145.8,41.3,14582
112021070,2,@,FJs,厚ԁXc,140,138,1,152.2,42.4,21304
11202107001,3,*,FJs,厚ԁXcԁXc,,,,,,
11202107002,3,*,FJs,厚ԁXc䒆,,,,,,
112021080,2,,FJs,厚,157,155,1,159.7,48.2,25078
11202108001,3,,FJs,厚,49,49,-,170,52.7,8332
11202108002,3,,FJs,厚,108,106,1,155.1,46.3,16746
112021090,2,,FJs,厚i䑾c,292,286,3,133.4,39.5,38948
11202109001,3,,FJs,厚i䑾c㕽,38,38,-,144.1,41.8,5477
11202109002,3,,FJs,厚i䑾ck,66,62,2,130.7,37.7,8627
11202109003,3,,FJs,厚i䑾ci,75,74,1,140,39.5,10501
11202109004,3,,FJs,厚i䑾c,51,51,-,134.6,39.2,6867
11202109005,3,,FJs,厚i䑾cOVc,44,44,-,133.6,44.9,5879
11202109006,3,@,FJs,厚i䑾c,18,17,-,88.8,29,1598
11202109007,3,*,FJs,厚i䑾csm,,,,,,
112021100,2,,FJs,厚ђ,236,233,3,137.4,41.6,32419
11202110001,3,,FJs,厚ђ˔ђ,100,100,-,135.5,43.1,13548
11202110002,3,,FJs,厚ђ˕,46,45,1,146.5,44.3,6737
11202110003,3,,FJs,厚ђˌÍ],50,49,1,143.8,40.2,7190
11202110004,3,,FJs,厚ђˉi,-,-,-,-,-,-
11202110005,3,,FJs,厚ђ˓PJ,40,39,1,123.6,36.6,4945
11202110006,3,,FJs,厚ђˎsm,-,-,-,-,-,-
112021110,2,@,FJs,厚ؓc,142,139,3,134.8,39.3,19145
11202111001,3,*,FJs,厚ؓcؓc,,,,,,
11202111002,3,*,FJs,厚ؓc,,,,,,
112021120,2,,FJs,厚PJ,28,28,-,149.7,45.1,4191
11202112001,3,,FJs,厚PJ˓PJ,20,20,-,148.3,43.6,2965
11202112002,3,@,FJs,厚PJ˔ђ,8,8,-,153.2,49,1225
11202112003,3,*,FJs,厚PJ˔ؓc,,,,,,
112021130,2,,FJs,厚],287,267,13,125.3,38,35956
11202113001,3,,FJs,厚]܍]k,115,113,1,144.5,43.3,16617
11202113002,3,,FJs,厚]܍],70,68,2,137.6,34,9629
11202113003,3,,FJs,厚]ܖk,86,75,10,96,34.4,8260
11202113004,3,,FJs,厚]ܐ쒆,16,11,-,90.6,36.2,1450
112021140,2,,FJs,厚,45,44,1,150.3,46,6764
112021150,2,,FJs,厚sm,98,94,3,123.3,39.5,12086
112021160,2,,FJs,厚㍪,254,230,18,112.4,37.1,28558
11202116001,3,,FJs,厚㍪㍪,254,230,18,112.4,37.1,28558
11202116002,3,,FJs,厚㍪㍪,-,-,-,-,-,-
112021170,2,,FJs,厚]g,291,216,2,96.8,32.4,28164
11202117001,3,,FJs,厚]g]g,104,87,-,122.3,37.1,12723
11202117002,3,,FJs,厚]g]g,53,-,-,60.3,20.8,3197
11202117003,3,,FJs,厚]g]g,134,129,2,91.4,32.9,12245
112021180,2,,FJs,厚c,116,115,1,138.8,39.5,16099
112021190,2,,FJs,厚PP,529,516,11,115.2,35.7,60943
11202119001,3,,FJs,厚PP,131,129,1,123.8,37.2,16222
11202119002,3,,FJs,厚PP,139,133,5,116.1,36.2,16142
11202119003,3,,FJs,厚PP,117,116,1,120.1,34.6,14052
11202119004,3,,FJs,厚PPQ,142,138,4,102.3,34.6,14527
11202119005,3,,FJs,厚PP,-,-,-,-,-,-
11202119006,3,,FJs,厚PP{,-,-,-,-,-,-
112021200,2,,FJs,厚{,431,418,6,113,34.1,48719
11202120001,3,,FJs,厚{ˏ{˓,50,50,-,122.6,33.5,6130
11202120002,3,,FJs,厚{ˏ{˒,65,61,1,124.1,35.4,8067
11202120003,3,,FJs,厚{ˏ{ː,63,63,-,130.1,38.7,8198
11202120004,3,,FJs,厚{ˏ{˃nCc,253,244,5,104,32.6,26324
112021210,2,,FJs,厚,278,242,34,119.1,37.9,33100
11202121001,3,,FJs,厚鐼,222,199,22,126.2,38.1,28018
11202121002,3,,FJs,厚鐼,56,43,12,90.8,36.8,5082
11202121003,3,,FJs,厚XJ,-,-,-,-,-,-
112021220,2,,FJs,厚c,129,104,22,106.4,36.4,13724
112021230,2,,FJs,厚,329,293,29,106.2,37.1,34948
112021240,2,,FJs,厚ac,445,425,9,124.4,38.5,55380
11202124001,3,,FJs,厚ac,50,47,-,135.4,39.1,6771
11202124002,3,,FJs,厚ach,43,42,1,138.5,45.8,5957
11202124003,3,,FJs,厚ach,46,43,2,136.2,41.2,6266
11202124004,3,,FJs,厚ac,56,53,2,129.3,36.9,7240
11202124005,3,,FJs,厚ac,62,56,2,130.3,40.2,8081
11202124006,3,,FJs,厚acrh,82,80,2,139.5,41.4,11437
11202124007,3,@,FJs,厚acaccn,106,104,-,90.8,31,9629
11202124008,3,*,FJs,厚ac,,,,,,
112021250,2,,FJs,厚,317,309,5,123.4,39.1,39130
11202125001,3,,FJs,厚,55,55,-,150.2,45.4,8262
11202125002,3,,FJs,厚,52,52,-,145,43.9,7543
11202125003,3,,FJs,厚,74,72,1,131.1,39.4,9703
11202125004,3,,FJs,厚cn,136,130,4,100.2,33.9,13623
112021260,2,,FJs,厚ٍ,36,35,-,135.9,39.8,4892
112021270,2,,FJs,厚,116,114,1,133,39.8,15426
112021280,2,,FJs,厚U,50,50,-,144.9,37.5,7244
112021290,2,,FJs,͐~,-,-,-,-,-,-
112021300,2,,FJs,ȏ,683,504,138,103.4,34,70638
11202130001,3,,FJs,ȏP,105,62,15,87.7,34.1,9206
11202130002,3,,FJs,ȏQ,164,130,33,109.7,36.4,17990
11202130003,3,,FJs,ȏR,148,100,42,96,30.7,14201
11202130004,3,,FJs,ȏS,226,174,46,110.1,33.5,24882
11202130005,3,,FJs,ȏT,40,38,2,109,39.3,4359
112021310,2,,FJs,,95,51,41,103.5,35.6,9834
11202131001,3,,FJs,,23,13,10,91.4,35.6,2103
11202131002,3,,FJs,,11,11,-,140,44,1540
11202131003,3,,FJs,,61,27,31,101.5,34,6191
