KEY_CODE,HYOSYO,HTKSYU,CITYNAME,NAME,T000055001,T000055002,T000055003,T000055004,T000055005,T000055006
,,,,,ZɏZވʐ,,c؉,Pѓ艄ʐ,Pl艄ʐ,ʐ
11103,1,,{,,43144,24822,14311,80.5,33.2,3472442
111030010,2,,{,匴,411,334,69,71.7,28.8,29463
11103001006,3,,{,匴U,203,158,42,76.1,29.9,15453
11103001007,3,,{,匴V,208,176,27,67.4,27.6,14010
111030020,2,,{,kܒ,2002,1240,604,79.7,32.2,159473
11103002001,3,,{,kܒP,950,625,262,75.8,31.6,71971
11103002002,3,,{,kܒQ,1052,615,342,83.2,32.8,87503
111030030,2,,{,g~,1569,880,573,76.5,34.4,120086
11103003001,3,,{,g~P,221,116,91,77.2,36.4,17056
11103003002,3,,{,g~Q,404,278,107,69.3,31.2,27988
11103003003,3,,{,g~R,493,278,202,81.3,35.7,40078
11103003004,3,,{,g~S,451,208,173,77.5,35.1,34964
111030040,2,,{,Ԓ,1012,618,350,89.6,37.2,90697
11103004001,3,,{,ԒP,437,278,145,89.6,38.3,39153
11103004002,3,,{,ԒQ,575,340,205,89.6,36.3,51544
111030050,2,,{,V,3928,2306,1337,83.7,33.8,328850
11103005001,3,,{,VP,1939,1132,647,81.4,33.5,157747
11103005002,3,,{,VQ,1989,1174,690,86,34.1,171103
111030060,2,,{,x̓,3439,2238,1010,81.9,33.2,281627
11103006001,3,,{,x̓P,1900,1248,545,77.7,31.5,147655
11103006002,3,,{,x̓Q,646,399,205,86.1,34.8,55589
11103006003,3,,{,x̓R,893,591,260,87.8,35.5,78383
111030070,2,,{,\,1905,678,359,69.6,28.9,132555
11103007001,3,,{,\P,573,247,185,68.7,32.7,39341
11103007002,3,,{,\Q,1332,431,174,70,27.5,93214
111030080,2,,{,@,1514,1054,374,98.1,39.8,148599
11103008001,3,,{,@P,733,539,168,92.4,38.6,67729
11103008002,3,,{,@Q,503,356,128,106.8,40.6,53701
11103008003,3,,{,@R,278,159,78,97.7,41,27169
11103008004,3,,{,@S,-,-,-,-,-,-
111030090,2,,{,y蒬,1771,892,633,74.1,33.9,131311
11103009001,3,,{,y蒬P,979,423,378,66.4,32.6,65021
11103009002,3,,{,y蒬Q,238,154,63,94.9,38.3,22586
11103009003,3,,{,y蒬R,554,315,192,78.9,33.7,43703
111030100,2,,{,{,1201,702,434,72.7,36.9,87265
11103010001,3,,{,{P,36,31,4,113.9,52.6,4101
11103010002,3,,{,{Q,151,112,31,81.4,36.3,12289
11103010003,3,,{,{R,343,219,108,82.5,36.3,28288
11103010004,3,,{,{S,431,243,163,63.5,36.6,27357
11103010005,3,,{,{T,240,97,128,63.5,36.2,15230
111030110,2,,{,咬,530,375,131,78.1,34.9,41376
11103011001,3,,{,咬P,23,19,4,102.9,57.7,2367
11103011002,3,,{,咬Q,34,23,10,95.4,43.3,3244
11103011003,3,,{,咬R,473,333,117,75.6,33.5,35765
111030120,2,,{,,298,129,137,65.8,38.7,19623
11103012001,3,,{,P,24,16,7,106.5,49.1,2555
11103012002,3,,{,Q,45,23,10,78.9,50,3551
11103012003,3,,{,R,229,90,120,59,35.2,13517
111030130,2,,{,,346,159,101,63.6,31.9,22023
11103013001,3,,{,P,115,81,26,74.2,36.5,8534
11103013002,3,,{,Q,149,59,75,56.6,35,8437
11103013003,3,,{,R,82,19,-,61.6,23.4,5052
111030140,2,,{,,1245,790,398,80.9,36.3,100718
11103014001,3,,{,P,572,376,170,86,37,49220
11103014002,3,,{,Q,673,414,228,76.5,35.7,51497
111030150,2,,{,ؒ,3556,2076,1134,77,33.4,273985
11103015001,3,,{,ؒP,187,115,61,79.3,38.1,14825
11103015002,3,,{,ؒQ,681,310,288,64.8,34.2,44122
11103015003,3,,{,ؒR,442,318,108,81.4,32.8,35970
11103015004,3,,{,ؒS,2246,1333,677,79.7,33,179068
111030160,2,,{,ђ,-,-,-,-,-,-
111030170,2,,{,听,4520,2532,1498,79.7,32.1,360228
11103017001,3,,{,听P,1703,845,508,77.2,30.6,131470
11103017002,3,,{,听Q,1120,606,425,80.4,33.9,90022
11103017003,3,,{,听R,1697,1081,565,81.8,32.6,138736
111030180,2,,{,,2266,1197,944,85.1,33.5,192779
111030190,2,,{,O,7867,4539,2769,81.6,31.2,642160
11103019001,3,,{,OP,3226,1696,1156,79.5,29.8,256385
11103019002,3,,{,OQ,2013,1210,704,83.8,31.9,168692
11103019003,3,,{,OR,687,410,254,79,33.4,54266
11103019004,3,,{,OS,1941,1223,655,83.9,32,162818
111030200,2,,{,㏬,3764,2083,1456,82.3,33.9,309626
11103020001,3,,{,㏬,1629,889,663,75.4,31.5,122800
11103020002,3,,{,㏬,2135,1194,793,87.5,35.6,186826
