KEY_CODE,HYOSYO,HTKSYU,CITYNAME,NAME,T000055001,T000055002,T000055003,T000055004,T000055005,T000055006
,,,,,ZɏZވʐ,,c؉,Pѓ艄ʐ,Pl艄ʐ,ʐ
11241,1,,߃s,,26331,16339,7117,80.1,30.6,2109880
112410010,2,,߃s,厚r,1897,1445,284,85.9,30.6,162966
112410020,2,,߃s,rܒ,2888,1402,1359,69.9,30.1,201987
11241002001,3,,߃s,rܒP,978,342,573,55.4,26.2,54141
11241002002,3,,߃s,rܒQ,532,277,238,74.5,31.3,39619
11241002003,3,,߃s,rܒR,583,266,288,67.3,29.2,39228
11241002004,3,,߃s,rܒS,326,211,110,86.3,34.6,28125
11241002005,3,,߃s,rܒT,277,140,131,66.7,30.7,18463
11241002006,3,,߃s,rܒU,192,166,19,116.7,35.5,22410
112410030,2,,߃s,h,219,130,83,68.9,29.1,15081
112410040,2,,߃s,厚q,282,270,6,128.5,39.2,36237
112410050,2,,߃s,厚Vc,1600,1287,252,85.1,30.4,136183
112410060,2,,߃s,Hܒ,293,172,113,74.8,29.7,21911
112410070,2,,߃s,厚Vc,697,459,224,82.1,32.4,57258
112410080,2,,߃s,厚Vc,198,175,20,107.5,35.4,21280
112410090,2,,߃s,厚,236,217,14,115.5,37.1,27263
112410100,2,@,߃s,厚Oc,317,271,16,118.4,37.7,37534
112410110,2,*,߃s,厚OcؐVc,,,,,,
112410120,2,,߃s,厚cPJ,508,455,19,109.8,34.5,55764
112410130,2,,߃s,厚,3329,2529,604,83,30.3,276316
112410140,2,,߃s,厚LJ,3599,1939,1524,71,29.8,255610
112410150,2,@,߃s,厚ܖPJ,1094,684,368,85.8,32.9,93918
112410160,2,*,߃s,厚xm,,,,,,
112410170,2,,߃s,xm,3840,1804,1124,67.5,27.2,259031
11241017001,3,,߃s,xmP,824,301,251,58.5,25.6,48239
11241017002,3,,߃s,xmQ,1002,463,392,71.6,30,71787
11241017003,3,,߃s,xmR,806,367,10,64,23.1,51557
11241017004,3,,߃s,xmS,540,251,241,75.9,30.4,41011
11241017005,3,,߃s,xmT,668,422,230,69.5,27.8,46436
11241017006,3,,߃s,xmU,-,-,-,-,-,-
112410180,2,,߃s,厚߃Pu,1692,1054,565,70.3,29.9,118924
112410190,2,,߃s,Pu,1760,740,433,83.9,30.9,147578
11241019001,3,,߃s,PuP,240,112,112,84.9,34.8,20366
11241019002,3,,߃s,PuQ,212,116,87,89.4,36.2,18963
11241019003,3,,߃s,PuR,357,214,124,87.9,33.1,31383
11241019004,3,,߃s,PuS,621,67,25,69.4,24.7,43070
11241019005,3,,߃s,PuT,330,231,85,102.4,34.7,33795
112410200,2,,߃s,쒬,950,530,16,89.8,29.2,85298
11241020001,3,,߃s,쒬P,230,214,6,119.9,38.8,27584
11241020002,3,,߃s,쒬Q,522,265,1,80.7,26,42144
11241020003,3,,߃s,쒬R,198,51,9,78.6,26.6,15571
112410210,2,,߃s,V,867,724,84,106.5,34.6,92293
11241021001,3,,߃s,VP,195,158,30,105.4,35.1,20545
11241021002,3,,߃s,VQ,241,189,38,102.4,35.5,24690
11241021003,3,,߃s,VR,283,246,2,108.9,33.5,30824
11241021004,3,,߃s,VS,148,131,14,109.7,34.8,16234
112410220,2,,߃s,OcؐV,14,13,-,103.9,34.6,1455
11241022001,3,,߃s,OcؐVP,-,-,-,-,-,-
11241022002,3,,߃s,OcؐVQ,14,13,-,103.9,34.6,1455
112410230,2,,߃s,˒,51,39,9,117.5,36.1,5994
