KEY_CODE,HYOSYO,HTKSYU,CITYNAME,NAME,T000055001,T000055002,T000055003,T000055004,T000055005,T000055006
,,,,,ZɏZވʐ,,c؉,Pѓ艄ʐ,Pl艄ʐ,ʐ
11239,1,,ˎs,,38546,22718,10207,79.4,31.2,3059730
112390010,2,,ˎs,厚,373,362,6,116,34.7,43256
112390020,2,,ˎs,厚,633,596,29,110.7,35.6,70049
112390030,2,,ˎs,厚,260,243,12,124.3,38,32317
112390040,2,,ˎs,厚,189,185,2,140.7,38.8,26601
112390050,2,,ˎs,厚,143,139,1,136.9,41.5,19576
112390060,2,,ˎs,,1790,312,12,52.5,22.6,93979
11239006001,3,,ˎs,˂P,816,1,1,47.7,22,38944
11239006002,3,,ˎs,˂Q,974,311,11,56.5,23.1,55035
112390070,2,,ˎs,厚Έ,1920,1599,174,95.7,32.2,183666
112390080,2,,ˎs,厚c,171,169,2,140.2,40,23971
112390090,2,,ˎs,厚Ԕ,185,184,1,137.8,39.3,25499
112390100,2,,ˎs,厚ˉz,610,578,29,113.5,36.6,69246
112390110,2,,ˎs,厚ˋ{,123,104,18,115.4,36.7,14190
112390120,2,,ˎs,̏o,778,396,367,63.9,32.2,49713
112390130,2,,ˎs,{,739,475,254,72.3,29.5,53453
112390140,2,,ˎs,,842,537,295,70.3,29.1,59194
112390150,2,,ˎs,,834,480,336,78.5,32.3,65492
112390160,2,,ˎs,ԉe,640,444,190,80.3,30.4,51385
112390170,2,,ˎs,O,1141,470,648,61,30.4,69635
112390180,2,,ˎs,x,819,348,452,67.5,30.9,55268
112390190,2,,ˎs,,1477,653,782,68.1,27.9,100535
11239019000,3,,ˎs,,414,238,164,76.8,30.5,31791
11239019002,3,,ˎs,򒬂Q,542,246,274,69,29.2,37377
11239019003,3,,ˎs,򒬂R,521,169,344,60.2,24.6,31367
112390200,2,,ˎs,Β,680,215,442,57.6,32.5,39143
112390210,2,,ˎs,쒬,1064,326,718,51.2,30.5,54496
112390220,2,,ˎs,R,1037,285,662,56.9,28.8,59042
112390230,2,,ˎs,t,1080,302,640,56.9,28,61408
112390240,2,,ˎs,a[,1374,205,153,50.8,25,69760
112390250,2,,ˎs,L,1319,403,286,54.6,25.2,71958
112390260,2,,ˎs,ɓ̎R,2356,411,522,54.9,23.1,129297
112390270,2,,ˎs,q,223,147,69,87.5,35.2,19509
112390280,2,,ˎs,,720,566,142,99.9,36.9,71898
112390290,2,,ˎs,,585,549,32,111.2,39.7,65076
112390300,2,,ˎs,Rc,501,240,225,62.4,27.9,31243
112390310,2,,ˎs,,504,267,228,71.3,31.2,35953
11239031001,3,,ˎs,P,274,150,116,68.1,29.9,18648
11239031002,3,,ˎs,Q,230,117,112,75.2,32.6,17306
112390320,2,,ˎs,֊,1820,1243,472,68.3,27.7,124281
11239032001,3,,ˎs,֊ԂP,497,230,212,61.1,27.7,30385
11239032002,3,,ˎs,֊ԂQ,216,142,68,76.9,31.6,16611
11239032003,3,,ˎs,֊ԂR,583,489,83,72.3,27.5,42123
11239032004,3,,ˎs,֊ԂS,524,382,109,67.1,26.4,35163
112390330,2,,ˎs,c,3077,2141,750,71.8,28.7,220869
11239033001,3,,ˎs,cP,532,306,198,71.2,32.1,37882
11239033002,3,,ˎs,cQ,742,596,126,85.1,29.9,63176
11239033003,3,,ˎs,cR,664,272,281,64.6,28.6,42873
11239033004,3,@,ˎs,cS,1139,967,145,67.5,26.4,76938
11239033005,3,*,ˎs,cT,,,,,,
112390340,2,,ˎs,厚H,262,222,35,109.9,36,28798
112390350,2,,ˎs,H,643,302,335,66.1,26.3,42511
11239035001,3,,ˎs,HP,262,99,160,57.5,26.7,15058
11239035002,3,,ˎs,HQ,172,92,79,75.3,27.3,12949
11239035003,3,,ˎs,HR,209,111,96,69.4,25.3,14504
112390360,2,,ˎs,厚gc,153,142,11,104.9,30.6,16048
112390370,2,,ˎs,厚Ж,1044,729,303,86.7,32.2,90545
112390380,2,,ˎs,厚Vx,84,80,2,142.6,38.8,11976
112390390,2,,ˎs,厚x,131,111,14,111,34.5,14540
112390400,2,,ˎs,厚R,116,108,2,121.6,38.5,14103
112390410,2,,ˎs,厚P\,187,185,1,126.5,37.9,23652
112390420,2,,ˎs,厚|V,34,34,-,135.5,45.6,4607
112390430,2,,ˎs,厚,37,35,2,121.4,36.2,4491
112390440,2,,ˎs,厚kH,66,66,-,145.1,35.3,9579
112390450,2,,ˎs,厚,22,22,-,133.2,43.1,2931
112390460,2,,ˎs,厚c,24,23,-,130.1,42.8,3121
112390470,2,,ˎs,厚,52,51,-,135.9,39.5,7066
112390480,2,,ˎs,厚ac,42,41,-,132.5,37.4,5566
112390490,2,,ˎs,厚VJ,17,17,-,178,43.2,3025
112390500,2,,ˎs,厚ˌ,93,93,-,142,39.5,13206
112390510,2,,ˎs,厚,117,98,15,107.3,33.6,12555
112390520,2,,ˎs,厚ˍ,62,61,-,128.4,34.8,7962
112390530,2,,ˎs,厚k,106,99,1,122.8,34,13022
112390540,2,,ˎs,厚k,150,137,10,127.6,39.2,19147
112390550,2,,ˎs,厚X,344,310,20,126.8,38.5,43605
112390560,2,,ˎs,厚a,195,187,7,143.1,41,27910
112390570,2,,ˎs,厚ls,141,138,2,134.5,40.3,18959
112390580,2,,ˎs,厚,218,147,65,101,37.4,22008
112390590,2,,ˎs,厚,73,71,2,127.9,41.3,9334
112390600,2,,ˎs,厚m,76,75,-,126.8,37.1,9636
112390610,2,@,ˎs,厚莛,101,96,1,121.5,37.5,12276
112390620,2,*,ˎs,₫,,,,,,
112390630,2,,ˎs,,1822,1613,189,95.5,34,174092
11239063001,3,,ˎs,˂P,434,348,81,87.4,32.8,37931
11239063002,3,,ˎs,˂Q,315,282,29,95.1,35.8,29964
11239063003,3,,ˎs,˂R,325,297,26,97.5,33.7,31673
11239063004,3,,ˎs,˂S,370,332,31,95.2,32.8,35208
11239063005,3,,ˎs,˂T,378,354,22,104,35.5,39317
112390640,2,,ˎs,ߕ,1066,1027,23,109.7,39.1,116895
11239064001,3,,ˎs,ߕP,151,148,1,113.2,39.5,17093
11239064002,3,,ˎs,ߕQ,348,334,7,115.9,42.1,40330
11239064003,3,,ˎs,ߕR,166,156,6,96,34.6,15936
11239064004,3,,ˎs,ߕS,401,389,9,108.6,38.2,43536
112390650,2,,ˎs,ɂԂ݂,1061,824,216,109,34.6,115606
11239065001,3,,ˎs,ɂԂ݂؂P,-,-,-,-,-,-
11239065002,3,,ˎs,ɂԂ݂؂Q,131,103,25,106.3,34.1,13919
11239065003,3,,ˎs,ɂԂ݂؂R,284,270,12,119.6,36.4,33963
11239065004,3,,ˎs,ɂԂ݂؂S,153,108,38,109.2,37.4,16707
11239065005,3,,ˎs,ɂԂ݂؂T,329,234,88,105.1,34.6,34578
11239065006,3,,ˎs,ɂԂ݂؂U,164,109,53,100.2,29.8,16439
11239065007,3,,ˎs,ɂԂ݂؂V,-,-,-,-,-,-
11239065008,3,,ˎs,ɂԂ݂؂W,-,-,-,-,-,-
