KEY_CODE,HYOSYO,HTKSYU,CITYNAME,NAME,T000055001,T000055002,T000055003,T000055004,T000055005,T000055006
,,,,,ZɏZވʐ,,c؉,Pѓ艄ʐ,Pl艄ʐ,ʐ
11238,1,,@cs,,22199,16799,4616,99,35.3,2198114
112380010,2,,@cs,{,120,73,43,95.2,40.7,11426
112380020,2,,@cs,L,471,304,152,96.3,37.8,45336
11238002001,3,,@cs,LP,276,175,90,93.8,38.5,25887
11238002002,3,,@cs,LQ,195,129,62,99.7,37,19450
112380030,2,,@cs,O,531,377,144,92.8,36,49290
11238003001,3,,@cs,OP,351,226,118,89.7,36.2,31471
11238003002,3,,@cs,OQ,180,151,26,99,35.6,17819
112380040,2,,@cs,,462,284,176,89.7,33.7,41443
112380050,2,,@cs,,476,364,103,103.9,38.7,49461
11238005001,3,,@cs,P,203,167,31,111.8,41.1,22701
11238005002,3,,@cs,Q,273,197,72,98,36.9,26760
112380060,2,,@cs,֎R,1259,932,297,97.4,34.8,122606
11238006001,3,,@cs,֎RP,273,186,80,91.9,32.1,25076
11238006002,3,,@cs,֎RQ,283,185,86,99.7,37.7,28213
11238006003,3,,@cs,֎RR,368,270,90,93.9,35.2,34567
11238006004,3,,@cs,֎RS,335,291,41,103.7,34.4,34751
112380070,2,,@cs,,1772,1075,616,83.7,32.8,148375
11238007001,3,,@cs,P,230,82,138,66.9,29.1,15388
11238007002,3,,@cs,Q,259,108,131,72,31.6,18656
11238007003,3,,@cs,R,323,220,89,98,37.1,31657
11238007004,3,,@cs,S,177,79,91,74.9,31,13256
11238007005,3,,@cs,T,450,384,52,83.4,30.7,37550
11238007006,3,,@cs,U,333,202,115,95.7,35.2,31868
112380080,2,,@cs,厚n,1649,927,581,87.5,32.3,144237
11238008001,3,,@cs,厚n,1493,831,524,87.8,32.4,131126
11238008002,3,,@cs,厚@c,156,96,57,84,30.7,13111
112380090,2,,@cs,厚n,1911,1228,628,83.9,32.1,160245
11238009001,3,,@cs,厚n,1294,735,516,84.8,32.9,109692
11238009002,3,,@cs,厚n,617,493,112,81.9,30.6,50553
112380100,2,,@cs,厚[,1692,1567,102,111.5,37.3,188600
112380110,2,,@cs,厚L,189,171,15,129,39.6,24378
112380120,2,,@cs,厚l,3064,2449,493,100.6,34.4,308315
112380130,2,,@cs,厚R,157,136,17,117.5,37.2,18455
112380140,2,,@cs,厚]P,547,486,33,114,37.2,62332
112380150,2,,@cs,厚Vh,256,229,25,121.6,37.9,31119
112380160,2,,@cs,厚,77,70,6,130.7,37,10067
112380170,2,,@cs,厚쓇,332,138,171,79.7,33.1,26454
112380180,2,,@cs,厚,728,612,55,106.6,37,77571
112380190,2,,@cs,厚,504,473,22,109.9,36.1,55380
112380200,2,,@cs,厚,273,252,15,113.3,36.3,30935
112380210,2,,@cs,厚㕽,244,236,3,125.1,36.9,30519
112380220,2,,@cs,厚,283,271,9,126.9,38.9,35924
112380230,2,,@cs,֎R,1267,1189,51,119.2,42.9,150991
11238023001,3,,@cs,֎RP,356,343,4,118.5,41,42180
11238023002,3,,@cs,֎RQ,177,162,11,122.4,42.5,21666
11238023003,3,,@cs,֎RR,356,332,20,118.7,44.5,42267
11238023004,3,,@cs,֎RS,378,352,16,118.7,43.5,44877
112380240,2,,@cs,Β,831,617,193,97.9,37.5,81321
11238024001,3,,@cs,ΒP,349,286,55,105.2,39.2,36725
11238024002,3,,@cs,ΒQ,339,278,51,105,39.9,35601
11238024003,3,,@cs,ΒR,143,53,87,62.9,26.5,8994
112380250,2,,@cs,,391,335,8,107.3,38.4,41972
112380260,2,,@cs,Vh,1508,1029,450,88.8,31.8,133845
11238026001,3,,@cs,VhP,175,92,79,74.5,25.6,13034
11238026002,3,,@cs,VhQ,289,170,110,82.7,31.5,23904
11238026003,3,,@cs,VhR,280,201,77,93,33.3,26036
11238026004,3,,@cs,VhS,275,223,47,96.8,32.2,26609
11238026005,3,,@cs,VhT,288,243,43,99.6,34.5,28694
11238026006,3,,@cs,VhU,201,100,94,77.5,30.9,15569
112380270,2,,@cs,,687,497,176,89.7,32,61623
11238027001,3,,@cs,P,125,95,26,91.1,32,11385
11238027002,3,,@cs,Q,327,240,80,91.2,32.4,29836
11238027003,3,,@cs,R,235,162,70,86.8,31.3,20402
112380280,2,,@cs,,488,448,32,107.3,35.7,52383
11238028001,3,,@cs,P,152,143,6,111.3,36.8,16912
11238028002,3,,@cs,Q,218,189,25,102.3,35.6,22306
11238028003,3,,@cs,R,118,116,1,111.6,34.6,13165
112380290,2,,@cs,Rm,30,30,-,117.1,31.9,3512
