KEY_CODE,HYOSYO,HTKSYU,CITYNAME,NAME,T000055001,T000055002,T000055003,T000055004,T000055005,T000055006
,,,,,ZɏZވʐ,,c؉,Pѓ艄ʐ,Pl艄ʐ,ʐ
11347,1,,g,,6486,6063,376,121.8,36.2,789678
113470010,2,,g,厚k,43,43,-,155.7,44.1,6696
113470020,2,,g,厚ۊ,76,75,1,137.5,37.5,10453
113470030,2,,g,厚Ö,37,37,-,145.2,37.3,5372
113470040,2,,g,厚J,46,45,-,139.1,38.8,6399
113470050,2,,g,厚J,33,33,-,142.6,39.9,4704
113470060,2,,g,厚ac,40,40,-,147.6,38.8,5903
113470070,2,,g,厚ÖVc,8,8,-,119,38.1,952
113470080,2,,g,厚lJ,23,23,-,160,35.7,3681
113470090,2,,g,厚@Vc,19,17,1,126,42.8,2395
113470100,2,,g,厚Vc,39,39,-,131.6,35.2,5134
113470120,2,,g,厚vۓcVc,51,51,-,139.1,39.6,7095
113470130,2,,g,厚]a,121,118,3,133.9,35.3,16203
113470140,2,,g,厚ѓVc,81,80,1,135.5,39.8,10978
113470150,2,,g,厚,26,26,-,140.2,40.5,3646
113470160,2,,g,厚J,34,34,-,144.6,40.3,4915
113470170,2,,g,厚rq,98,95,1,135.7,35.6,13302
113470180,2,,g,厚,203,196,5,146.3,38.7,29700
113470190,2,,g,厚O͓,90,89,1,138.3,39,12445
113470200,2,,g,厚]j,142,137,5,146,38.2,20726
113470210,2,,g,厚vۓc,422,372,48,118.2,35.8,49898
113470220,2,,g,厚גJ,230,184,41,119.7,35.1,27522
113470230,2,,g,厚a,300,298,2,115.4,34.6,34619
113470240,2,,g,厚vēc,147,138,-,118,41.1,17349
113470250,2,,g,厚g,509,492,13,114.6,35.2,58314
113470260,2,,g,厚kg,675,647,26,115,35.3,77603
113470270,2,,g,厚䏊,151,146,3,120.6,36.6,18212
113470280,2,,g,厚,58,58,-,125.2,34.3,7263
113470290,2,,g,厚J,771,738,27,102.3,33.3,78894
113470300,2,,g,厚cb,460,449,10,115.8,34.9,53251
113470310,2,,g,厚Rm,49,49,-,150.7,40.6,7385
113470320,2,,g,厚],76,76,-,150,41.5,11401
113470330,2,,g,厚㍻,104,103,-,159.2,37.3,16558
113470340,2,,g,厚,86,85,1,145.6,45,12519
113470350,2,,g,厚גJ,83,82,1,146.7,40.3,12175
113470360,2,,g,厚V,83,81,1,142.9,43.3,11863
113470370,2,,g,厚V,19,19,-,144.2,38.1,2741
113470380,2,,g,厚{,85,81,4,125.1,36.9,10635
113470390,2,,g,厚c,64,64,-,151,40.4,9666
113470400,2,,g,厚n,92,91,-,147,39.8,13524
113470410,2,,g,厚,78,77,-,160.5,43.3,12523
113470420,2,,g,厚H,22,22,-,153.1,34.7,3369
113470430,2,,g,,712,525,181,100.7,33.1,71699
11347043001,3,,g,P,120,90,28,98.3,32.7,11796
11347043002,3,,g,Q,134,79,55,90.4,32.9,12112
11347043003,3,,g,R,87,77,9,117.1,36.5,10191
11347043004,3,,g,S,141,97,42,104,32.2,14664
11347043005,3,,g,T,135,106,29,95.9,32,12953
11347043006,3,,g,U,95,76,18,105.1,33.2,9984
