KEY_CODE,HYOSYO,HTKSYU,CITYNAME,NAME,T000055001,T000055002,T000055003,T000055004,T000055005,T000055006
,,,,,ZɏZވʐ,,c؉,Pѓ艄ʐ,Pl艄ʐ,ʐ
11217,1,,s,,40721,30910,6926,97.1,33.5,3952893
112170010,2,,s,l`,1551,1186,198,95.3,32.7,147827
11217001001,3,,s,l`P,441,384,50,102.3,34.4,45095
11217001002,3,,s,l`Q,452,342,88,91.4,32,41325
11217001003,3,,s,l`R,244,153,12,89.3,31.4,21790
11217001004,3,,s,l`S,414,307,48,95.7,32.3,39617
112170020,2,,s,{,1684,1252,321,98.5,37.1,165919
11217002001,3,,s,{P,107,75,29,96.3,40.9,10301
11217002002,3,,s,{Q,167,127,34,96.9,35.4,16188
11217002003,3,,s,{R,270,139,78,94,38.1,25379
11217002004,3,,s,{S,252,183,42,83,34.6,20906
11217002005,3,,s,{T,203,169,31,107.4,38.6,21793
11217002006,3,,s,{U,68,64,4,107.6,38.5,7317
11217002007,3,,s,{V,326,265,52,105.1,36.2,34262
11217002008,3,,s,{W,291,230,51,102.3,37.7,29773
112170030,2,,s,{{,126,113,12,121,41.2,15250
112170040,2,,s,d,398,245,136,85.9,35.1,34171
11217004001,3,,s,dP,261,171,78,86.3,34,22523
11217004002,3,,s,dQ,137,74,58,85,37.5,11648
112170050,2,,s,,652,470,159,94.7,35.5,61773
11217005001,3,,s,P,136,93,39,97.2,34.2,13224
11217005002,3,,s,Q,389,294,81,97.5,36.8,37942
11217005003,3,,s,R,127,83,39,83.5,33.1,10608
112170060,2,,s,{n,894,617,203,94.1,35.3,84082
11217006001,3,,s,{nP,111,68,38,91.9,35.1,10204
11217006002,3,,s,{nQ,201,157,43,103.8,36.7,20870
11217006003,3,,s,{nR,135,90,25,92.8,31.5,12526
11217006004,3,,s,{nS,208,146,57,93.1,34.5,19372
11217006005,3,,s,{nT,239,156,40,88.3,37.3,21111
112170070,2,,s,,1027,661,106,81.3,27.5,83486
11217007001,3,,s,P,289,224,42,79.6,27.7,23019
11217007002,3,,s,Q,115,59,50,79,36.6,9080
11217007003,3,,s,R,159,139,12,94.8,32.9,15079
11217007004,3,,s,S,464,239,2,78.3,24.3,36309
112170080,2,,s,V_,764,571,174,94.4,33.1,72089
11217008001,3,,s,V_P,117,96,13,99.3,33.2,11620
11217008002,3,,s,V_Q,186,133,51,87.9,29.8,16357
11217008003,3,,s,V_R,139,121,17,104.6,36.4,14541
11217008004,3,,s,V_S,120,100,18,102.2,33.7,12260
11217008005,3,,s,V_T,202,121,75,85.7,33.4,17312
112170090,2,,s,xm,195,126,64,87,35.7,16963
112170100,2,,s,厚,371,329,26,105.4,32.8,39089
112170110,2,,s,厚o,-,-,-,-,-,-
112170120,2,,s,厚㐶o,59,59,-,101.1,28,5967
112170130,2,,s,,286,233,20,104.6,33.3,29929
112170140,2,,s,Ђ΂,535,517,10,111.4,34.9,59587
11217014001,3,,s,Ђ΂P,296,285,7,113.9,35.7,33724
11217014002,3,,s,Ђ΂Q,239,232,3,108.2,33.9,25863
112170150,2,,s,o,637,608,25,114.1,40.6,72687
11217015001,3,,s,o˂P,275,265,8,106.3,36.6,29236
11217015002,3,,s,o˂Q,362,343,17,120,43.8,43451
112170160,2,,s,厚c,2440,1572,646,87,29.7,212169
112170170,2,,s,厚,201,172,27,104.8,33.7,21072
112170180,2,,s,厚Oc,372,251,112,88.1,30.2,32779
112170190,2,,s,厚,88,87,-,130.4,39,11474
112170200,2,,s,厚J,179,136,1,96.1,31.4,17201
112170210,2,,s,厚sm,41,41,-,142.1,44.8,5826
112170220,2,,s,厚c,261,212,13,103.3,33,26952
112170230,2,,s,_,825,680,129,91.5,31.7,75467
11217023001,3,,s,_P,190,167,20,83.3,27.8,15833
11217023002,3,,s,_Q,286,226,54,91.2,30.1,26076
11217023003,3,,s,_R,349,287,55,96.2,35.5,33559
112170240,2,,s,ג,323,116,172,72.3,27.3,23338
112170250,2,,s,Ԍ,2469,1388,218,83.1,29.7,205094
11217025001,3,,s,ԌP,460,277,36,66.9,25.9,30778
11217025002,3,,s,ԌQ,1199,428,76,73.5,26.3,88149
11217025003,3,,s,ԌR,580,499,64,104.4,35.1,60538
11217025004,3,,s,ԌS,230,184,42,111.4,40.6,25628
112170260,2,,s,h,459,218,227,67,30.1,30734
112170270,2,,s,厚,261,190,42,97,35,25329
112170280,2,,s,厚k,74,72,1,122.8,34.8,9089
112170290,2,,s,厚o,594,327,131,86.4,29.7,51318
112170300,2,,s,厚{O,1405,997,352,88.1,31.3,123832
112170310,2,,s,厚fc,355,343,10,115.1,33.7,40855
112170320,2,,s,,1488,912,534,85,32.8,126515
11217032001,3,,s,ԂP,240,167,69,88,32.7,21110
11217032002,3,,s,ԂQ,461,337,116,94.3,32.3,43494
11217032003,3,,s,ԂR,355,172,164,78.2,31,27778
11217032004,3,,s,ԂS,432,236,185,79,35,34133
112170330,2,,s,璬,248,241,7,107.9,38,26764
112170340,2,,s,Β,235,226,7,104.6,38.2,24571
112170350,2,,s,K,69,54,15,91.2,30.8,6291
112170360,2,,s,厚n,780,729,46,117.6,36.3,91717
112170370,2,,s,厚n,820,625,180,103.9,35,85170
112170380,2,,s,t,581,389,173,81.2,33.9,47165
11217038001,3,,s,tP,435,272,146,78,33.1,33933
11217038002,3,,s,tQ,146,117,27,90.6,36.2,13232
112170390,2,,s,,1087,822,211,83.3,30.9,90506
11217039001,3,,s,P,280,216,64,87,31.9,24352
11217039002,3,,s,Q,63,51,12,103.4,30.9,6514
11217039003,3,,s,R,237,156,40,85.5,31,20265
11217039004,3,,s,S,507,399,95,77.7,30.1,39376
112170400,2,,s,,1583,1270,204,91.4,31.7,144719
11217040001,3,,s,P,543,499,16,93.8,30.8,50955
11217040002,3,,s,Q,258,163,32,85,29.5,21924
11217040003,3,,s,R,354,319,33,99.4,35.4,35197
11217040004,3,,s,S,428,289,123,85.6,31.4,36643
112170410,2,,s,厚},517,505,6,127.4,37.7,65868
112170420,2,,s,厚n,240,239,1,147.4,39.3,35382
112170430,2,,s,厚{,126,123,2,125.3,39.5,15782
112170440,2,,s,厚,199,197,-,130.2,35.1,25903
112170450,2,,s,厚J,326,226,13,103.6,35.4,33789
112170460,2,,s,厚J,353,292,60,115.7,37.1,40852
112170470,2,,s,厚],52,51,1,132.5,40.3,6888
112170480,2,,s,X쒬,487,317,163,89.7,31.4,43700
112170490,2,,s,}g,523,300,201,81.1,33.6,42422
11217049001,3,,s,}gP,344,190,141,76.2,33.6,26200
11217049002,3,,s,}gQ,179,110,60,90.6,33.7,16222
112170500,2,,s,{,1053,861,169,104.7,39.3,110262
11217050001,3,,s,{P,190,159,26,97.1,34.7,18450
11217050002,3,,s,{Q,355,277,70,102,38.9,36198
11217050003,3,,s,{R,127,111,14,118.1,44.3,15004
11217050004,3,,s,{S,183,140,39,103.7,41.3,18985
11217050005,3,,s,{T,198,174,20,109.2,39.9,21625
112170510,2,,s,,667,472,178,95.2,34.8,63469
11217051001,3,,s,P,466,297,155,87.3,34,40664
11217051002,3,,s,Q,201,175,23,113.5,36.4,22805
112170520,2,,s,,40,36,2,98.3,33.3,3933
112170530,2,,s,xm,2033,1650,345,82.7,30.1,168038
11217053001,3,,s,xmP,425,339,82,90.1,31.9,38297
11217053002,3,,s,xmQ,516,444,63,81.3,29.2,41951
11217053003,3,,s,xmR,437,417,11,88,32.4,38466
11217053004,3,,s,xmS,655,450,189,75.3,27.9,49325
112170540,2,,s,到,585,508,72,116.4,38.3,68102
112170550,2,,s,|,264,212,48,100.4,36.2,26505
11217055001,3,,s,|˂P,137,124,10,102.9,35.3,14100
11217055002,3,,s,|˂Q,127,88,38,97.7,37.3,12405
112170560,2,,s,|,89,84,4,109.1,38.4,9709
112170570,2,,s,t,57,55,-,132.4,42.6,7546
112170580,2,,s,kVh,392,311,77,102.1,38.3,40030
112170590,2,,s,Vh,679,492,165,87.7,32.4,59519
11217059001,3,,s,VhP,382,293,86,91,32.6,34779
11217059002,3,,s,VhQ,297,199,79,83.3,32.1,24740
112170600,2,,s,,570,399,132,101,36,57545
11217060001,3,,s,˂P,148,83,41,94.7,33.9,14010
11217060002,3,,s,˂Q,156,96,53,92.3,36.4,14397
11217060003,3,,s,˂R,120,111,7,119,36.4,14280
11217060004,3,,s,˂S,77,60,15,100.6,37.4,7748
11217060005,3,,s,˂T,69,49,16,103,37.6,7110
112170610,2,,s,,405,336,54,97.4,34.4,39464
112170620,2,,s,E,1064,900,130,101.1,33.4,107546
112170630,2,,s,,412,360,43,105.8,33.4,43600
112170640,2,,s,O,329,288,31,101.5,34.4,33396
112170650,2,,s,p,287,226,54,111.3,36.4,31944
112170660,2,,s,O,58,56,1,125.3,36.7,7265
112170670,2,,s,J,304,302,1,131.4,37.1,39959
112170680,2,,s,ԏ,122,114,7,128.3,37.2,15648
112170690,2,,s,k,97,97,-,154.4,40.5,14972
112170700,2,,s,Lc,582,520,6,123.6,34.1,71931
112170710,2,,s,֐Vc,148,143,-,130.9,38.9,19375
112170720,2,,s,V,119,118,-,136.3,37.3,16218
112170730,2,,s,,87,84,-,134.2,37.3,11675
112170740,2,,s,,137,137,-,133.6,38.8,18306
112170750,2,,s,,810,796,6,127.8,36.3,103541
112170760,2,,s,ԏ,-,-,-,-,-,-
112170770,2,,s,Lc,91,46,42,88.4,33,8048
