KEY_CODE,HYOSYO,HTKSYU,CITYNAME,NAME,T000055001,T000055002,T000055003,T000055004,T000055005,T000055006
,,,,,住宅に住む一般世帯,持ち家,民営借家,１世帯当たり延面積,１人当たり延面積,総延面積
11209,1,,飯能市,,29630,22204,5672,95.1,34.1,2819127
112090010,2,,飯能市,山手町,502,367,118,96.5,35.6,48432
112090020,2,,飯能市,本町,411,260,133,87.9,35.8,36130
112090030,2,,飯能市,八幡町,534,354,158,87.8,35.2,46886
112090040,2,,飯能市,新町,553,223,311,74.3,32.2,41103
112090050,2,,飯能市,東町,447,225,199,75.5,34,33741
112090060,2,,飯能市,柳町,647,289,320,63.9,32,41321
112090070,2,,飯能市,仲町,581,355,215,88.3,34.4,51291
112090080,2,,飯能市,稲荷町,396,224,147,86.2,36.9,34154
112090090,2,,飯能市,南町,447,340,87,79,32,35331
112090100,2,,飯能市,大字飯能,616,509,90,102.8,34.8,63312
112090110,2,,飯能市,原町,186,126,54,85.7,31.3,15939
112090120,2,,飯能市,大字久下,57,44,12,62.9,24.4,3583
112090130,2,,飯能市,大字中山,1044,767,172,89.2,31,93138
112090140,2,,飯能市,大字久須美,95,80,12,126.2,38.9,11993
112090150,2,,飯能市,大字小瀬戸,170,159,7,119.9,38.3,20386
112090160,2,,飯能市,大字大河原,231,209,16,114.3,35.9,26413
112090170,2,,飯能市,大字小岩井,140,129,6,127.5,39.4,17846
112090180,2,,飯能市,大字永田,211,190,11,118.9,39.4,25094
112090190,2,,飯能市,栄町,435,263,160,73.7,30.9,32080
112090200,2,,飯能市,緑町,301,112,178,73.9,30.3,22241
112090210,2,,飯能市,大字下加治,148,134,4,112,34.6,16574
112090220,2,,飯能市,大字小久保,143,121,-,100.4,33.7,14363
112090230,2,,飯能市,大字宮沢,38,37,1,126.7,38.5,4813
112090240,2,,飯能市,大字平松,454,220,-,81.8,27.4,37138
112090250,2,,飯能市,大字川崎,63,61,-,127.7,40.8,8043
112090260,2,,飯能市,大字下川崎,62,60,2,146.8,38.6,9100
112090270,2,,飯能市,大字新光,106,96,10,84.9,27.3,8995
112090280,2,,飯能市,大字芦苅場,141,141,-,137.3,40.8,19359
112090290,2,,飯能市,大字双柳,3826,2474,920,83,30.3,317721
11209029000,3,,飯能市,大字双柳,3490,2194,867,82.1,30.3,286582
11209029001,3,,飯能市,大字双柳,336,280,53,92.7,30.4,31140
112090300,2,,飯能市,大字青木,568,419,122,84.5,30.2,48003
112090310,2,,飯能市,大字中居,326,260,52,91.4,31,29797
112090320,2,,飯能市,大字岩沢,2367,1679,599,84.9,32,201012
112090330,2,,飯能市,大字笠縫,1312,975,290,90.9,31.7,119300
11209033000,3,,飯能市,大字笠縫,1032,754,239,88,31,90820
11209033001,3,,飯能市,大字笠縫,280,221,51,101.7,33.8,28480
112090340,2,,飯能市,大字川寺,2452,1533,770,82.4,32.1,202083
11209034000,3,,飯能市,大字川寺,2411,1498,766,82,32,197649
11209034001,3,,飯能市,大字川寺,41,35,4,108.1,38.2,4434
112090350,2,,飯能市,大字阿須,229,177,44,102.5,36.5,23478
112090360,2,,飯能市,大字落合,178,147,20,112.4,36.6,20004
112090370,2,,飯能市,大字前ケ貫,425,389,11,101.8,33.2,43270
112090380,2,,飯能市,大字矢颪,278,188,80,93.5,34.1,25983
112090390,2,,飯能市,大字岩渕,393,269,19,92.2,31.3,36224
112090400,2,,飯能市,大字下畑,101,99,2,131.8,42.9,13308
112090410,2,,飯能市,大字上畑,83,81,-,118.1,36,9799
112090420,2,,飯能市,大字苅生,48,46,1,117.9,38.2,5657
112090430,2,,飯能市,大字下直竹,132,123,5,129,43.6,17033
112090440,2,,飯能市,大字上直竹下分,65,65,-,153.3,43.3,9967
112090450,2,,飯能市,大字上直竹上分,26,22,4,122.6,35.4,3187
112090460,2,,飯能市,大字白子,122,106,15,126.5,40.1,15429
112090470,2,,飯能市,大字平戸,198,181,15,114.9,37.5,22751
112090480,2,,飯能市,大字虎秀,114,111,2,130.8,42.8,14907
112090490,2,,飯能市,大字井上,173,165,5,126.7,39.9,21926
112090500,2,,飯能市,大字長沢,166,164,2,133.6,42.9,22171
112090510,2,,飯能市,大字原市場,646,624,10,112.2,35.7,72466
112090520,2,,飯能市,大字下赤工,488,473,9,103.6,34.1,50551
112090530,2,,飯能市,大字上赤工,235,225,6,107.5,33.7,25262
112090540,2,,飯能市,大字赤沢,451,437,9,114.6,37,51664
112090550,2,,飯能市,大字唐竹,354,343,6,100.3,32.4,35519
112090560,2,,飯能市,大字中藤下郷,404,391,8,99.9,32.3,40353
112090570,2,,飯能市,大字中藤中郷,199,197,2,109.5,36.7,21791
112090580,2,,飯能市,大字中藤上郷,113,112,1,114,39.9,12882
112090590,2,,飯能市,大字南,67,62,1,130.9,50.7,8769
112090600,2,,飯能市,大字坂石町分,199,190,7,120.5,43.1,23970
112090610,2,,飯能市,大字坂石,177,169,4,118.6,40.1,20989
112090620,2,,飯能市,大字吾野,141,137,2,141.2,49.5,19914
112090630,2,,飯能市,大字上長沢,13,13,-,108.8,47.1,1414
112090640,2,,飯能市,大字高山,12,12,-,141,73.5,1691
112090650,2,,飯能市,大字北川,138,137,1,127.9,44,17645
112090660,2,,飯能市,大字坂元,63,59,2,125.7,42.3,7918
112090670,2,,飯能市,大字南川,216,208,3,123.2,43.8,26612
112090680,2,,飯能市,美杉台,1693,1442,146,110.4,37,186839
11209068001,3,,飯能市,美杉台１丁目,132,111,16,120.5,38.6,15905
11209068002,3,,飯能市,美杉台２丁目,206,158,34,113,39.7,23276
11209068003,3,,飯能市,美杉台３丁目,221,184,27,117.5,38.6,25974
11209068004,3,,飯能市,美杉台４丁目,429,357,32,123.1,41.4,52805
11209068005,3,,飯能市,美杉台５丁目,683,611,37,97,32.6,66227
11209068007,3,,飯能市,美杉台７丁目,22,21,-,120.6,34.9,2652
112090690,2,,飯能市,永田台,309,304,1,125.1,42.3,38641
11209069001,3,,飯能市,永田台１丁目,251,247,1,128,44.1,32121
11209069002,3,,飯能市,永田台２丁目,58,57,-,112.4,35.2,6520
11209069003,3,,飯能市,永田台３丁目,-,-,-,-,-,-
112090700,2,,飯能市,征矢町,155,123,27,92.6,30.9,14351
112090710,2,,飯能市,大字上名栗,497,471,15,116.6,41.1,57973
112090720,2,,飯能市,大字下名栗,319,307,11,125.7,41,40105
