KEY_CODE,HYOSYO,HTKSYU,CITYNAME,NAME,T000055001,T000055002,T000055003,T000055004,T000055005,T000055006
,,,,,ZɏZވʐ,,c؉,Pѓ艄ʐ,Pl艄ʐ,ʐ
11240,1,,Ks,,18511,13065,2171,94.9,33.1,1757558
112400010,2,,Ks,,2541,2021,411,97.5,35.2,247700
11240001001,3,,Ks,P,397,328,60,99.1,35.5,39327
11240001002,3,,Ks,Q,207,171,29,98.8,35.4,20444
11240001003,3,,Ks,R,480,360,50,100.5,35.8,48245
11240001004,3,,Ks,S,549,463,70,100.7,36.4,55309
11240001005,3,,Ks,T,908,699,202,92.9,34.1,84375
112400020,2,,Ks,k,1282,910,316,94.1,33,120637
11240002001,3,,Ks,kP,772,497,254,83.6,30.8,64541
11240002002,3,,Ks,kQ,258,200,25,110,35.2,28377
11240002003,3,,Ks,kR,252,213,37,110,36.9,27719
112400030,2,,Ks,,1632,1096,480,83.8,31.7,136841
11240003001,3,,Ks,P,214,134,52,95.5,36.2,20431
11240003002,3,,Ks,Q,754,585,152,82.5,29.9,62170
11240003003,3,,Ks,R,664,377,276,81.7,32.4,54239
112400040,2,,Ks,厚K,390,296,78,105,36,40962
112400050,2,,Ks,,2507,1980,461,90.1,31.7,225978
11240005001,3,,Ks,P,642,529,101,81,29.8,52005
11240005002,3,,Ks,Q,632,491,124,90.9,31.2,57453
11240005003,3,,Ks,R,528,370,142,85.6,29.5,45177
11240005004,3,,Ks,S,307,261,43,105.3,37.8,32321
11240005005,3,,Ks,T,398,329,51,98,33.9,39022
112400060,2,,Ks,Α,1108,996,97,104,37.6,115235
11240006001,3,,Ks,ΑP,881,791,76,105.4,38.7,92899
11240006002,3,,Ks,ΑQ,227,205,21,98.4,33.7,22336
112400070,2,,Ks,,504,364,132,82.7,29.3,41662
11240007001,3,,Ks,P,261,182,74,83.1,29.2,21694
11240007002,3,,Ks,Q,243,182,58,82.2,29.3,19969
112400080,2,,Ks,厚{,108,100,8,117.9,36.7,12730
112400090,2,,Ks,厚,171,161,10,121.3,35.3,20743
112400100,2,,Ks,厚,188,159,28,118.4,37.2,22259
112400110,2,,Ks,厚,459,409,43,112,36.4,51407
112400120,2,,Ks,厚~,113,108,3,126.6,36.4,14307
112400130,2,,Ks,厚,71,71,-,132.9,37,9434
112400140,2,,Ks,厚{,94,93,1,128.9,38.9,12112
112400150,2,,Ks,厚O{,120,120,-,125.1,34.7,15017
112400161,2,,Ks,㍂,330,324,4,111.4,33.7,36756
112400162,2,,Ks,厚㍂,514,462,25,102.4,32,52619
112400170,2,,Ks,厚,121,112,9,116,36.9,14039
112400180,2,,Ks,厚gH,183,167,15,122.8,37.4,22480
112400190,2,,Ks,厚_,173,168,3,126.4,38.4,21867
112400200,2,,Ks,厚ؗ,119,117,2,135,35.8,16062
112400210,2,,Ks,厚yVc,401,388,6,142.1,38.6,57001
112400220,2,,Ks,厚ז,14,14,-,147.4,41.3,2063
112400230,2,,Ks,厚Fac,82,78,3,117.8,35.2,9656
112400240,2,,Ks,厚Fac,52,51,1,145.8,38.1,7582
112400250,2,,Ks,厚gH,130,129,1,143.3,39.4,18635
112400260,2,,Ks,厚֏h,63,61,1,122.5,39.6,7720
112400270,2,,Ks,厚ԓ,7,7,-,130.6,26.1,914
112400280,2,,Ks,厚,16,16,-,141,41,2257
112400290,2,,Ks,厚ꠖn,61,60,-,137.9,36.1,8415
112400301,2,,Ks,˓,31,30,1,130.8,41.4,4053
11240030101,3,,Ks,˓P,14,13,1,118.9,37.8,1665
11240030102,3,,Ks,˓Q,17,17,-,140.5,44.2,2389
112400303,2,,Ks,厚˓,216,212,4,124.1,38.4,26809
112400311,2,,Ks,g,36,36,-,95.7,29.4,3445
112400312,2,@,Ks,厚g,47,43,1,143.3,38.5,6737
112400321,2,*,Ks,V_,,,,,,
112400322,2,,Ks,厚V_,92,90,1,145.5,43,13382
112400331,2,,Ks,{,133,127,3,135.4,38.6,18011
11240033101,3,,Ks,{P,49,46,-,154.3,42.7,7563
11240033102,3,,Ks,{Q,84,81,3,124.4,36,10448
112400333,2,,Ks,厚{,74,74,-,141.3,38.4,10458
112400340,2,,Ks,厚_,75,70,5,141.8,42.4,10635
112400350,2,,Ks,厚,60,59,-,123.7,39.1,7423
112400360,2,,Ks,厚,72,70,1,132.8,37.6,9558
112400370,2,,Ks,厚,62,59,-,141.6,38.7,8777
112400380,2,,Ks,h,2882,-,3,45.7,21.2,131779
11240038001,3,,Ks,h,314,-,-,39.1,23.9,12277
11240038002,3,,Ks,h,484,-,-,49.7,20,24035
11240038003,3,,Ks,h,355,-,3,48.7,21.1,17289
11240038004,3,,Ks,h,851,-,-,43.7,22.5,37184
11240038005,3,,Ks,h,413,-,-,43.6,21.8,18019
11240038006,3,,Ks,h,465,-,-,49.4,19.4,22974
112400390,2,,Ks,,1177,1157,14,120.1,35.6,141404
11240039001,3,,Ks,P,321,316,2,119.7,35.5,38418
11240039002,3,,Ks,Q,467,458,9,122.7,37.3,57321
11240039003,3,,Ks,R,175,172,2,117.7,34.7,20595
11240039004,3,,Ks,S,214,211,1,117.1,32.9,25070
