KEY_CODE,HYOSYO,HTKSYU,CITYNAME,NAME,T000055001,T000055002,T000055003,T000055004,T000055005,T000055006
,,,,,ZɏZވʐ,,c؉,Pѓ艄ʐ,Pl艄ʐ,ʐ
11106,1,,,,36644,19912,12760,69.8,28.4,2556979
111060010,2,,,x,6322,3514,2423,70.7,27.2,447189
11106001001,3,,,xP,327,142,142,71.3,30.4,23318
11106001002,3,,,xQ,842,314,481,65.9,26,55505
11106001003,3,,,xR,768,334,389,70.1,28.5,53808
11106001004,3,,,xS,1131,982,101,71.8,24.7,81226
11106001005,3,,,xT,336,235,71,72.6,26,24408
11106001006,3,,,xU,721,216,430,67.1,27.8,48408
11106001007,3,,,xV,891,604,267,72.9,26.8,64933
11106001008,3,,,xW,496,218,239,72.4,28.9,35926
11106001009,3,,,xX,530,336,168,71.8,29.3,38033
11106001010,3,,,xPO,280,133,135,77.2,28.9,21626
111060020,2,,,c,5546,2224,1347,61.2,25.8,339667
11106002001,3,,,cP,575,407,149,67,26.6,38553
11106002002,3,,,cQ,511,266,232,69.4,28.1,35475
11106002003,3,,,cR,588,305,258,72.1,27.2,42421
11106002004,3,,,cS,677,446,206,79.8,31.3,54025
11106002005,3,,,cT,507,156,334,58.7,28.3,29765
11106002006,3,,,cU,1852,-,-,44,20.8,81454
11106002007,3,,,cV,74,60,13,93.6,33,6927
11106002008,3,,,cW,192,79,102,55.7,26.5,10686
11106002009,3,,,cX,154,105,42,71.7,29.9,11035
11106002010,3,,,cPO,416,400,11,70.5,24.1,29325
111060030,2,,,VJ,576,447,115,82.9,30.9,47723
11106003001,3,,,VJP,391,316,67,84.1,31.2,32864
11106003002,3,@,,VJQ,185,131,48,80.3,30.4,14859
11106003003,3,*,,VJR,,,,,,
11106003004,3,,,VJS,-,-,-,-,-,-
111060040,2,,,,1061,610,385,71.5,29.1,75870
11106004001,3,,,P,285,119,118,65.1,27.8,18547
11106004002,3,,,Q,424,252,165,70.2,29.5,29785
11106004003,3,,,R,352,239,102,78.2,29.6,27538
11106004004,3,,,S,-,-,-,-,-,-
11106004005,3,,,T,-,-,-,-,-,-
111060050,2,,,厚,8,8,-,124.8,55.5,998
111060060,2,,,J,1559,1017,498,75.1,29.1,117104
11106006001,3,,,JP,339,207,120,75.4,27.5,25570
11106006002,3,,,JQ,330,268,53,76.8,28.1,25341
11106006003,3,,,JR,578,336,232,75.6,30.9,43708
11106006004,3,,,JS,312,206,93,72.1,28.9,22485
111060070,2,,,쌳h,1365,934,318,73.9,27.8,100822
11106007001,3,,,쌳hP,422,280,125,78.7,29.1,33198
11106007002,3,,,쌳hQ,943,654,193,71.7,27.2,67624
111060080,2,,,,1503,749,613,69,29,103707
11106008001,3,,,P,779,303,371,65.3,28.5,50862
11106008002,3,,,Q,306,175,103,70.3,28.7,21517
11106008003,3,,,R,139,73,62,79.1,32,11000
11106008004,3,,,S,279,198,77,72.9,29.2,20328
111060090,2,,,ha,3648,1916,1622,62.8,28.2,229220
11106009001,3,,,haP,597,240,329,58.4,27.3,34860
11106009002,3,,,haQ,663,495,137,73.3,28.1,48591
11106009003,3,,,haR,683,365,298,59.5,27,40617
11106009004,3,,,haS,540,321,204,66.8,28.9,36068
11106009005,3,,,haT,629,262,359,60.4,30.2,37986
11106009006,3,,,haU,536,233,295,58,27.9,31097
111060100,2,,,厚ha,-,-,-,-,-,-
111060110,2,,,Rv,746,470,209,70.8,27.6,52818
11106011001,3,,,RvۂP,320,205,102,70,29.6,22413
11106011002,3,,,RvۂQ,426,265,107,71.4,26.3,30405
111060120,2,,,厚v,2119,1097,961,61.3,27.7,129855
111060130,2,,,厚v,2401,896,1433,52.7,27.4,126443
111060140,2,,,厚vۗ̉,2756,1200,879,66.5,27.6,183382
111060150,2,,,厚_c,1869,1005,785,73.7,28.4,137728
111060160,2,,,厚L,2637,1909,612,87.6,31.6,230942
111060170,2,,,厚݉,144,126,18,117.8,42.5,16964
111060180,2,,,厚h,177,141,36,121,41.2,21425
111060190,2,,,厚܊,722,477,233,88.1,35.5,63583
111060200,2,,,厚˖{,569,490,76,107.9,37,61369
111060210,2,,,厚a,-,-,-,-,-,-
111060220,2,,,c,916,682,197,76.6,28.4,70170
11106022001,3,,,cP,313,246,37,74.7,27.2,23376
11106022002,3,,,cQ,460,340,115,79,29,36350
11106022003,3,,,cR,143,96,45,73,29.1,10444
111060230,2,,,厚c,-,-,-,-,-,-
