KEY_CODE,HYOSYO,HTKSYU,CITYNAME,NAME,T000055001,T000055002,T000055003,T000055004,T000055005,T000055006
,,,,,住宅に住む一般世帯,持ち家,民営借家,１世帯当たり延面積,１人当たり延面積,総延面積
11365,1,,小鹿野町,,4539,3831,244,127.1,40.8,576853
113650010,2,,小鹿野町,大字下小鹿野,779,691,28,126.5,39,98569
11365001001,3,,小鹿野町,大字下小鹿野,79,73,6,131.5,40.1,10389
11365001002,3,,小鹿野町,大字下小鹿野,237,227,7,131,41.9,31046
11365001003,3,,小鹿野町,大字下小鹿野,225,191,2,121.4,37.4,27322
11365001004,3,,小鹿野町,大字下小鹿野,36,36,-,151.3,37.8,5449
11365001005,3,,小鹿野町,大字下小鹿野,11,11,-,180.2,50.8,1982
11365001006,3,,小鹿野町,大字下小鹿野,82,68,2,123.7,36.7,10143
11365001007,3,,小鹿野町,大字下小鹿野,60,59,1,129.5,38.5,7771
11365001008,3,,小鹿野町,大字下小鹿野,49,26,10,91.2,33.1,4468
113650020,2,,小鹿野町,大字小鹿野,1330,978,178,109.9,36.7,146192
11365002001,3,,小鹿野町,大字小鹿野,56,51,3,122,34,6832
11365002002,3,,小鹿野町,大字小鹿野,276,200,26,104.5,34.3,28842
11365002003,3,,小鹿野町,大字小鹿野,101,82,11,116,41.8,11717
11365002004,3,,小鹿野町,大字小鹿野,274,201,60,109.9,39.8,30101
11365002005,3,,小鹿野町,大字小鹿野,205,154,15,118.5,40.8,24286
11365002006,3,,小鹿野町,大字小鹿野,75,60,14,124.1,35.6,9304
11365002007,3,,小鹿野町,大字小鹿野,146,133,9,122.7,40.6,17913
11365002008,3,,小鹿野町,大字小鹿野,197,97,40,87.3,28.3,17196
113650030,2,,小鹿野町,大字伊豆沢,107,106,-,136.1,39.2,14567
11365003001,3,,小鹿野町,大字伊豆沢,77,77,-,136.5,38.5,10510
11365003002,3,,小鹿野町,大字伊豆沢,30,29,-,135.3,41,4058
113650040,2,,小鹿野町,大字長留,284,273,8,144.5,39.3,41036
11365004001,3,,小鹿野町,大字長留,36,36,-,140.7,36.4,5067
11365004002,3,,小鹿野町,大字長留,24,24,-,174.4,41.4,4185
11365004003,3,,小鹿野町,大字長留,55,55,-,130.9,36.2,7198
11365004004,3,,小鹿野町,大字長留,37,36,-,142.8,37.2,5282
11365004005,3,,小鹿野町,大字長留,45,35,8,127.8,37.8,5752
11365004006,3,,小鹿野町,大字長留,23,23,-,136.8,37.9,3147
11365004007,3,,小鹿野町,大字長留,40,40,-,146.4,44.4,5855
11365004008,3,,小鹿野町,大字長留,24,24,-,189.6,46.9,4551
113650050,2,,小鹿野町,大字般若,167,157,5,142.7,45.2,23836
11365005001,3,,小鹿野町,大字般若,29,29,-,150.4,50.1,4362
11365005002,3,,小鹿野町,大字般若,31,31,-,133.2,45.4,4128
11365005003,3,,小鹿野町,大字般若,42,34,3,137.6,41.6,5780
11365005004,3,,小鹿野町,大字般若,26,26,-,147.4,41.2,3832
11365005005,3,,小鹿野町,大字般若,17,16,1,149.6,54.1,2544
11365005006,3,,小鹿野町,大字般若,22,21,1,145,45.6,3190
113650060,2,,小鹿野町,大字飯田,434,295,21,110.5,36.1,47958
11365006001,3,,小鹿野町,大字飯田,96,83,2,125.1,39.2,12009
11365006002,3,,小鹿野町,大字飯田,193,72,16,73.3,25.7,14143
11365006003,3,,小鹿野町,大字飯田,83,80,3,138.2,43.4,11468
11365006004,3,,小鹿野町,大字飯田,62,60,-,166.7,49.5,10338
113650070,2,,小鹿野町,大字三山,191,189,2,157.5,50.9,30083
11365007001,3,,小鹿野町,大字三山,43,43,-,159.7,39.5,6866
11365007002,3,,小鹿野町,大字三山,25,24,1,159.5,57,3987
11365007003,3,,小鹿野町,大字三山,48,48,-,157.1,54.6,7539
11365007004,3,,小鹿野町,大字三山,24,24,-,137.9,48,3309
11365007005,3,,小鹿野町,大字三山,10,10,-,166.1,72.2,1661
11365007006,3,,小鹿野町,大字三山,16,15,1,171.8,59.7,2748
11365007007,3,,小鹿野町,大字三山,25,25,-,159,56,3974
113650080,2,,小鹿野町,大字河原沢,101,100,-,156.6,52.5,15815
11365008001,3,,小鹿野町,大字河原沢,34,34,-,166.8,50.6,5670
11365008002,3,,小鹿野町,大字河原沢,33,33,-,162,55.1,5345
11365008003,3,,小鹿野町,大字河原沢,34,33,-,141.2,52.2,4799
113650090,2,,小鹿野町,大字日尾,60,60,-,157.3,50.7,9436
11365009003,3,,小鹿野町,大字日尾,28,28,-,148.7,45.8,4164
11365009004,3,,小鹿野町,大字日尾,20,20,-,170.9,55.1,3418
11365009005,3,,小鹿野町,大字日尾,12,12,-,154.6,56.2,1855
113650100,2,,小鹿野町,大字藤倉,183,182,-,148.1,57.1,27109
11365010001,3,,小鹿野町,大字藤倉,33,32,-,139.7,51.8,4610
11365010002,3,,小鹿野町,大字藤倉,30,30,-,150.3,53.7,4509
11365010003,3,,小鹿野町,大字藤倉,24,24,-,145.5,52.1,3492
11365010004,3,,小鹿野町,大字藤倉,21,21,-,177.3,59.1,3723
11365010005,3,,小鹿野町,大字藤倉,34,34,-,132.4,65.2,4502
11365010006,3,,小鹿野町,大字藤倉,27,27,-,150,56.2,4049
11365010007,3,,小鹿野町,大字藤倉,14,14,-,158.8,71.7,2223
113650110,2,,小鹿野町,大字薄,617,530,2,131.2,41.8,80939
11365011001,3,,小鹿野町,大字薄南小沢口,101,76,-,122,39.9,12318
11365011002,3,,小鹿野町,大字薄東腰,143,99,-,108.7,34.4,15546
11365011003,3,,小鹿野町,大字薄下大平戸,104,102,1,144.7,44.5,15044
11365011004,3,,小鹿野町,大字薄下須川,113,98,1,141.9,44.7,16039
11365011005,3,,小鹿野町,大字薄午房,50,49,-,143.4,39.8,7169
11365011006,3,,小鹿野町,大字薄竹平,44,44,-,139.1,48.2,6122
11365011007,3,,小鹿野町,大字薄加明地,40,40,-,123.3,44,4931
11365011008,3,@,小鹿野町,大字薄大谷,22,22,-,171.4,62.8,3770
11365011009,3,*,小鹿野町,大字薄白井差,,,,,,
113650120,2,,小鹿野町,大字小森,286,270,-,144.5,46.9,41314
11365012009,3,,小鹿野町,大字小森芝寿田,65,63,-,146.7,48.7,9538
11365012010,3,,小鹿野町,大字小森下原,88,75,-,128.2,37.5,11284
11365012011,3,,小鹿野町,大字小森芦の和田,51,51,-,154.7,49.9,7889
11365012012,3,,小鹿野町,大字小森堀田,44,44,-,163.3,56.1,7186
11365012013,3,,小鹿野町,大字小森本沢,38,37,-,142.6,55.3,5418
