KEY_CODE,HYOSYO,HTKSYU,CITYNAME,NAME,T000055001,T000055002,T000055003,T000055004,T000055005,T000055006
,,,,,Z‘ξ‚ΙZ‚ήκ”ΚΆ‘Ρ,‚Ώ‰Ζ,–―‰cΨ‰Ζ,‚PΆ‘Ρ“–‚½‚θ‰„–ΚΟ,‚Pl“–‚½‚θ‰„–ΚΟ,‘‰„–ΚΟ
11208,1,,‘ςs,,130089,81900,37079,78.2,31,10170439
112080010,2,,‘ςs,•ΐ–Ψ,4134,322,6,56.7,23.7,234206
11208001001,3,,‘ςs,•ΐ–Ψ‚P’–Ϊ,-,-,-,-,-,-
11208001002,3,,‘ςs,•ΐ–Ψ‚Q’–Ϊ,946,-,-,54.3,23.3,51397
11208001003,3,,‘ςs,•ΐ–Ψ‚R’–Ϊ,1081,-,3,53.2,22.7,57494
11208001004,3,,‘ςs,•ΐ–Ψ‚S’–Ϊ,137,-,-,53.7,21.8,7352
11208001005,3,,‘ςs,•ΐ–Ψ‚T’–Ϊ,-,-,-,-,-,-
11208001006,3,,‘ςs,•ΐ–Ψ‚U’–Ϊ,-,-,-,-,-,-
11208001007,3,,‘ςs,•ΐ–Ψ‚V’–Ϊ,327,321,3,92.3,30.2,30167
11208001008,3,,‘ςs,•ΐ–Ψ‚W’–Ϊ,1643,1,-,53.4,23,87796
112080020,2,,‘ςs,–k΄’¬,503,431,39,78.5,28.5,39472
112080030,2,,‘ςs,αΌ’¬,687,576,88,79.3,29.1,54487
112080040,2,,‘ςs,‚±‚Τ‚µ’¬,942,856,75,80.4,32.8,75777
112080050,2,,‘ςs,’†Vδ,3639,2776,677,86.1,33.6,313171
11208005001,3,,‘ςs,’†Vδ‚P’–Ϊ,859,503,250,70.7,27.7,60695
11208005002,3,,‘ςs,’†Vδ‚Q’–Ϊ,763,484,241,73.3,27.9,55920
11208005003,3,,‘ςs,’†Vδ‚R’–Ϊ,784,676,89,84.4,35.5,66163
11208005004,3,,‘ςs,’†Vδ‚S’–Ϊ,551,508,37,119.4,44.8,65774
11208005005,3,,‘ςs,’†Vδ‚T’–Ϊ,682,605,60,94.7,36,64618
112080060,2,,‘ςs,‘ε’†Vδ,60,55,5,110.2,33.9,6614
112080070,2,,‘ςs,®’¬,738,356,372,68.8,33.7,50752
112080080,2,,‘ςs,‚­‚·‚Μ‚«‘δ,1493,456,978,55.2,28.3,82361
11208008001,3,,‘ςs,‚­‚·‚Μ‚«‘δ‚P’–Ϊ,321,115,196,58,31.3,18608
11208008002,3,,‘ςs,‚­‚·‚Μ‚«‘δ‚Q’–Ϊ,487,113,361,48,28,23360
11208008003,3,,‘ςs,‚­‚·‚Μ‚«‘δ‚R’–Ϊ,685,228,421,59,27.2,40393
112080090,2,,‘ςs,δK’¬,1168,648,490,59,30.2,68938
112080100,2,,‘ςs,“’¬,660,382,262,68.8,33,45411
112080110,2,,‘ςs,“ϊ‹g’¬,285,148,134,78.8,38.1,22464
112080120,2,,‘ςs,³’¬,1223,806,350,73.2,30.4,89548
112080130,2,,‘ςs,υ’¬,1136,526,586,60.9,32.2,69210
112080140,2,,‘ςs,―‚Μ‹{,1027,576,428,76.4,33.3,78449
11208014001,3,,‘ςs,―‚Μ‹{‚P’–Ϊ,469,252,207,76.3,32.9,35780
11208014002,3,,‘ςs,―‚Μ‹{‚Q’–Ϊ,558,324,221,76.5,33.5,42669
112080150,2,,‘ςs,‹{–{’¬,1363,695,609,71.2,31,97107
11208015001,3,,‘ςs,‹{–{’¬‚P’–Ϊ,727,350,325,68.7,30.6,49961
11208015002,3,,‘ςs,‹{–{’¬‚Q’–Ϊ,636,345,284,74.1,31.5,47146
112080160,2,,‘ςs,Ό‘ς,2475,1504,825,67.7,29,167663
11208016001,3,,‘ςs,Ό‘ς‚P’–Ϊ,1657,1072,526,65.7,27.8,108886
11208016002,3,,‘ςs,Ό‘ς‚Q’–Ϊ,818,432,299,71.9,31.7,58777
112080170,2,,‘ςs,‹ΰR’¬,451,322,119,80.2,31,36186
112080180,2,,‘ςs,μ‘½’¬,564,198,349,64.3,31.3,36275
112080190,2,,‘ςs,–k—Ly’¬,736,385,308,72.9,29.6,53663
112080200,2,,‘ςs,—Ly’¬,516,261,244,65.7,31.1,33912
112080210,2,,‘ςs,‚―‚β‚«‘δ,2342,1394,812,70.7,27.1,165626
11208021001,3,,‘ςs,‚―‚β‚«‘δ‚P’–Ϊ,1553,1030,423,71.3,26.6,110757
11208021002,3,,‘ςs,‚―‚β‚«‘δ‚Q’–Ϊ,789,364,389,69.5,28,54869
112080220,2,,‘ςs,ς’¬,752,423,266,72.4,31.1,54435
112080230,2,,‘ςs,—Ξ’¬,5727,1693,1520,66.2,30.3,379199
11208023001,3,,‘ςs,—Ξ’¬‚P’–Ϊ,1194,112,131,59.3,28.4,70748
11208023002,3,,‘ςs,—Ξ’¬‚Q’–Ϊ,979,296,318,62.7,31.9,61416
11208023003,3,,‘ςs,—Ξ’¬‚R’–Ϊ,1037,365,350,67.7,31.1,70176
11208023004,3,,‘ςs,—Ξ’¬‚S’–Ϊ,2517,920,721,70.3,30.2,176859
112080240,2,,‘ςs,Β—t‘δ,1036,860,146,77.9,30.2,80737
112080250,2,,‘ςs,‰|’¬,622,362,251,79.9,34.7,49681
112080260,2,,‘ςs,ό—z’¬,1338,967,350,77.6,30.2,103784
112080270,2,,‘ςs,”ό΄’¬,2110,1118,852,65.5,29,138138
11208027001,3,,‘ςs,”ό΄’¬‚P’–Ϊ,390,227,155,69.2,28.6,26988
11208027002,3,,‘ςs,”ό΄’¬‚Q’–Ϊ,532,216,263,65.3,29.1,34734
11208027003,3,,‘ςs,”ό΄’¬‚R’–Ϊ,548,294,209,63.5,29.3,34787
11208027004,3,,‘ςs,”ό΄’¬‚S’–Ϊ,190,124,38,67,29.3,12731
11208027005,3,,‘ςs,”ό΄’¬‚T’–Ϊ,450,257,187,64.2,28.8,28898
112080280,2,,‘ςs,Ό—t’¬,1110,392,661,58.9,32.4,65343
112080290,2,,‘ςs,–ν¶’¬,951,634,292,75.2,33.7,71482
112080300,2,,‘ςs,‰Τ‰€,1458,1018,291,78.1,30.4,113860
11208030001,3,,‘ςs,‰Τ‰€‚P’–Ϊ,362,252,72,83.2,33.2,30107
11208030002,3,,‘ςs,‰Τ‰€‚Q’–Ϊ,549,368,123,75.9,30,41691
11208030003,3,,‘ςs,‰Τ‰€‚R’–Ϊ,334,227,56,73.8,27.6,24636
11208030004,3,,‘ςs,‰Τ‰€‚S’–Ϊ,213,171,40,81.8,31.6,17426
112080310,2,,‘ςs,–k‘ς’¬,887,481,375,68.5,29,60786
112080320,2,,‘ςs,ΌVδ’¬,606,293,288,81.9,33.2,49647
112080330,2,,‘ςs,“Vδ’¬,820,543,258,81.8,31.2,67051
112080340,2,,‘ςs,‘εγΐΌ,4878,3373,1348,81.6,31.8,397877
11208034001,3,,‘ςs,‘εγΐΌ,2496,1648,742,83.2,31.6,207570
11208034002,3,,‘ςs,‘εγΐΌ,2382,1725,606,79.9,31.9,190307
112080350,2,,‘ςs,‘ε‹ΐ,1368,897,438,82.4,28.7,112667
112080360,2,,‘ςs,‘ε‰ΊΐΌ,3884,2898,920,84,31.3,326286
112080370,2,,‘ςs,‘ε‰ΊVδ,83,79,1,87.9,33.6,7293
112080380,2,,‘ςs,‘εΌ‹½,1311,894,91,74.7,27.4,97870
112080390,2,,‘ςs,“‘ςa“c,2470,1224,1039,69,27.1,170532
11208039001,3,,‘ςs,“‘ςa“c‚P’–Ϊ,986,514,427,70.7,27.3,69695
11208039002,3,,‘ςs,“‘ςa“c‚Q’–Ϊ,875,358,466,62,26.4,54284
11208039003,3,,‘ςs,“‘ςa“c‚R’–Ϊ,609,352,146,76.4,27.7,46553
112080400,2,,‘ςs,“Z‹g,788,175,584,50.6,29.5,39881
112080410,2,,‘ςs,“μZ‹g,1280,499,738,61.9,28.3,79249
112080420,2,,‘ςs,ΌZ‹g,334,146,181,64.9,32.4,21678
112080430,2,,‘ςs,‘ε–kH’Γ,4097,2418,1522,68,29.1,278762
112080440,2,,‘ςs,‘ε‹v•Δ,3721,2215,1360,76.8,30.5,285850
11208044001,3,,‘ςs,‘ε‹v•Δ,2766,1551,1082,75.7,30.8,209365
11208044002,3,,‘ςs,‘ε‹v•Δ,955,664,278,80.1,29.6,76485
112080450,2,,‘ςs,‘εr”¦,2714,1895,744,85.3,30.7,231630
112080460,2,,‘ςs,‘εRϋ,9842,7513,2052,86.4,32,850148
11208046001,3,,‘ςs,‘εRϋ,2295,1362,859,79.2,32.3,181687
11208046002,3,,‘ςs,‘εRϋ,2730,2183,438,90.9,33.8,248286
11208046003,3,,‘ςs,‘εRϋ,2126,1756,332,88.4,31.5,187848
11208046004,3,,‘ςs,‘εRϋ,2691,2212,423,86.3,30.3,232327
112080470,2,,‘ςs,‘εγRϋ,1641,1336,280,90.5,33.6,148587
112080480,2,,‘ςs,‘εy›,-,-,-,-,-,-
112080490,2,,‘ςs,‘εγVδ,4777,2977,1653,77.7,30.7,370976
112080501,2,,‘ςs,¬θw“μ,2965,2438,468,89.8,32.5,266396
11208050101,3,,‘ςs,¬θw“μ‚P’–Ϊ,381,344,32,87.6,31.3,33394
11208050102,3,,‘ςs,¬θw“μ‚Q’–Ϊ,471,398,66,99,35.5,46638
11208050103,3,,‘ςs,¬θw“μ‚R’–Ϊ,725,561,155,87.3,32.1,63311
11208050104,3,,‘ςs,¬θw“μ‚S’–Ϊ,545,446,90,86.6,32.6,47199
11208050105,3,,‘ςs,¬θw“μ‚T’–Ϊ,289,245,21,108.7,34,31401
11208050106,3,,‘ςs,¬θw“μ‚U’–Ϊ,554,444,104,80.2,30.1,44455
112080502,2,,‘ςs,¬θw³’¬,1612,1111,471,79.5,30.3,128140
11208050201,3,,‘ςs,¬θw³’¬‚P’–Ϊ,603,353,238,70.1,28.7,42277
11208050202,3,,‘ςs,¬θw³’¬‚Q’–Ϊ,467,335,124,82.7,31.3,38642
11208050203,3,,‘ςs,¬θw³’¬‚R’–Ϊ,542,423,109,87.1,31.1,47221
112080503,2,,‘ςs,‘ε–k–μ,854,723,112,112.4,37.2,96003
112080510,2,,‘ςs,¬θw’¬,6873,3726,2982,67,29.5,460306
11208051001,3,,‘ςs,¬θw’¬‚P’–Ϊ,1836,870,903,66,30.2,121254
11208051002,3,,‘ςs,¬θw’¬‚Q’–Ϊ,1071,584,456,73.7,32.3,78971
11208051003,3,,‘ςs,¬θw’¬‚R’–Ϊ,2253,1611,596,69.9,28.9,157486
11208051004,3,,‘ςs,¬θw’¬‚S’–Ϊ,1293,419,857,55.7,27.2,71988
11208051005,3,,‘ςs,¬θw’¬‚T’–Ϊ,420,242,170,72.9,29.9,30606
112080520,2,,‘ςs,–k’†,1406,1147,230,92.2,32.8,129663
11208052001,3,,‘ςs,–k’†‚P’–Ϊ,215,181,29,87.3,30.6,18764
11208052002,3,,‘ςs,–k’†‚Q’–Ϊ,332,254,63,90.7,30.7,30116
11208052003,3,,‘ςs,–k’†‚R’–Ϊ,811,668,135,92.9,34.2,75347
11208052004,3,,‘ςs,–k’†‚S’–Ϊ,48,44,3,113.2,35.8,5435
112080530,2,,‘ςs,β‰’¬,490,401,77,103.6,33.9,50749
112080540,2,,‘ςs,‘ε–kβ‰,462,410,42,109.4,37,50532
112080550,2,,‘ςs,‘ε_•Δ‹ΰ,561,515,39,86.1,31.8,48330
112080560,2,,‘ςs,‘ςV’¬,378,295,76,100.2,35,37885
112080570,2,,‘ςs,‘ε‰Ί•x,1876,1746,89,115.9,38.8,217504
112080581,2,,‘ςs,‘ε’†•x,805,663,131,111,36.2,89365
112080582,2,,‘ςs,’†•x“μ,1376,1057,296,102.5,34.3,140986
11208058201,3,,‘ςs,’†•x“μ‚P’–Ϊ,127,93,33,102.7,37.3,13040
11208058202,3,,‘ςs,’†•x“μ‚Q’–Ϊ,279,200,74,104.6,35,29184
11208058203,3,,‘ςs,’†•x“μ‚R’–Ϊ,423,245,167,93.1,30.5,39375
11208058204,3,,‘ςs,’†•x“μ‚S’–Ϊ,547,519,22,108.6,36.4,59388
112080590,2,,‘ςs,‘εV‹½,9,8,1,92.9,44,836
112080600,2,,‘ςs,‘ε“ϊ”δ“c,126,124,1,140.2,36.5,17661
112080610,2,,‘ςs,‘ε“μ‰iδ,367,311,49,112.9,35.8,41441
112080620,2,,‘ςs,‘ε‹TƒP’J,111,101,10,120.8,38.3,13407
112080630,2,,‘ςs,‘εβ”V‰Ί,245,220,18,134.7,42.5,32996
112080640,2,,‘ςs,‘ει,149,129,14,130.9,38.2,19511
112080650,2,,‘ςs,‘ε–{‹½,619,593,16,102.1,32.9,63205
112080660,2,,‘ςs,“‘ς,5296,2537,2289,67.9,27.8,359492
11208066001,3,,‘ςs,“‘ς‚P’–Ϊ,1235,465,687,63.3,26.9,78143
11208066002,3,,‘ςs,“‘ς‚Q’–Ϊ,1879,937,813,72.4,28.4,135988
11208066003,3,,‘ςs,“‘ς‚R’–Ϊ,1239,586,477,66.9,27.8,82922
11208066004,3,,‘ςs,“‘ς‚S’–Ϊ,322,202,82,69.9,27.9,22518
11208066005,3,,‘ςs,“‘ς‚T’–Ϊ,621,347,230,64.3,27.5,39921
112080670,2,,‘ςs,OƒP“‡,1651,1405,221,105.5,34.5,174157
11208067001,3,,‘ςs,OƒP“‡‚P’–Ϊ,312,287,17,122.1,36.6,38087
11208067002,3,,‘ςs,OƒP“‡‚Q’–Ϊ,174,147,25,106.7,37.1,18561
11208067003,3,,‘ςs,OƒP“‡‚R’–Ϊ,179,169,8,125.6,36.4,22489
11208067004,3,,‘ςs,OƒP“‡‚S’–Ϊ,370,327,39,87.1,30.3,32244
11208067005,3,,‘ςs,OƒP“‡‚T’–Ϊ,616,475,132,101.9,34.4,62777
112080680,2,,‘ςs,–x”V“ΰ,162,154,8,131.2,40.1,21250
112080690,2,,‘ςs,βο’J,279,260,13,114.8,35.9,32029
112080700,2,,‘ςs,α‹·,2782,2119,593,80.4,30.5,223559
11208070001,3,,‘ςs,α‹·‚P’–Ϊ,742,562,159,78.5,28.7,58268
11208070002,3,,‘ςs,α‹·‚Q’–Ϊ,289,248,23,110.3,41.6,31869
11208070003,3,,‘ςs,α‹·‚R’–Ϊ,729,608,119,82,31.2,59768
11208070004,3,,‘ςs,α‹·‚S’–Ϊ,1022,701,292,72.1,28.2,73654
112080710,2,,‘ςs,‹·RƒP‹u,1670,1112,527,76.4,30.3,127606
11208071001,3,,‘ςs,‹·RƒP‹u‚P’–Ϊ,700,389,296,73.5,31.4,51473
11208071002,3,,‘ςs,‹·RƒP‹u‚Q’–Ϊ,970,723,231,78.5,29.6,76132
112080720,2,,‘ςs,“‹·RƒP‹u,3641,2341,835,74.7,28.8,272054
11208072001,3,,‘ςs,“‹·RƒP‹u‚P’–Ϊ,1233,773,432,73.6,30,90808
11208072002,3,,‘ςs,“‹·RƒP‹u‚Q’–Ϊ,1220,652,151,69.6,26.1,84862
11208072003,3,,‘ςs,“‹·RƒP‹u‚R’–Ϊ,589,436,142,78,31.1,45934
11208072004,3,,‘ςs,“‹·RƒP‹u‚S’–Ϊ,122,77,45,87.7,34.4,10704
11208072005,3,,‘ςs,“‹·RƒP‹u‚T’–Ϊ,65,62,1,105.8,30,6878
11208072006,3,,‘ςs,“‹·RƒP‹u‚U’–Ϊ,412,341,64,79.8,29.1,32868
112080730,2,,‘ςs,Ό‹·RƒP‹u,1289,985,280,77,30.1,99192
11208073001,3,,‘ςs,Ό‹·RƒP‹u‚P’–Ϊ,1012,742,257,73.6,29.3,74526
11208073002,3,,‘ςs,Ό‹·RƒP‹u‚Q’–Ϊ,277,243,23,89,32.8,24666
112080740,2,,‘ςs,aƒP΄,2533,1773,710,75,29.8,189889
11208074001,3,,‘ςs,aƒP΄‚P’–Ϊ,1252,814,416,73.8,31.9,92373
11208074002,3,,‘ςs,aƒP΄‚Q’–Ϊ,533,395,125,81,29.7,43190
11208074003,3,,‘ςs,aƒP΄‚R’–Ϊ,748,564,169,72.6,26.8,54327
112080750,2,,‘ςs,—Ρ,1648,1419,210,89.3,31.1,147223
11208075001,3,,‘ςs,—Ρ‚P’–Ϊ,220,199,17,125.6,36.4,27636
11208075002,3,,‘ςs,—Ρ‚Q’–Ϊ,215,200,12,116.6,36.3,25058
11208075003,3,,‘ςs,—Ρ‚R’–Ϊ,1213,1020,181,77.9,28.8,94529
112080760,2,,‘ςs,Ό‚‹u,1107,1081,14,130.4,43.2,144350
11208076001,3,,‘ςs,Ό‚‹u‚P’–Ϊ,524,508,10,130.4,44.1,68328
11208076002,3,,‘ςs,Ό‚‹u‚Q’–Ϊ,583,573,4,130.4,42.4,76023
