KEY_CODE,HYOSYO,HTKSYU,CITYNAME,NAME,T000055001,T000055002,T000055003,T000055004,T000055005,T000055006
,,,,,ZɏZވʐ,,c؉,Pѓ艄ʐ,Pl艄ʐ,ʐ
11207,1,,s,,24087,18622,3593,110.5,38.4,2660427
112070010,2,,s,c,743,480,234,94.6,35.9,70272
11207001001,3,,s,cP,218,139,67,99,36.1,21589
11207001002,3,,s,cQ,525,341,167,92.7,35.7,48683
112070020,2,,s,⒬,667,439,194,98.2,39.6,65474
11207002001,3,,s,⒬P,336,203,110,91.4,38,30700
11207002002,3,,s,⒬Q,331,236,84,105.1,41.1,34774
112070030,2,,s,Fؒ,520,407,76,105.2,40.6,54695
112070040,2,,s,㒬,1035,816,181,106.8,40.1,110548
11207004001,3,,s,㒬P,236,175,59,103.8,40.2,24508
11207004002,3,,s,㒬Q,378,286,74,107.6,41.8,40685
11207004003,3,,s,㒬R,421,355,48,107.7,38.7,45354
112070050,2,,s,,289,214,72,109.5,42.3,31656
112070060,2,,s,{,116,81,26,117.1,49.6,13582
112070070,2,,s,{,147,111,32,101.7,40.9,14946
112070080,2,,s,ԏ꒬,183,124,49,103,39,18855
112070090,2,,s,쒬,295,212,65,107.9,41,31840
112070100,2,,s,,189,153,36,113.3,42.4,21419
112070110,2,,s,,276,158,92,90.8,38.1,25072
112070120,2,,s,,1166,729,251,96.3,35.2,112228
11207012001,3,,s,P,168,132,34,114.6,42.2,19259
11207012002,3,,s,Q,263,171,87,96.8,38.9,25464
11207012003,3,,s,R,487,234,80,82.4,29.6,40142
11207012004,3,,s,S,248,192,50,110.3,38.1,27363
112070130,2,,s,ߌ˒,486,365,105,103,37.1,50066
112070140,2,,s,ؒ,437,299,126,92.7,37.8,40512
112070150,2,,s,,297,219,39,102.6,33.4,30480
112070160,2,,s,ic,262,80,21,70.3,26.8,18429
112070170,2,,s,c,252,156,60,96.1,34.2,24213
112070180,2,,s,ے,190,108,33,91.7,31.4,17414
112070190,2,,s,唨,329,200,56,95.2,35.1,31335
112070200,2,,s,̏㒬,147,125,16,116.1,39,17063
112070210,2,,s,{n,592,328,217,86.7,36.5,51342
112070220,2,,s,{n,524,375,114,103.3,38.2,54131
112070230,2,,s,{n,165,97,40,94.1,34.9,15523
112070240,2,,s,,221,128,68,86.8,34.6,19180
112070250,2,,s,厚ʏ,166,156,8,122.4,41.3,20325
112070260,2,,s,厚,1080,873,141,111.4,37,120330
11207026001,3,,s,厚,253,199,49,116.7,37.9,29529
11207026002,3,,s,厚,633,482,92,102.2,34.7,64712
11207026003,3,,s,厚,194,192,-,134.5,42.7,26090
112070270,2,,s,厚c,313,303,9,145.2,40.4,45447
11207027001,3,,s,厚c,87,84,3,149.2,38.7,12981
11207027002,3,,s,厚c,98,96,2,149.3,41.9,14633
11207027003,3,,s,厚c,128,123,4,139.3,40.3,17834
112070280,2,,s,厚c,117,114,2,143.6,48.5,16797
112070290,2,,s,厚쌴,2352,1757,428,103,34.7,242351
11207029001,3,,s,厚쌴,347,282,63,109.5,36.9,37982
11207029002,3,,s,厚쌴,941,685,163,104.8,35.6,98581
11207029003,3,,s,厚쌴,1064,790,202,99.4,33.1,105788
112070300,2,,s,厚J,893,736,107,112.5,37,100447
11207030001,3,,s,厚J,474,377,48,109.8,35.5,52063
11207030002,3,,s,厚J,419,359,59,115.5,38.7,48385
112070310,2,,s,厚v,472,385,21,124.3,38.5,58659
11207031001,3,,s,厚v,57,57,-,150.1,47,8555
11207031002,3,,s,厚v,285,234,16,118.3,37.4,33717
11207031003,3,,s,厚v,130,94,5,126.1,37.3,16387
112070320,2,,s,厚Rc,1191,981,136,113.6,36.4,135305
11207032001,3,,s,厚Rc,380,296,57,109.6,37.4,41660
11207032002,3,,s,厚Rc,313,279,29,119.9,36.8,37534
11207032003,3,,s,厚Rc,498,406,50,112.7,35.6,56111
112070330,2,,s,厚ȒJ,442,399,29,116.6,37.9,51539
11207033001,3,,s,厚ȒJ,254,230,17,114.7,36.6,29141
11207033002,3,,s,厚ȒJ,188,169,12,119.1,39.8,22398
112070340,2,,s,厚,99,90,5,126.5,42,12522
112070350,2,,s,厚c,254,250,1,144.6,43.7,36729
11207035001,3,,s,厚c,123,121,1,155.1,46.5,19081
11207035002,3,,s,厚c,131,129,-,134.7,41,17649
112070360,2,,s,厚ɌÓc,68,68,-,151.2,41.6,10284
112070370,2,,s,厚i,119,116,3,148.9,42.7,17719
112070380,2,,s,厚x,82,65,1,120.7,36.3,9900
112070390,2,,s,厚,169,160,8,135,41.6,22815
112070400,2,,s,厚eX,698,486,114,104.9,35.9,73193
11207040001,3,,s,厚eX,125,100,23,113.3,38,14157
11207040002,3,,s,厚eX,156,112,42,107.8,36.2,16816
11207040003,3,,s,厚eX,17,17,-,128.9,37.8,2192
11207040004,3,,s,厚eX,88,69,19,105.1,36.3,9246
11207040005,3,,s,厚eX,132,89,18,105.6,35.3,13943
11207040006,3,,s,厚eX,180,99,12,93.6,34.2,16840
112070410,2,,s,厚eX,1536,1241,256,107.8,37.4,165519
11207041001,3,,s,厚eX,48,44,3,137.1,47.3,6579
11207041002,3,,s,厚eX,175,139,30,108.9,37.1,19060
11207041003,3,,s,厚eX,294,255,32,114.1,38.4,33557
11207041004,3,,s,厚eX,883,695,167,103.9,36.8,91776
11207041005,3,,s,厚eX,136,108,24,107,36.1,14547
112070420,2,,s,厚YR,73,71,2,123,57.6,8979
11207042001,3,,s,厚YR,21,21,-,143.8,58.1,3019
11207042002,3,,s,厚YR,52,50,2,114.6,57.3,5960
112070430,2,,s,厚{,228,201,22,106.1,36.3,24186
112070440,2,,s,a,-,-,-,-,-,-
112070450,2,,s,厚݂ǂ肪u,-,-,-,-,-,-
112070460,2,,s,厚gc,913,815,10,131.2,39.8,119792
11207046001,3,,s,厚gc,50,35,2,106.5,35.7,5325
11207046002,3,,s,厚gc,89,60,2,108.6,34,9664
11207046003,3,,s,厚gc,44,43,-,136.9,37.6,6022
11207046004,3,,s,厚gc,57,57,-,124.2,39.3,7082
11207046005,3,,s,厚gc,111,107,1,137.4,40.4,15256
11207046006,3,,s,厚gc,51,50,1,148.7,47.7,7586
11207046007,3,,s,厚gc,54,54,-,134.8,37.5,7280
11207046008,3,,s,厚gc,22,22,-,120.9,37.5,2660
11207046009,3,,s,厚gc,112,111,1,136.8,40.9,15319
11207046010,3,,s,厚gc,148,104,1,128.3,40.2,18986
11207046011,3,,s,厚gc,36,35,-,167.2,44.9,6017
11207046012,3,,s,厚gc,25,25,-,138.2,36,3455
11207046013,3,,s,厚gc,51,50,1,117.6,40.5,5998
11207046014,3,,s,厚gc,29,28,1,124.9,41.6,3622
11207046015,3,,s,厚gc,34,34,-,162.4,44.2,5521
112070470,2,,s,厚v,209,154,1,113,35.9,23608
11207047001,3,,s,厚v,72,61,-,123.6,41,8902
11207047002,3,,s,厚v,17,17,-,123.6,43.8,2102
11207047003,3,,s,厚v,120,76,1,105,32.2,12604
112070480,2,,s,厚F,73,72,1,152.2,55.3,11113
11207048001,3,,s,厚F,20,20,-,165.3,52.5,3305
11207048002,3,,s,厚F,22,22,-,178.6,62.4,3930
11207048003,3,,s,厚F,31,30,1,125.1,51.7,3878
112070490,2,,s,厚gc,421,389,8,141.7,47.7,59665
11207049001,3,,s,厚gc,30,30,-,162,52.8,4861
11207049002,3,,s,厚gc,39,27,1,117,39,4562
11207049003,3,,s,厚gc,43,41,1,146.6,44.7,6306
11207049004,3,,s,厚gc,26,25,1,134.2,42,3489
11207049005,3,,s,厚gc,16,16,-,177,88.5,2832
11207049006,3,,s,厚gc,35,34,1,155.1,50.7,5430
11207049007,3,,s,厚gc,28,28,-,156.2,56.8,4373
11207049008,3,,s,厚gc,29,29,-,132.3,46.8,3837
11207049009,3,,s,厚gc,17,16,1,133.8,34,2275
11207049010,3,,s,厚gc,64,51,1,124.6,40.9,7976
11207049011,3,,s,厚gc,18,18,-,150.4,46.7,2706
11207049012,3,,s,厚gc,33,33,-,152.1,59.8,5019
11207049013,3,,s,厚gc,43,41,2,139.5,51.3,6000
112070500,2,,s,厚Ί,134,133,1,139.6,51.1,18709
11207050001,3,,s,厚Ί,29,28,1,125.7,46.1,3646
11207050002,3,,s,厚Ί,25,25,-,126.6,43.4,3166
11207050003,3,,s,厚Ί,32,32,-,138.8,46.3,4443
11207050004,3,,s,厚Ί,30,30,-,145.2,56.6,4357
11207050005,3,,s,厚Ί,18,18,-,172.1,75.5,3097
112070510,2,,s,厚c,31,31,-,197.4,107.4,6121
11207051001,3,,s,厚c,11,11,-,154.4,99.9,1699
11207051002,3,,s,厚c,20,20,-,221.1,110.6,4422
112070520,2,,s,厚,433,368,11,127,53.9,55002
11207052001,3,,s,厚ꎚ,34,24,2,125.1,50.6,4252
11207052002,3,,s,厚ꎚ,10,9,-,114.7,52.1,1147
11207052003,3,,s,厚ꎚ匌,24,24,-,153.1,65.6,3673
11207052004,3,,s,厚ꎚB,8,8,-,149.8,52.1,1199
11207052005,3,,s,厚ꎚ,47,35,-,125.4,46.8,5895
11207052006,3,,s,厚ꎚ_,41,20,-,89.7,36.8,3676
11207052007,3,,s,厚ꎚ,53,43,4,130.1,58.4,6893
11207052008,3,,s,厚ꎚO\,23,22,1,124.3,55,2859
11207052009,3,,s,厚ꎚv,22,19,-,118.2,53.1,2601
11207052010,3,,s,厚ꎚ,5,5,-,199,62.2,995
11207052011,3,,s,厚ꎚ,19,17,-,142.8,61.7,2713
11207052012,3,,s,厚ꎚ,13,13,-,138.8,64.5,1805
11207052013,3,,s,厚ꎚ㒆,16,15,1,145.2,83,2324
11207052014,3,,s,厚ꎚȖ{,41,40,1,119.8,63,4913
11207052015,3,,s,厚ꎚ얔,11,11,-,87.3,38.4,960
11207052016,3,,s,厚ꎚG,44,41,2,137.1,55.3,6030
11207052017,3,,s,厚ꎚoZ,22,22,-,139.4,48.7,3066
11207052018,3,,s,厚ꎚ̑,-,-,-,-,-,-
11207052019,3,,s,厚ꎚl,-,-,-,-,-,-
11207052020,3,,s,厚ꎚ,-,-,-,-,-,-
112070530,2,,s,厚Ð,40,31,6,105.2,63.7,4207
11207053001,3,,s,厚Ð쎚o,9,8,1,111.1,66.7,1000
11207053002,3,,s,厚Ð쎚Ð,30,23,5,103.7,62.2,3112
11207053003,3,,s,厚Ð쎚q,1,-,-,96,96,96
112070540,2,,s,厚O,38,37,1,123,57,4674
112070550,2,,s,厚v,77,76,1,122.8,39.7,9459
112070560,2,,s,厚c,925,817,39,124,39.6,114732
11207056001,3,,s,厚c,38,37,-,138.1,44.9,5249
11207056002,3,,s,厚c,225,194,8,116.9,36.6,26304
11207056003,3,,s,厚c,80,54,1,103.4,36.6,8274
11207056004,3,,s,厚c,130,120,5,125.5,40.4,16317
11207056005,3,,s,厚c,55,50,5,139.4,44.1,7666
11207056006,3,,s,厚c,69,69,-,133.8,40.7,9236
11207056007,3,,s,厚c,37,37,-,139.7,43.8,5169
11207056008,3,,s,厚c,128,102,15,110.7,39.2,14176
11207056009,3,,s,厚c,66,58,5,131.3,37.7,8663
11207056010,3,,s,厚c,97,96,-,141,42.7,13680
112070570,2,,s,厚,305,273,5,126.6,39.6,38611
11207057001,3,,s,厚,55,51,2,140,47.5,7698
11207057002,3,,s,厚,28,28,-,147.9,45.5,4142
11207057003,3,,s,厚,143,139,3,123.3,38.4,17637
11207057004,3,,s,厚,46,22,-,99.6,26.2,4583
11207057005,3,,s,厚,33,33,-,137.9,51.1,4551
112070580,2,,s,厚쌴,52,49,-,156.6,44,8143
11207058001,3,,s,厚쌴,32,30,-,168.4,45.3,5390
11207058002,3,@,s,厚쌴,20,19,-,137.7,41.7,2753
11207058003,3,*,s,厚쌴,,,,,,
112070590,2,,s,厚v,367,339,8,127.4,42.3,46767
11207059001,3,,s,厚v,25,25,-,124.8,36.3,3120
11207059002,3,,s,厚v,51,51,-,131.3,41.6,6698
11207059003,3,,s,厚v,56,56,-,126.1,39.7,7064
11207059004,3,,s,厚v,54,54,-,149.4,48.3,8069
11207059005,3,,s,厚v,59,39,-,112,40,6608
11207059006,3,,s,厚v,78,70,8,123.1,38.5,9598
11207059007,3,,s,厚v,44,44,-,127.5,56.1,5609
112070600,2,,s,厚ѐ,189,182,5,140.2,44.7,26505
11207060001,3,,s,厚ѐ,41,39,1,162.9,49.1,6680
11207060002,3,,s,厚ѐ,12,12,-,150.1,39.1,1801
11207060003,3,,s,厚ѐ,10,9,1,116.7,61.4,1167
11207060004,3,,s,厚ѐ,24,23,1,129.3,39.8,3103
11207060005,3,,s,厚ѐ,27,27,-,133.1,45.5,3593
11207060006,3,,s,厚ѐ,20,19,-,146.5,42.5,2929
11207060007,3,@,s,厚ѐ,55,53,2,131.5,43.6,7232
11207060008,3,*,s,厚ѐ,,,,,,
