KEY_CODE,HYOSYO,HTKSYU,CITYNAME,NAME,T000055001,T000055002,T000055003,T000055004,T000055005,T000055006
,,,,,ZɏZވʐ,,c؉,Pѓ艄ʐ,Pl艄ʐ,ʐ
11424,1,,kӒ,,4001,3518,449,114.2,34.9,456865
114240010,2,,kӒ,厚ѐ,232,224,8,134.8,39.8,31269
11424001001,3,,kӒ,厚ѐ,47,45,2,126.6,35,5950
11424001002,3,,kӒ,厚ѐ,30,30,-,154.7,43,4641
11424001003,3,,kӒ,厚ѐ,31,31,-,151.6,46.5,4700
11424001004,3,,kӒ,厚ѐ,47,47,-,141.9,41.2,6669
11424001005,3,,kӒ,厚ѐ,53,49,4,113.7,37.7,6025
11424001006,3,,kӒ,厚ѐ,14,12,2,143.6,41.9,2011
11424001007,3,@,kӒ,厚ѐ,10,10,-,127.3,34.4,1273
11424001008,3,*,kӒ,厚ѐ,,,,,,
114240020,2,,kӒ,厚q,674,626,43,118.1,33.3,79603
11424002001,3,,kӒ,厚q,53,53,-,139.8,39.6,7408
11424002002,3,,kӒ,厚q,64,63,1,122.6,38.5,7848
11424002003,3,,kӒ,厚q,144,117,25,105.6,31.2,15200
11424002004,3,,kӒ,厚q,39,38,1,133.4,34.9,5202
11424002005,3,,kӒ,厚q,80,77,2,110.9,31.8,8876
11424002006,3,,kӒ,厚q,94,82,10,110.9,31.8,10424
11424002007,3,,kӒ,厚q,37,35,2,117.7,32.3,4356
11424002008,3,,kӒ,厚q,22,22,-,132.6,34.7,2916
11424002009,3,,kӒ,厚q,21,21,-,131.1,38.2,2752
11424002010,3,,kӒ,厚q,29,28,1,119.7,32.1,3472
11424002011,3,,kӒ,厚q,91,90,1,122.5,30.9,11150
114240030,2,,kӒ,厚,869,676,187,104.3,34.8,90658
11424003001,3,,kӒ,厚,134,103,30,104.6,31.6,14014
11424003002,3,,kӒ,厚,35,34,1,128.5,36.9,4497
11424003003,3,,kӒ,厚,82,72,10,118.1,35.9,9683
11424003004,3,,kӒ,厚,129,99,30,101,34.9,13024
11424003005,3,,kӒ,厚,403,298,100,98.3,35.1,39606
11424003006,3,,kӒ,厚,86,70,16,114.4,36.4,9835
114240050,2,,kӒ,厚,242,225,17,125.2,36.8,30291
11424005001,3,,kӒ,厚,78,71,7,115.6,36.3,9014
11424005002,3,,kӒ,厚,43,41,2,124.1,35.8,5335
11424005003,3,,kӒ,厚,58,50,8,126.3,37.8,7326
11424005004,3,,kӒ,厚,63,63,-,136.8,37.1,8617
114240060,2,,kӒ,厚,190,169,21,127.1,37,24148
11424006001,3,,kӒ,厚,44,42,2,134.1,39.1,5902
11424006002,3,,kӒ,厚,63,62,1,145.3,38.8,9154
11424006003,3,,kӒ,厚,83,65,18,109.5,34.2,9092
114240070,2,,kӒ,厚É,618,496,112,105.1,34.6,64958
11424007001,3,,kӒ,厚É,150,94,55,98.5,34.7,14779
11424007002,3,,kӒ,厚É,84,72,12,117.7,35.7,9891
11424007003,3,,kӒ,厚É,384,330,45,104.9,34.3,40289
114240080,2,,kӒ,z,341,320,14,118.3,37.5,40349
11424008001,3,,kӒ,zP,127,117,10,115.7,36.2,14698
11424008002,3,,kӒ,zQ,214,203,4,119.9,38.2,25651
114240090,2,,kӒ,厚ɉ,144,132,11,110.8,34.7,15961
11424009001,3,,kӒ,厚ɉ,38,38,-,143.5,34.1,5454
11424009002,3,,kӒ,厚ɉ,26,23,2,95.1,29.8,2473
11424009003,3,,kӒ,厚ɉ,80,71,9,100.4,37,8034
114240100,2,@,kӒ,厚,120,109,11,113.2,32.4,13582
11424010001,3,*,kӒ,厚,,,,,,
11424010002,3,*,kӒ,厚,,,,,,
114240110,2,,kӒ,厚{,40,40,-,156.7,41.2,6270
114240120,2,,kӒ,厚h,531,501,25,112.6,32.4,59776
11424012001,3,,kӒ,厚h,121,115,5,115.2,32.5,13939
11424012002,3,,kӒ,厚h,60,56,3,126.3,37,7578
11424012003,3,,kӒ,厚h,163,156,6,120.9,32.5,19699
11424012004,3,,kӒ,厚h,187,174,11,99.3,30.7,18560
