KEY_CODE,HYOSYO,HTKSYU,CITYNAME,NAME,T000055001,T000055002,T000055003,T000055004,T000055005,T000055006
,,,,,ZɏZވʐ,,c؉,Pѓ艄ʐ,Pl艄ʐ,ʐ
11234,1,,s,,26378,17740,6688,84.1,30.3,2219145
112340010,2,,s,厚,2124,1053,130,82,29.2,174252
11234001001,3,,s,厚,1203,1053,130,107.6,34.2,129487
11234001002,3,,s,厚,921,-,-,48.6,20.6,44764
112340020,2,,s,厚߃P],1675,1319,276,96.2,32.9,161071
112340030,2,@,s,厚c,38,37,-,118.8,35.6,4516
112340040,2,*,s,厚m,,,,,,
112340050,2,,s,厚ɑ,1050,781,237,67.1,26.9,70494
11234005001,3,,s,厚ɑ,496,318,160,87.5,32.2,43419
11234005002,3,,s,厚ɑ,554,463,77,48.9,21.4,27075
112340080,2,,s,厚V,302,230,65,81.4,31,24590
112340090,2,,s,厚񒚖,1085,795,273,86.3,29.7,93603
112340100,2,,s,厚ؑ],1225,815,353,88.2,32.4,107997
112340110,2,,s,厚,1097,848,234,93.6,31.8,102721
112340120,2,,s,厚ɐ,782,592,176,89.9,30.2,70304
112340130,2,,s,厚吣,1327,882,416,83.4,30.5,110716
112340140,2,,s,厚ÐVc,852,582,245,85.2,31.7,72632
112340150,2,,s,厚,389,315,69,95.3,32.8,37083
112340160,2,,s,厚n,150,99,47,79.1,32.7,11858
112340170,2,,s,厚n,186,155,28,96.3,34.3,17911
112340180,2,,s,厚匴,15,14,-,111.5,35.6,1672
112340190,2,,s,厚],2285,1566,607,82.2,29.7,187828
112340200,2,,s,厚,1075,771,276,84.5,30.1,90881
112340210,2,,s,厚,842,570,251,88.5,32.2,74477
112340220,2,,s,厚V{,414,252,116,86.3,29.7,35743
112340230,2,,s,厚J,1483,1064,282,77.8,30.3,115435
112340240,2,,s,,1667,1013,621,84.9,30.9,141458
11234024001,3,,s,P,430,276,143,79.3,29.6,34093
11234024002,3,,s,Q,448,252,191,87.4,32,39136
11234024003,3,,s,R,464,290,164,85.8,31.1,39791
11234024004,3,,s,S,325,195,123,87.5,30.8,28438
112340250,2,,s,,3308,2065,1038,84.9,30.2,280759
11234025001,3,,s,P,319,162,147,85.4,31.3,27251
11234025002,3,,s,Q,414,240,161,83.6,31.6,34617
11234025003,3,,s,R,350,242,103,93.2,32.4,32603
11234025004,3,,s,S,537,383,145,88.6,30.2,47582
11234025005,3,,s,T,112,93,18,105.4,35,11810
11234025006,3,,s,U,535,284,153,80.8,28.1,43240
11234025007,3,,s,V,653,404,240,86.7,30,56626
11234025008,3,,s,W,388,257,71,69.7,27.1,27031
112340260,2,,s,Β,3007,1922,948,76.9,28.1,231146
11234026001,3,,s,ΒP,657,346,284,74,29.3,48613
11234026002,3,,s,ΒQ,848,661,181,72.5,25.6,61447
11234026003,3,,s,ΒR,527,312,189,75.7,25.9,39904
11234026004,3,,s,ΒS,379,258,106,85.3,30.8,32330
11234026005,3,,s,ΒT,596,345,188,82,30.9,48852
