KEY_CODE,HYOSYO,HTKSYU,CITYNAME,NAME,T000055001,T000055002,T000055003,T000055004,T000055005,T000055006
,,,,,ZɏZވʐ,,c؉,Pѓ艄ʐ,Pl艄ʐ,ʐ
11243,1,,gs,,19897,14242,3407,94,31.6,1870180
112430010,2,,gs,厚,406,397,4,125.3,36.1,50877
11243001001,3,,gs,厚,153,150,1,108.9,32.3,16660
11243001002,3,,gs,厚,38,37,1,115.3,34.2,4380
11243001003,3,,gs,厚,103,100,1,132.8,38.7,13675
11243001004,3,,gs,厚,73,73,-,139.7,39.4,10198
11243001005,3,,gs,厚,39,37,1,152.9,38.5,5964
112430020,2,,gs,厚,156,153,1,137.8,36.9,21502
11243002006,3,,gs,厚,30,30,-,134.9,38.2,4046
11243002007,3,,gs,厚,43,41,1,132.4,33.9,5694
11243002009,3,,gs,厚,45,45,-,149.8,39.9,6739
11243002010,3,,gs,厚,38,37,-,132.2,35.9,5023
112430030,2,,gs,厚qVc,116,112,2,133.9,38.2,15532
112430040,2,,gs,厚珬H,29,26,3,151,40.2,4379
112430050,2,,gs,厚쓡,692,664,19,125.9,37.4,87134
11243005013,3,,gs,厚쓡,34,34,-,143.5,42,4878
11243005014,3,,gs,厚쓡,70,64,6,126.7,35.2,8871
11243005015,3,,gs,厚쓡,214,206,2,113.2,35.1,24218
11243005016,3,,gs,厚쓡,132,129,3,137.1,39.6,18093
11243005017,3,,gs,厚쓡,131,123,7,124.3,35.9,16283
11243005018,3,,gs,厚쓡,27,26,1,134.1,33.2,3620
11243005019,3,,gs,厚쓡,84,82,-,133,44.7,11171
112430060,2,,gs,厚L,113,107,4,150.8,40.5,17040
11243006020,3,,gs,厚L,48,46,1,170.8,42.9,8201
11243006021,3,,gs,厚L,65,61,3,136,38.4,8839
112430070,2,,gs,厚E댬,29,28,1,170,42.1,4929
112430081,2,,gs,O֖],35,33,1,143.8,32.9,5035
112430082,2,,gs,厚O֖],311,301,4,128.2,36.8,39874
11243008223,3,,gs,厚O֖],92,90,-,119.4,37.7,10981
11243008224,3,,gs,厚O֖],20,18,1,115.8,32.2,2316
11243008225,3,,gs,厚O֖],30,29,1,149.7,38.4,4492
11243008227,3,,gs,厚O֖],80,77,2,139,38.6,11118
11243008228,3,,gs,厚O֖],19,19,-,135.7,37.9,2578
11243008229,3,,gs,厚O֖],70,68,-,119.8,33.7,8389
112430090,2,,gs,厚y,194,156,10,103.6,32.7,20091
112430100,2,,gs,厚ѓ,50,49,-,121.7,35.4,6086
112430110,2,,gs,厚,130,127,2,118.4,30.4,15393
112430120,2,,gs,厚,144,135,6,132.1,35.2,19024
112430131,2,,gs,g,35,35,-,132.4,33.8,4633
112430132,2,,gs,厚g,35,35,-,158.4,39.6,5546
112430141,2,,gs,֐Vc,54,53,1,138.7,41.8,7488
11243014101,3,,gs,֐VcP,27,26,1,147.4,40.2,3980
11243014102,3,,gs,֐VcQ,27,27,-,129.9,43.9,3508
112430142,2,,gs,厚֐Vc,26,26,-,117.9,34.1,3065
112430151,2,,gs,,159,151,4,134.9,39.4,21446
11243015101,3,,gs,˂P,57,57,-,134.4,40.5,7660
11243015102,3,,gs,˂Q,45,43,1,120.1,35.8,5404
11243015103,3,,gs,˂R,57,51,3,147.1,40.9,8382
112430152,2,,gs,厚,26,26,-,133.4,35,3469
112430160,2,,gs,J,57,50,7,121.3,35.8,6914
112430171,2,,gs,,100,99,1,135.9,36.1,13590
11243017101,3,,gs,P,45,45,-,152.6,37.7,6869
11243017102,3,,gs,Q,26,25,1,115,32.1,2990
11243017103,3,,gs,R,29,29,-,128.7,36.9,3732
112430172,2,,gs,厚,-,-,-,-,-,-
112430180,2,,gs,厚,32,30,1,138.5,33.1,4431
112430190,2,,gs,M,36,35,1,154.7,41.9,5568
112430201,2,,gs,,49,48,-,144.8,40.8,7094
112430202,2,,gs,厚,34,34,-,138.5,39.6,4711
112430210,2,,gs,厚,17,16,-,156.6,45.1,2662
112430220,2,,gs,c,16,16,-,132.4,35.3,2118
112430230,2,,gs,厚Vc,51,51,-,134.9,39.8,6878
112430240,2,,gs,厚[Vc,53,53,-,134.5,39.2,7127
112430250,2,,gs,厚{,89,86,2,138.1,35.9,12291
112430260,2,,gs,厚,91,87,2,125.1,35.5,11386
112430270,2,@,gs,厚x,15,15,-,186.7,50.9,2801
112430280,2,*,gs,厚,,,,,,
112430291,2,,gs,g,986,731,240,96.2,31.5,94871
11243029101,3,,gs,gP,434,282,145,92,31.7,39907
11243029102,3,,gs,gQ,552,449,95,99.6,31.3,54963
112430292,2,,gs,厚g,633,578,49,113.4,34.7,71779
11243029251,3,,gs,厚g,141,131,9,105.7,33.9,14905
11243029252,3,,gs,厚g,87,79,8,108.3,34,9418
11243029254,3,,gs,厚g,61,54,5,125.6,34.4,7660
11243029255,3,,gs,厚g,92,79,13,117.6,44.2,10818
11243029268,3,,gs,厚g,252,235,14,115,32.9,28978
112430301,2,,gs,,387,213,165,91.4,32.3,35388
112430302,2,,gs,厚,1032,820,201,102.4,33,105703
11243030256,3,,gs,厚,58,36,22,93.9,33.6,5448
11243030257,3,,gs,厚,32,31,-,119,41,3809
11243030258,3,,gs,厚,30,19,10,104.3,46.7,3129
11243030260,3,,gs,厚,55,51,4,125.1,37,6882
11243030261,3,,gs,厚,96,69,26,105.6,32.9,10135
11243030262,3,,gs,厚,148,126,21,84.3,28.8,12483
11243030263,3,,gs,厚,196,154,42,108.5,33.8,21268
11243030264,3,,gs,厚,323,246,71,101.3,31.9,32731
11243030265,3,,gs,厚,94,88,5,104.5,32.6,9818
112430311,2,,gs,,765,422,308,67.4,27.9,51546
112430312,2,,gs,厚,2178,1633,493,85.1,30.9,185445
11243031264,3,,gs,厚,56,54,2,100.6,35.7,5635
11243031265,3,,gs,厚,45,30,13,80.4,32.6,3620
11243031271,3,,gs,厚,357,240,112,83.9,31.1,29960
11243031272,3,,gs,厚,316,203,109,80.1,29.5,25308
11243031273,3,,gs,厚,452,352,88,81,29.4,36629
11243031274,3,,gs,厚,335,258,73,87.3,32.8,29260
11243031275,3,,gs,厚,259,213,31,84.7,29.7,21930
11243031276,3,,gs,厚,358,283,65,92.5,32.1,33103
112430331,2,,gs,ؔ,634,183,426,62.6,28,39686
11243033101,3,,gs,ؔP,89,14,73,58.4,30.9,5199
11243033102,3,,gs,ؔQ,436,145,270,64.4,27.2,28089
11243033103,3,,gs,ؔR,109,24,83,58.7,29.2,6398
112430341,2,,gs,x,852,451,345,74.2,28,63261
11243034101,3,,gs,xP,551,270,247,68.6,26.6,37799
11243034102,3,,gs,xQ,301,181,98,84.6,30.3,25462
112430342,2,,gs,厚x,14,13,-,98.2,45.8,1375
112430351,2,,gs,v,932,578,332,88.8,31.6,82716
11243035101,3,,gs,vP,659,408,239,90.4,31.5,59559
11243035102,3,,gs,vQ,273,170,93,84.8,31.9,23158
112430352,2,,gs,厚v,37,25,12,128.7,51.7,4761
11243035282,3,,gs,厚v,21,21,-,125.4,38.7,2634
11243035284,3,,gs,厚v,16,4,12,132.9,88.6,2127
112430361,2,,gs,],808,619,164,96.9,31,78281
11243036101,3,,gs,]P,475,381,89,98.3,30.6,46674
11243036102,3,,gs,]Q,333,238,75,94.9,31.5,31607
112430362,2,,gs,厚],79,75,4,134.9,38.3,10660
11243036281,3,,gs,厚],-,-,-,-,-,-
11243036282,3,,gs,厚],79,75,4,134.9,38.3,10660
112430371,2,@,gs,,349,232,113,85.8,28.8,29931
11243037101,3,,gs,P,183,127,56,91.2,30.2,16685
11243037102,3,@,gs,Q,166,105,57,79.8,27.3,13246
112430372,2,*,gs,厚,,,,,,
112430380,2,,gs,厚xVc,70,69,-,127.2,36.8,8906
112430390,2,,gs,厚ؔVc,191,170,21,105.6,30.9,20169
112430400,2,,gs,,928,737,160,86.1,29.2,79923
11243040086,3,,gs,,430,309,102,83.3,29.1,35803
11243040087,3,,gs,,352,292,51,86,29.8,30257
11243040088,3,,gs,,146,136,7,94.9,27.9,13862
112430410,2,,gs,gcn,1831,-,-,50.8,19.9,93096
11243041001,3,,gs,gcn,183,-,-,50,17.9,9158
11243041002,3,,gs,gcn,426,-,-,49.1,19.7,20906
11243041003,3,,gs,gcn,225,-,-,49.1,20,11052
11243041004,3,,gs,gcn,514,-,-,52,20.5,26705
11243041005,3,,gs,gcn,483,-,-,52.3,20.3,25275
112430460,2,,gs,,199,191,8,62.1,24.4,12353
112430470,2,,gs,,-,-,-,-,-,-
112430480,2,,gs,h,1431,1247,156,84.3,30.2,120697
11243048001,3,,gs,h,411,345,61,87.6,32.3,35988
11243048002,3,,gs,h,272,207,62,81.5,31.2,22180
11243048003,3,,gs,h,280,248,16,94.4,33.2,26427
11243048008,3,,gs,h,167,159,6,63.3,24.3,10578
11243048009,3,,gs,h,301,288,11,84.8,27.1,25524
112430490,2,,gs,Vh,461,435,22,106.2,36.7,48964
11243049001,3,,gs,VhP,231,218,11,106.5,36,24607
11243049002,3,,gs,VhQ,230,217,11,105.9,37.5,24358
112430500,2,,gs,ݖ,1525,1455,57,112.7,34.8,171865
11243050001,3,,gs,ݖP,100,88,11,122,37.1,12198
11243050002,3,,gs,ݖQ,475,426,45,107.6,34.8,51090
11243050003,3,,gs,ݖR,281,277,1,123.2,36.2,34608
11243050004,3,,gs,ݖS,464,459,-,105.2,32.8,48801
11243050005,3,,gs,ݖT,205,205,-,122.8,36.1,25168
112430600,2,,gs,厚x,195,131,55,95.9,32.7,18693
