KEY_CODE,HYOSYO,HTKSYU,CITYNAME,NAME,T000055001,T000055002,T000055003,T000055004,T000055005,T000055006
,,,,,ZɏZވʐ,,c؉,Pѓ艄ʐ,Pl艄ʐ,ʐ
11301,1,,ɓޒ,,12421,9502,2614,95.8,33.2,1189668
113010010,2,,ɓޒ,厚,4454,3520,803,96.3,33.5,429040
11301001001,3,,ɓޒ,厚,337,261,31,108.2,37.6,36459
11301001002,3,,ɓޒ,厚,626,555,65,108.9,35.2,68176
11301001003,3,,ɓޒ,厚,453,285,149,85.8,30.8,38883
11301001004,3,,ɓޒ,厚,872,687,171,96.4,32.9,84050
11301001005,3,,ɓޒ,厚,645,485,146,102.9,34.6,66377
11301001006,3,,ɓޒ,厚,420,364,55,105,36,44093
11301001007,3,,ɓޒ,厚,336,169,155,79.7,30.9,26764
11301001008,3,,ɓޒ,厚,-,-,-,-,-,-
11301001009,3,,ɓޒ,厚,214,196,14,95.4,35.7,20414
11301001010,3,,ɓޒ,厚,551,518,17,79.5,29.4,43824
113010020,2,,ɓޒ,厚j,1462,1277,168,105.8,35.4,154746
11301002001,3,,ɓޒ,厚j,1043,890,142,107.9,35.5,112548
11301002002,3,,ɓޒ,厚j,419,387,26,100.7,35.2,42198
113010030,2,,ɓޒ,厚H,323,194,123,95.2,35.8,30743
113010040,2,,ɓޒ,厚jVh,688,614,63,111.4,35.6,76661
113010050,2,,ɓޒ,厚jh,1051,786,253,101.8,34.4,106944
113010060,2,,ɓޒ,h,1960,1485,406,90.4,31.2,177198
11301006001,3,,ɓޒ,hP,281,194,84,87,31.1,24451
11301006002,3,,ɓޒ,hQ,234,196,37,91.6,31.8,21434
11301006003,3,,ɓޒ,hR,200,166,26,92.7,31.2,18545
11301006004,3,,ɓޒ,hS,456,360,70,91.5,30.9,41741
11301006005,3,,ɓޒ,hT,460,320,121,86.9,30.6,39956
11301006006,3,,ɓޒ,hU,329,249,68,94.4,32.3,31072
113010070,2,,ɓޒ,,1351,751,568,85.2,31.7,115052
11301007001,3,,ɓޒ,P,541,285,240,82.6,31,44671
11301007002,3,,ɓޒ,Q,355,244,106,93.8,33.4,33284
11301007003,3,,ɓޒ,R,290,123,159,76.7,30.6,22240
11301007004,3,,ɓޒ,S,145,86,57,89.2,32.2,12933
11301007005,3,,ɓޒ,T,20,13,6,96.2,30.5,1924
113010080,2,,ɓޒ,{,1022,777,223,89,31,90935
11301008001,3,,ɓޒ,{P,412,306,93,93.5,33.5,38523
11301008002,3,,ɓޒ,{Q,320,264,53,88.6,30.5,28366
11301008003,3,,ɓޒ,{R,290,207,77,82.9,28.2,24046
113010090,2,,ɓޒ,厚jh,110,98,7,75.9,29.2,8349
