KEY_CODE,HYOSYO,HTKSYU,CITYNAME,NAME,T000055001,T000055002,T000055003,T000055004,T000055005,T000055006
,,,,,ZɏZވʐ,,c؉,Pѓ艄ʐ,Pl艄ʐ,ʐ
11442,1,,{㒬,,12939,9086,3451,89.1,33.5,1152317
114420010,2,,{㒬,,319,272,34,106.4,35.8,33955
114420020,2,,{㒬,,161,158,2,115.3,32.7,18555
114420030,2,,{㒬,,166,139,24,110.9,33.6,18402
114420040,2,,{㒬,t,55,54,1,133.7,36,7351
114420050,2,,{㒬,R,236,219,10,112.6,36.8,26568
114420060,2,,{㒬,,273,254,7,112.5,35.1,30714
114420070,2,,{㒬,P{,233,195,35,108.4,35.1,25254
114420080,2,,{㒬,[,74,64,10,108.4,38.2,8023
114420090,2,,{㒬,{,235,220,11,122.4,36.3,28755
114420100,2,,{㒬,,581,394,175,89.1,32.5,51748
114420110,2,,{㒬,,352,254,88,84.4,33.6,29708
114420120,2,,{㒬,S,7,7,-,124,36.2,868
114420130,2,,{㒬,S,940,539,329,84.1,33,79023
11442013001,3,,{㒬,SԂP,113,54,55,84.2,35.7,9509
11442013002,3,,{㒬,SԂQ,99,57,11,87.5,31.8,8661
11442013003,3,,{㒬,SԂR,136,95,34,100.5,41.3,13675
11442013004,3,,{㒬,SԂS,196,88,91,76,29.3,14895
11442013005,3,,{㒬,SԂT,206,117,83,78.7,32.1,16222
11442013006,3,,{㒬,SԂU,190,128,55,84.5,31.2,16062
114420140,2,,{㒬,,637,262,350,66.4,31.6,42288
11442014001,3,,{㒬,P,-,-,-,-,-,-
11442014002,3,,{㒬,Q,389,195,175,74.3,32.3,28914
11442014003,3,,{㒬,R,248,67,175,53.9,30.1,13374
114420150,2,,{㒬,{,682,458,198,83.8,32.4,57124
11442015001,3,,{㒬,{P,296,199,84,79.7,30.7,23601
11442015002,3,,{㒬,{Q,168,101,60,80.1,31.5,13454
11442015003,3,,{㒬,{R,218,158,54,92.1,35.5,20069
114420160,2,,{㒬,{c,1399,444,927,54.4,29.1,76166
11442016001,3,,{㒬,{cP,254,69,183,55.2,28.9,14009
11442016002,3,,{㒬,{cQ,343,83,252,43.9,28.2,15063
11442016003,3,,{㒬,{cR,77,27,49,62.7,33.1,4826
11442016004,3,,{㒬,{cS,266,84,177,54.5,27.5,14486
11442016005,3,,{㒬,{cT,459,181,266,60.5,30,27782
114420170,2,,{㒬,厚H,246,188,48,97.6,34.2,24000
114420180,2,,{㒬,厚H,274,258,10,122.4,39.1,33550
114420190,2,,{㒬,厚{,530,388,129,95.9,34.6,50824
114420200,2,,{㒬,厚a,587,566,18,112.5,34.1,66028
114420210,2,,{㒬,厚[,235,200,33,102.2,33.2,24028
114420220,2,,{㒬,a,1125,864,222,87.3,32.2,98234
11442022001,3,,{㒬,a˂P,218,136,70,82.9,32.3,18077
11442022002,3,,{㒬,a˂Q,167,135,26,86.5,32.1,14453
11442022003,3,,{㒬,a˂R,159,131,24,94.9,32.1,15082
11442022004,3,,{㒬,a˂S,326,250,67,87.1,32.7,28398
11442022005,3,,{㒬,a˂T,255,212,35,87.2,31.8,22224
114420230,2,,{㒬,{,787,726,47,107.3,38.2,84451
11442023001,3,,{㒬,{P,278,252,20,103.9,37,28876
11442023002,3,,{㒬,{Q,201,185,12,109.5,38.6,22005
11442023003,3,,{㒬,{R,308,289,15,109,39.1,33570
114420240,2,,{㒬,w,522,472,30,106.2,39.1,55459
11442024001,3,,{㒬,wP,203,179,17,103.9,38.3,21086
11442024002,3,,{㒬,wQ,182,167,11,110.8,38.9,20166
11442024003,3,@,{㒬,wR,137,126,2,103.7,40.6,14207
11442024004,3,*,{㒬,wS,,,,,,
114420250,2,,{㒬,},283,58,203,49.1,27,13883
11442025001,3,,{㒬,}P,107,6,91,43.8,25.5,4684
11442025002,3,,{㒬,}Q,176,52,112,52.3,27.8,9199
114420260,2,,{㒬,[,1218,816,358,81.5,31.4,99241
11442026001,3,,{㒬,[P,344,225,108,83.9,32,28864
11442026002,3,,{㒬,[Q,315,211,90,82.3,31.8,25914
11442026003,3,,{㒬,[R,335,244,77,82.2,31.5,27522
11442026004,3,,{㒬,[S,224,136,83,75.6,29.9,16941
114420270,2,,{㒬,P{,782,617,152,87.1,32.1,68120
11442027001,3,,{㒬,P{P,418,326,86,79.7,28.9,33311
11442027002,3,,{㒬,P{Q,364,291,66,95.6,35.9,34809
