KEY_CODE,HYOSYO,HTKSYU,CITYNAME,NAME,T000055001,T000055002,T000055003,T000055004,T000055005,T000055006
,,,,,ZɏZވʐ,,c؉,Pѓ艄ʐ,Pl艄ʐ,ʐ
11225,1,,Ԏs,,52926,38928,10191,85.9,31,4548263
112250010,2,,Ԏs,厚,328,21,-,52.5,24.1,17217
112250020,2,,Ԏs,L,3520,2505,649,71.1,28.4,250362
11225002001,3,,Ԏs,LP,1635,1224,220,69.7,28.3,113889
11225002002,3,,Ԏs,LQ,445,226,84,73.4,28.8,32684
11225002003,3,,Ԏs,LR,324,234,87,77.4,30.8,25073
11225002004,3,,Ԏs,LS,287,164,114,73.4,32.6,21059
11225002005,3,,Ԏs,LT,829,657,144,69.6,26,57658
112250030,2,,Ԏs,,1899,1081,422,75.2,28,142814
11225003001,3,,Ԏs,P,442,244,125,73.4,28.5,32446
11225003002,3,,Ԏs,Q,442,107,71,62,25.9,27401
11225003003,3,,Ԏs,R,203,155,44,87.3,30.6,17714
11225003004,3,,Ԏs,S,499,350,113,79.8,27.1,39825
11225003005,3,,Ԏs,T,313,225,69,81.2,29.5,25427
112250040,2,,Ԏs,厚PVc,54,53,-,93.1,28.9,5027
112250050,2,,Ԏs,,2965,2117,633,85.8,30.6,254270
11225005001,3,,Ԏs,P,413,231,151,80.2,31.6,33131
11225005002,3,,Ԏs,Q,253,185,65,88.4,32,22360
11225005003,3,,Ԏs,R,263,168,73,82.8,28,21777
11225005004,3,,Ԏs,S,706,431,141,81.8,28.5,57740
11225005005,3,,Ԏs,T,606,545,56,82.6,29.3,50027
11225005006,3,,Ԏs,U,206,169,35,94,31.7,19357
11225005007,3,,Ԏs,V,518,388,112,96.3,34.6,49878
112250060,2,,Ԏs,,1730,1279,381,86.4,30.9,149514
11225006001,3,,Ԏs,P,277,196,76,86.9,32.5,24082
11225006002,3,,Ԏs,Q,300,249,35,93.6,31.1,28080
11225006003,3,,Ԏs,R,265,165,86,82.4,29.4,21824
11225006004,3,,Ԏs,S,223,208,14,99,31.8,22067
11225006005,3,,Ԏs,T,383,257,107,79.2,31.3,30322
11225006006,3,,Ԏs,U,282,204,63,82.1,29.1,23140
112250070,2,@,Ԏs,vۈ,2360,1698,617,85.9,30.4,202613
11225007001,3,,Ԏs,vۈׂP,858,736,111,89.5,30.4,76772
11225007002,3,,Ԏs,vۈׂQ,255,160,92,82.9,32.2,21129
11225007003,3,,Ԏs,vۈׂR,372,231,130,83,29.3,30891
11225007004,3,,Ԏs,vۈׂS,478,317,148,84.1,30.9,40212
11225007005,3,@,Ԏs,vۈׂT,397,254,136,84.7,29.7,33610
112250080,2,*,Ԏs,厚{,,,,,,
112250090,2,,Ԏs,{,901,443,233,64.5,29.1,58140
11225009001,3,,Ԏs,{P,588,267,112,55.4,27.8,32602
11225009002,3,,Ԏs,{Q,313,176,121,81.6,30.8,25538
112250100,2,,Ԏs,͌,347,209,126,76.7,31.2,26608
112250110,2,,Ԏs,t,1394,1027,342,76,29.1,106000
11225011001,3,,Ԏs,tP,451,281,158,82.5,29.8,37199
11225011002,3,,Ԏs,tQ,943,746,184,73,28.7,68801
112250120,2,,Ԏs,{O,511,388,114,89.4,32.6,45685
112250130,2,,Ԏs,R,1208,850,258,84.3,30.9,101837
11225013001,3,,Ԏs,RP,364,224,90,85.4,32.6,31094
11225013002,3,,Ԏs,RQ,554,375,147,83.4,31.4,46229
11225013003,3,,Ԏs,RR,290,251,21,84.5,28,24514
112250140,2,,Ԏs,q,2376,1763,379,77.7,28.1,184537
11225014001,3,,Ԏs,qP,760,570,169,74.6,27.8,56726
11225014002,3,,Ԏs,qQ,506,390,107,75,27.7,37936
11225014003,3,,Ԏs,qR,342,305,30,79.9,28.2,27310
11225014004,3,,Ԏs,qS,416,196,44,76.2,27.4,31684
11225014005,3,,Ԏs,qT,352,302,29,87.7,29.8,30881
112250150,2,,Ԏs,z,895,394,14,69.9,23.9,62561
11225015001,3,,Ԏs,zP,895,394,14,69.9,23.9,62561
11225015002,3,,Ԏs,zQ,-,-,-,-,-,-
112250160,2,,Ԏs,,310,226,78,86.4,29.6,26769
112250170,2,,Ԏs,Jc,1628,1339,236,90.6,31.5,147449
11225017001,3,,Ԏs,JcP,872,707,136,90.3,31.7,78740
11225017002,3,,Ԏs,JcQ,340,290,36,84.5,30,28746
11225017003,3,,Ԏs,JcR,316,271,36,96.4,32.1,30450
11225017004,3,,Ԏs,JcS,100,71,28,95.1,33.9,9513
112250180,2,,Ԏs,㏬Jc,307,279,19,75,27.5,23011
11225018001,3,,Ԏs,㏬JcP,215,200,14,60.9,24.2,13089
11225018002,3,,Ԏs,㏬JcQ,28,28,-,105.1,28,2944
11225018003,3,,Ԏs,㏬JcR,64,51,5,109,36.5,6978
112250190,2,,Ԏs,X,66,56,9,92,33,6075
112250200,2,,Ԏs,厚Jc,2089,1705,239,95.1,32.7,198726
112250210,2,,Ԏs,厚Vv,1468,1351,103,114.8,39.6,168482
112250220,2,,Ԏs,厚RP,23,14,7,102.4,44.4,2355
112250230,2,,Ԏs,厚ؘ@,198,192,3,129,37.7,25546
112250240,2,,Ԏs,厚,1176,986,167,94.5,31.7,111094
112250250,2,,Ԏs,厚|,675,550,104,102.1,32.4,68919
112250260,2,,Ԏs,厚Oc,129,123,6,116.8,36.4,15073
112250270,2,,Ԏs,厚JP,181,168,8,125,37.5,22625
112250280,2,,Ԏs,厚JP,167,160,1,122.2,35,20415
112250290,2,,Ԏs,厚ԃm,89,76,3,114.6,36.7,10200
112250300,2,,Ԏs,厚_,229,194,30,114.6,36.7,26246
112250310,2,,Ԏs,厚,89,88,-,135,38.8,12016
112250320,2,,Ԏs,{,2945,2533,278,106.4,35,313348
112250330,2,,Ԏs,厚{,385,372,8,127.6,38.4,49116
112250340,2,,Ԏs,厚R,132,76,55,78.3,33.2,10336
112250350,2,,Ԏs,厚㓡,3115,2409,443,84.6,28.8,263406
11225035000,3,,Ԏs,厚㓡,81,41,40,79.4,26.5,6432
11225035001,3,,Ԏs,厚㓡,2742,2210,359,85.2,29,233709
11225035002,3,,Ԏs,厚㓡,292,158,44,79.7,28.3,23265
112250360,2,,Ԏs,厚,4422,2868,1317,80,29.4,353859
11225036000,3,,Ԏs,厚,4304,2836,1264,80.4,29.5,346214
11225036001,3,,Ԏs,厚,118,32,53,64.8,25.8,7645
112250370,2,,Ԏs,,4201,3234,865,81.2,31.5,341199
11225037001,3,,Ԏs,P,663,542,111,82.2,30.5,54486
11225037002,3,,Ԏs,Q,343,277,61,79.5,32.4,27255
11225037003,3,,Ԏs,R,439,313,107,74.3,30.2,32633
11225037004,3,,Ԏs,S,305,232,71,85.6,33.8,26096
11225037005,3,,Ԏs,T,648,500,133,83.6,33.3,54201
11225037006,3,,Ԏs,U,485,329,142,77,31.3,37331
11225037007,3,,Ԏs,V,706,559,138,80.9,30.9,57105
11225037008,3,,Ԏs,W,612,482,102,85.1,30.8,52093
112250380,2,,Ԏs,厚q,3845,2511,1234,73.7,29.9,283536
112250390,2,,Ԏs,厚c,3115,2218,754,88.4,31.6,275217
112250400,2,,Ԏs,厚V,1057,1009,34,120.2,38.3,127082
112250410,2,,Ԏs,Ocؑ,203,172,20,93.7,30.7,19026
112250420,2,,Ԏs,q,194,191,2,102.9,30.4,19955
