KEY_CODE,HYOSYO,HTKSYU,CITYNAME,NAME,T000055001,T000055002,T000055003,T000055004,T000055005,T000055006
,,,,,ZɏZވʐ,,c؉,Pѓ艄ʐ,Pl艄ʐ,ʐ
11221,1,,s,,91478,55708,25938,74.9,29.6,6851247
112210010,2,,s,,1933,1374,474,69.1,28.9,133505
11221001001,3,,s,P,919,647,237,69.6,28.9,63917
11221001002,3,,s,Q,1014,727,237,68.6,28.9,69588
112210020,2,,s,Zg,1251,726,463,76.2,32,95351
11221002001,3,,s,ZgP,766,497,227,79.1,32.8,60594
11221002002,3,,s,ZgQ,485,229,236,71.7,30.8,34757
112210030,2,,s,_,850,560,228,79.1,32.5,67213
11221003001,3,,s,_P,528,354,148,80.1,33.3,42318
11221003002,3,,s,_Q,322,206,80,77.3,31.2,24895
112210040,2,,s,g,3261,2088,1057,76.8,30.9,250539
11221004001,3,,s,gP,500,344,138,80.1,32.8,40038
11221004002,3,,s,gQ,728,458,249,74.7,31,54409
11221004003,3,,s,gR,856,534,274,75.1,29.3,64296
11221004004,3,,s,gS,383,224,150,80.6,30.7,30887
11221004005,3,,s,gT,794,528,246,76.7,31.7,60909
112210050,2,,s,X쒬,5458,2674,2356,67,30.5,365929
11221005001,3,,s,X쒬,3906,1964,1650,67.4,30.5,263299
11221005002,3,,s,X쒬,1552,710,706,66.1,30.5,102629
112210060,2,,s,,2981,2043,858,83.2,30.6,248136
112210070,2,,s,,2643,1159,1207,64.7,28.6,171124
11221007001,3,,s,P,549,210,325,59.5,29,32681
11221007002,3,,s,Q,515,299,187,80,32,41214
11221007003,3,,s,R,715,328,365,61.2,27.9,43735
11221007004,3,,s,S,571,193,171,62.3,24.3,35554
11221007005,3,,s,T,293,129,159,61.2,32.9,17940
112210080,2,,s,h,2876,1867,772,66.9,27.9,192483
11221008001,3,,s,hP,329,263,61,68.6,27.7,22572
11221008002,3,,s,hQ,1310,909,369,68.1,27.4,89233
11221008003,3,,s,hR,1237,695,342,65.2,28.5,80679
112210090,2,,s,,5232,392,302,45.2,22.7,236569
11221009001,3,,s,P,837,-,-,45.3,26,37900
11221009002,3,,s,Q,1328,-,-,39.6,20.7,52629
11221009003,3,,s,R,1010,1,-,44.4,20,44803
11221009004,3,,s,S,1519,104,64,42.4,21.9,64478
11221009005,3,,s,T,538,287,238,68.3,30,36760
112210100,2,,s,],1389,856,395,75.7,29.8,105086
11221010001,3,,s,]P,583,354,179,67.1,28.6,39112
11221010002,3,,s,]Q,214,119,23,92,29.6,19683
11221010003,3,@,s,]R,364,261,97,80.5,31.7,29291
11221010004,3,*,s,]S,,,,,,
11221010005,3,,s,]T,19,14,2,104.5,38.9,1986
11221010006,3,,s,]U,209,108,94,71.8,28.5,15014
112210110,2,,s,,1343,405,383,67.2,30.6,90307
11221011001,3,,s,P,284,142,136,76.8,34,21821
11221011002,3,,s,Q,1059,263,247,64.7,29.6,68486
112210120,2,,s,㒬,1889,1298,531,84.5,30.1,159546
112210130,2,,s,蒬,5526,3408,1841,72.4,29.3,400154
11221013001,3,,s,蒬,3693,2308,1157,76,29.5,280851
11221013002,3,,s,蒬,1833,1100,684,65.1,28.6,119302
112210140,2,,s,J˒,6863,3765,2547,70.4,29.5,483184
11221014001,3,,s,J˒,4220,2313,1600,69.5,29.4,293438
11221014002,3,,s,J˒,2643,1452,947,71.8,29.7,189746
112210150,2,,s,J˒,728,519,195,81.7,30.9,59470
112210160,2,,s,Jˏ㒬,1287,828,429,82.3,31,105919
112210170,2,,s,Vc,475,349,112,82.5,31.9,39211
112210180,2,,s,Vc,700,517,171,85.8,31.8,60046
112210190,2,,s,V,2386,1829,493,88.6,31.3,211328
112210200,2,,s,,1808,1260,413,78.5,28.4,141979
112210210,2,,s,Vn,1393,892,401,78.9,27.9,109932
112210220,2,,s,,3367,2202,1090,76.2,29.3,256472
112210230,2,,s,ٓV,2711,1561,959,72.9,29.5,197546
11221023001,3,,s,ٓVP,643,366,260,71.5,30.2,45992
11221023002,3,,s,ٓVQ,743,317,402,64.5,28.5,47925
11221023003,3,,s,ٓVR,-,-,-,-,-,-
11221023004,3,,s,ٓVS,341,280,34,89.8,31.4,30608
11221023005,3,,s,ٓVT,574,384,178,79,30.1,45370
11221023006,3,,s,ٓVU,410,214,85,67.4,27.2,27651
112210240,2,,s,,1648,1000,604,73.7,28.9,121431
11221024001,3,,s,P,553,299,241,69.8,28.9,38602
11221024002,3,,s,Q,568,326,235,76.3,29.8,43356
11221024003,3,,s,R,527,375,128,74.9,28.1,39473
112210250,2,,s,,3682,2185,1109,68.4,28.4,251991
11221025001,3,,s,P,83,15,66,68,29,5646
11221025002,3,,s,Q,636,375,126,74.3,27.5,47244
11221025003,3,,s,R,614,396,133,57.5,25.6,35304
11221025004,3,,s,S,549,236,298,69.8,29.9,38303
11221025005,3,,s,T,816,555,237,73.1,29.9,59624
11221025006,3,,s,U,984,608,249,66.9,28.6,65871
112210260,2,,s,,3312,1812,1338,73.2,30.6,242490
112210270,2,,s,h,1740,1379,337,92.8,30.8,161483
112210280,2,,s,Vh,2819,2429,357,75.7,27.5,213496
112210290,2,,s,咬,1570,1209,334,84.7,30.4,132953
112210300,2,,s,VP,1607,1014,519,77.1,29.3,123822
112210311,2,,s,,5223,3922,1074,87.6,30.3,457432
11221031101,3,,s,P,-,-,-,-,-,-
11221031102,3,,s,Q,371,285,59,90.8,31.6,33681
11221031103,3,,s,R,524,334,169,82.6,29.5,43296
11221031104,3,,s,S,524,376,138,87,30.7,45581
11221031105,3,,s,T,757,583,162,84.7,30.1,64131
11221031106,3,,s,U,976,745,139,86.9,28.5,84815
11221031107,3,,s,V,1103,888,197,90,30.2,99315
11221031108,3,,s,W,968,711,210,89.5,32.1,86613
112210312,2,,s,,37,33,4,111.1,45.7,4110
112210320,2,,s,`ؒ,521,492,13,122.5,39.3,63814
112210330,2,,s,,2936,1989,731,88,30.9,258499
11221033001,3,,s,ׂP,51,22,23,90.2,36.5,4600
11221033002,3,,s,ׂQ,640,523,100,89.8,30.5,57477
11221033003,3,,s,ׂR,580,324,241,86.4,31.2,50087
11221033004,3,,s,ׂS,726,519,159,95.8,31.8,69521
11221033005,3,,s,ׂT,403,256,122,88.6,31.6,35708
11221033006,3,,s,ׂU,536,345,86,76.7,28.8,41106
112210340,2,,s,w,-,-,-,-,-,-
112210350,2,,s,ԌI,2776,1790,724,71.8,28.4,199445
11221035001,3,,s,ԌIP,1032,807,210,75.8,28.8,78248
11221035002,3,,s,ԌIQ,141,114,27,86,29.4,12119
11221035003,3,,s,ԌIR,787,410,135,67.2,27,52914
11221035004,3,,s,ԌIS,816,459,352,68.8,29.1,56164
112210360,2,,s,c˒,935,787,122,88.7,29.7,82939
112210370,2,,s,R,1125,840,251,82.1,30,92312
11221037001,3,,s,RP,579,402,147,81.7,30.6,47306
11221037002,3,,s,RQ,546,438,104,82.4,29.4,45006
112210381,2,@,s,kJ,2350,1707,597,82.6,31.6,194201
11221038101,3,,s,kJP,707,578,110,81,31.3,57267
11221038102,3,,s,kJQ,816,527,272,84,32.6,68577
11221038103,3,@,s,kJR,827,602,215,82.7,31,68356
112210382,2,*,s,kJ,,,,,,
112210390,2,,s,,847,548,147,82.4,29.4,69804
11221039001,3,,s,P,453,273,81,82.9,29,37567
11221039002,3,,s,Q,106,87,18,84.9,29.4,8999
11221039003,3,,s,R,288,188,48,80.7,30.2,23238
